makerom,0,4192,0,0
boot,4192,31056,4192,0
dmadata,31056,55488,31056,0
Audiobank,55488,235136,55488,0
Audioseq,235136,561408,235136,0
Audiotable,561408,5088400,561408,0
link_animetion,5088400,7602368,5088400,0
icon_item_static,7606272,8170656,7602368,0
icon_item_24_static,8171520,8217600,8166752,0
icon_item_field_static,8220672,8268080,8212832,8240064
icon_item_dungeon_static,8269824,8277376,8240064,8241632
icon_item_gameover_static,8278016,8293504,8241632,8248352
icon_item_nes_static,8294400,8350848,8248352,8271360
icon_item_ger_static,8351744,8412032,8271360,8293888
icon_item_fra_static,8413184,8475776,8293888,8316704
item_name_static,8478720,8856576,8316704,0
map_name_static,8859648,9065472,8694560,0
do_action_static,9068544,9101952,8900384,0
message_static,9105408,9122176,8933792,0
message_texture_static,9125888,9130496,8950560,0
nes_font_static,9134080,9151872,8955168,0
nes_message_data_static,9154560,9384224,8972960,0
ger_message_data_static,9388032,9632160,9202624,0
fra_message_data_static,9633792,9859856,9446752,0
staff_message_data_static,9863168,9867088,9672816,0
map_grand_static,9867264,9925456,9676736,0
map_i_static,9928704,10903824,9734928,0
map_48x85_static,10907648,11046368,10710048,0
code,11046912,12100848,10848768,11479936
n64dd,12100848,12177792,11479936,11520144
ovl_title,12177792,12180288,11520144,11522128
ovl_select,12180288,12191904,11522128,11529136
ovl_opening,12191904,12192256,11529136,11529440
ovl_file_choose,12192256,12259552,11529440,11567904
ovl_kaleido_scope,12259552,12377312,11567904,11629792
ovl_player_actor,12377312,12534672,11629792,11732960
ovl_map_mark_data,12534672,12562160,11732960,11733904
ovl_En_Test,12562160,12584864,11733904,11747424
ovl_En_GirlA,12584864,12595392,11747424,11752656
ovl_En_Part,12595392,12601040,11752656,11756800
ovl_En_Light,12601040,12604608,11756800,11759296
ovl_En_Door,12604608,12608256,11759296,11762304
ovl_En_Box,12608256,12615216,11762304,11767136
ovl_En_Poh,12615216,12632000,11767136,11778016
ovl_En_Okuta,12632000,12641696,11778016,11784736
ovl_En_Bom,12641696,12645488,11784736,11787728
ovl_En_Wallmas,12645488,12652160,11787728,11792240
ovl_En_Dodongo,12652160,12663840,11792240,11800240
ovl_En_Firefly,12663840,12672400,11800240,11806000
ovl_En_Horse,12672400,12722160,11806000,11836720
ovl_En_Arrow,12722160,12728032,11836720,11840944
ovl_En_Elf,12728032,12746912,11840944,11853152
ovl_En_Niw,12746912,12760016,11853152,11862592
ovl_En_Tite,12760016,12771696,11862592,11869440
ovl_En_Reeba,12771696,12778464,11869440,11874304
ovl_En_Peehat,12778464,12792544,11874304,11883216
ovl_En_Holl,12792544,12796592,11883216,11886192
ovl_En_Scene_Change,12796592,12796896,11886192,11886432
ovl_En_Zf,12796896,12824272,11886432,11903952
ovl_En_Hata,12824272,12825696,11903952,11905232
ovl_Boss_Dodongo,12825696,12865344,11905232,11930480
ovl_Boss_Goma,12865344,12889792,11930480,11945248
ovl_En_Zl1,12889792,12905664,11945248,11953232
ovl_En_Viewer,12905664,12917616,11953232,11961216
ovl_En_Goma,12917616,12929024,11961216,11968800
ovl_Bg_Pushbox,12929024,12929792,11968800,11969456
ovl_En_Bubble,12929792,12934944,11969456,11973392
ovl_Door_Shutter,12934944,12943776,11973392,11979728
ovl_En_Dodojr,12943776,12951616,11979728,11985184
ovl_En_Bdfire,12951616,12954576,11985184,11987472
ovl_En_Boom,12954576,12956816,11987472,11989328
ovl_En_Torch2,12956816,12966896,11989328,11996656
ovl_En_Bili,12966896,12975808,11996656,12002848
ovl_En_Tp,12975808,12983568,12002848,12008512
ovl_En_St,12983568,12994944,12008512,12016416
ovl_En_Bw,12994944,13008112,12016416,12025280
ovl_En_Eiyer,13008112,13015376,12025280,12030448
ovl_En_River_Sound,13015376,13017824,12030448,12032464
ovl_En_Horse_Normal,13017824,13027584,12032464,12038704
ovl_En_Ossan,13027584,13053664,12038704,12053008
ovl_Bg_Treemouth,13053664,13059392,12053008,12056080
ovl_Bg_Dodoago,13059392,13062784,12056080,12058736
ovl_Bg_Hidan_Dalm,13062784,13064912,12058736,12060368
ovl_Bg_Hidan_Hrock,13064912,13067008,12060368,12062016
ovl_En_Horse_Ganon,13067008,13070464,12062016,12064688
ovl_Bg_Hidan_Rock,13070464,13074800,12064688,12067968
ovl_Bg_Hidan_Rsekizou,13074800,13077840,12067968,12070256
ovl_Bg_Hidan_Sekizou,13077840,13083040,12070256,12074224
ovl_Bg_Hidan_Sima,13083040,13086912,12074224,12077296
ovl_Bg_Hidan_Syoku,13086912,13088032,12077296,12078080
ovl_En_Xc,13088032,13114496,12078080,12091536
ovl_Bg_Hidan_Curtain,13114496,13117216,12091536,12093648
ovl_Bg_Spot00_Hanebasi,13117216,13121584,12093648,12097184
ovl_En_Mb,13121584,13138496,12097184,12108176
ovl_En_Bombf,13138496,13143728,12108176,12112256
ovl_Bg_Hidan_Firewall,13143728,13145616,12112256,12113824
ovl_Bg_Dy_Yoseizo,13145616,13157392,12113824,12121824
ovl_En_Zl2,13157392,13175616,12121824,12130992
ovl_Bg_Hidan_Fslift,13175616,13176848,12130992,12131936
ovl_En_OE2,13176848,13177072,12131936,12132080
ovl_Bg_Ydan_Hasi,13177072,13179040,12132080,12133648
ovl_Bg_Ydan_Maruta,13179040,13180800,12133648,12135056
ovl_Boss_Ganondrof,13180800,13200624,12135056,12148224
ovl_En_Am,13200624,13209840,12148224,12154416
ovl_En_Dekubaba,13209840,13224848,12154416,12164128
ovl_En_M_Fire1,13224848,13225264,12164128,12164464
ovl_En_M_Thunder,13225264,13230880,12164464,12168560
ovl_Bg_Ddan_Jd,13230880,13232496,12168560,12169840
ovl_Bg_Breakwall,13232496,13236192,12169840,12172752
ovl_En_Jj,13236192,13241776,12172752,12175904
ovl_En_Horse_Zelda,13241776,13244576,12175904,12178160
ovl_Bg_Ddan_Kd,13244576,13246864,12178160,12179920
ovl_Door_Warp1,13246864,13263920,12179920,12189968
ovl_Obj_Syokudai,13263920,13267040,12189968,12192576
ovl_Item_B_Heart,13267040,13268048,12192576,12193456
ovl_En_Dekunuts,13268048,13274192,12193456,12197472
ovl_Bg_Menkuri_Kaiten,13274192,13274592,12197472,12197824
ovl_Bg_Menkuri_Eye,13274592,13275760,12197824,12198832
ovl_En_Vali,13275760,13285648,12198832,12205648
ovl_Bg_Mizu_Movebg,13285648,13290144,12205648,12208944
ovl_Bg_Mizu_Water,13290144,13293424,12208944,12211248
ovl_Arms_Hook,13293424,13296848,12211248,12213952
ovl_En_fHG,13296848,13307392,12213952,12220928
ovl_Bg_Mori_Hineri,13307392,13310720,12220928,12223376
ovl_En_Bb,13310720,13326288,12223376,12234560
ovl_Bg_Toki_Hikari,13326288,13329776,12234560,12236672
ovl_En_Yukabyun,13329776,13331328,12236672,12238032
ovl_Bg_Toki_Swd,13331328,13337040,12238032,12240656
ovl_En_Fhg_Fire,13337040,13346800,12240656,12247696
ovl_Bg_Mjin,13346800,13347792,12247696,12248544
ovl_Bg_Hidan_Kousi,13347792,13349200,12248544,12249616
ovl_Door_Toki,13349200,13349552,12249616,12249904
ovl_Bg_Hidan_Hamstep,13349552,13353312,12249904,12252768
ovl_En_Bird,13353312,13354528,12252768,12253760
ovl_En_Wood02,13354528,13359088,12253760,12257408
ovl_En_Lightbox,13359088,13360240,12257408,12258384
ovl_En_Pu_box,13360240,13361072,12258384,12259120
ovl_En_Trap,13361072,13365840,12259120,12262256
ovl_En_Arow_Trap,13365840,13366176,12262256,12262576
ovl_En_Vase,13366176,13366432,12262576,12262800
ovl_En_Ta,13366432,13381216,12262800,12271808
ovl_En_Tk,13381216,13388944,12271808,12277488
ovl_Bg_Mori_Bigst,13388944,13391296,12277488,12279152
ovl_Bg_Mori_Elevator,13391296,13394096,12279152,12281024
ovl_Bg_Mori_Kaitenkabe,13394096,13395728,12281024,12282384
ovl_Bg_Mori_Rakkatenjo,13395728,13398144,12282384,12284112
ovl_En_Vm,13398144,13404464,12284112,12288608
ovl_Demo_Effect,13404464,13427760,12288608,12303856
ovl_Demo_Kankyo,13427760,13443296,12303856,12313248
ovl_Bg_Hidan_Fwbig,13443296,13446592,12313248,12315888
ovl_En_Floormas,13446592,13459872,12315888,12324096
ovl_En_Heishi1,13459872,13465264,12324096,12327760
ovl_En_Rd,13465264,13475680,12327760,12334448
ovl_En_Po_Sisters,13475680,13495376,12334448,12347280
ovl_Bg_Heavy_Block,13495376,13501760,12347280,12351936
ovl_Bg_Po_Event,13501760,13509488,12351936,12357648
ovl_Obj_Mure,13509488,13513600,12357648,12360512
ovl_En_Sw,13513600,13527792,12360512,12370832
ovl_Boss_Fd,13527792,13557280,12370832,12390560
ovl_Object_Kankyo,13557280,13570112,12390560,12399712
ovl_En_Du,13570112,13576928,12399712,12404320
ovl_En_Fd,13576928,13588384,12404320,12412768
ovl_En_Horse_Link_Child,13588384,13596064,12412768,12417376
ovl_Door_Ana,13596064,13597712,12417376,12418736
ovl_Bg_Spot02_Objects,13597712,13602656,12418736,12422224
ovl_Bg_Haka,13602656,13604384,12422224,12423680
ovl_Magic_Wind,13604384,13611808,12423680,12430224
ovl_Magic_Fire,13611808,13620720,12430224,12438192
ovl_En_Ru1,13620720,13651088,12438192,12453984
ovl_Boss_Fd2,13651088,13666752,12453984,12465088
ovl_En_Fd_Fire,13666752,13670096,12465088,12467856
ovl_En_Dh,13670096,13676960,12467856,12472848
ovl_En_Dha,13676960,13681056,12472848,12475872
ovl_En_Rl,13681056,13684864,12475872,12478224
ovl_En_Encount1,13684864,13687776,12478224,12480624
ovl_Demo_Du,13687776,13702080,12480624,12487600
ovl_Demo_Im,13702080,13718320,12487600,12495696
ovl_Demo_Tre_Lgt,13718320,13720128,12495696,12497216
ovl_En_Fw,13720128,13726192,12497216,12502128
ovl_Bg_Vb_Sima,13726192,13728000,12502128,12503728
ovl_En_Vb_Ball,13728000,13732512,12503728,12507152
ovl_Bg_Haka_Megane,13732512,13733536,12507152,12508000
ovl_Bg_Haka_MeganeBG,13733536,13735264,12508000,12509360
ovl_Bg_Haka_Ship,13735264,13737888,12509360,12511424
ovl_Bg_Haka_Sgami,13737888,13740992,12511424,12513856
ovl_En_Heishi2,13740992,13749696,12513856,12519152
ovl_En_Encount2,13749696,13754352,12519152,12522736
ovl_En_Fire_Rock,13754352,13758720,12522736,12525920
ovl_En_Brob,13758720,13763056,12525920,12529056
ovl_Mir_Ray,13763056,13769392,12529056,12534176
ovl_Bg_Spot09_Obj,13769392,13770688,12534176,12535168
ovl_Bg_Spot18_Obj,13770688,13772944,12535168,12536784
ovl_Boss_Va,13772944,13832320,12536784,12575248
ovl_Bg_Haka_Tubo,13832320,13834912,12575248,12577376
ovl_Bg_Haka_Trap,13834912,13840496,12577376,12581488
ovl_Bg_Haka_Huta,13840496,13843216,12581488,12583632
ovl_Bg_Haka_Zou,13843216,13847808,12583632,12587088
ovl_Bg_Spot17_Funen,13847808,13848400,12587088,12587632
ovl_En_Syateki_Itm,13848400,13851888,12587632,12590288
ovl_En_Syateki_Man,13851888,13855408,12590288,12592880
ovl_En_Tana,13855408,13856080,12592880,12593456
ovl_En_Nb,13856080,13873952,12593456,12602784
ovl_Boss_Mo,13873952,13920448,12602784,12634912
ovl_En_Sb,13920448,13925632,12634912,12638368
ovl_En_Bigokuta,13925632,13936656,12638368,12645872
ovl_En_Karebaba,13936656,13943040,12645872,12650336
ovl_Bg_Bdan_Objects,13943040,13947856,12650336,12653696
ovl_Demo_Sa,13947856,13958896,12653696,12659152
ovl_Demo_Go,13958896,13962320,12659152,12661520
ovl_En_In,13962320,13974000,12661520,12669904
ovl_En_Tr,13974000,13980400,12669904,12674512
ovl_Bg_Spot16_Bombstone,13980400,13985840,12674512,12678816
ovl_Bg_Hidan_Kowarerukabe,13985840,13989632,12678816,12681344
ovl_Bg_Bombwall,13989632,13991872,12681344,12683104
ovl_En_Ru2,13991872,14003520,12683104,12688832
ovl_Obj_Dekujr,14003520,14005120,12688832,12690192
ovl_Bg_Mizu_Uzu,14005120,14005584,12690192,12690592
ovl_Bg_Spot06_Objects,14005584,14010720,12690592,12694432
ovl_Bg_Ice_Objects,14010720,14014624,12694432,12697056
ovl_Bg_Haka_Water,14014624,14016640,12697056,12698560
ovl_En_Ma2,14016640,14020832,12698560,12701776
ovl_En_Bom_Chu,14020832,14026624,12701776,12706368
ovl_En_Horse_Game_Check,14026624,14030928,12706368,12709472
ovl_Boss_Tw,14030928,14108880,12709472,12760096
ovl_En_Rr,14108880,14118400,12760096,12767024
ovl_En_Ba,14118400,14126288,12767024,12772240
ovl_En_Bx,14126288,14129088,12772240,12774720
ovl_En_Anubice,14129088,14133872,12774720,12778256
ovl_En_Anubice_Fire,14133872,14137392,12778256,12781168
ovl_Bg_Mori_Hashigo,14137392,14139632,12781168,12782832
ovl_Bg_Mori_Hashira4,14139632,14141040,12782832,12783936
ovl_Bg_Mori_Idomizu,14141040,14142640,12783936,12785184
ovl_Bg_Spot16_Doughnut,14142640,14144096,12785184,12786416
ovl_Bg_Bdan_Switch,14144096,14149264,12786416,12789408
ovl_En_Ma1,14149264,14154096,12789408,12792992
ovl_Boss_Ganon,14154096,14293968,12792992,12880800
ovl_Boss_Sst,14293968,14344432,12880800,12912256
ovl_En_Ny,14344432,14350880,12912256,12916944
ovl_En_Fr,14350880,14361776,12916944,12924720
ovl_Item_Shield,14361776,14364352,12924720,12926768
ovl_Bg_Ice_Shelter,14364352,14369008,12926768,12930304
ovl_En_Ice_Hono,14369008,14373600,12930304,12933600
ovl_Item_Ocarina,14373600,14375600,12933600,12935072
ovl_Magic_Dark,14375600,14381824,12935072,12940000
ovl_Demo_6K,14381824,14393360,12940000,12948512
ovl_En_Anubice_Tag,14393360,14394080,12948512,12949136
ovl_Bg_Haka_Gate,14394080,14398304,12949136,12952416
ovl_Bg_Spot15_Saku,14398304,14399136,12952416,12953136
ovl_Bg_Jya_Goroiwa,14399136,14401056,12953136,12954752
ovl_Bg_Jya_Zurerukabe,14401056,14402768,12954752,12956112
ovl_Bg_Jya_Cobra,14402768,14410224,12956112,12961616
ovl_Bg_Jya_Kanaami,14410224,14411168,12961616,12962368
ovl_Fishing,14411168,14491472,12962368,13016912
ovl_Obj_Oshihiki,14491472,14498304,13016912,13021664
ovl_Bg_Gate_Shutter,14498304,14499456,13021664,13022560
ovl_Eff_Dust,14499456,14504544,13022560,13025584
ovl_Bg_Spot01_Fusya,14504544,14505216,13025584,13026160
ovl_Bg_Spot01_Idohashira,14505216,14508288,13026160,13028512
ovl_Bg_Spot01_Idomizu,14508288,14509072,13028512,13029232
ovl_Bg_Po_Syokudai,14509072,14511456,13029232,13031184
ovl_Bg_Ganon_Otyuka,14511456,14521248,13031184,13038656
ovl_Bg_Spot15_Rrbox,14521248,14524800,13038656,13041232
ovl_Bg_Umajump,14524800,14525200,13041232,13041600
ovl_En_Insect,14525200,14534704,13041600,13047904
ovl_En_Butte,14534704,14540288,13047904,13051952
ovl_En_Fish,14540288,14548752,13051952,13057264
ovl_Bg_Spot08_Iceblock,14548752,14552912,13057264,13060256
ovl_Item_Etcetera,14552912,14555168,13060256,13061952
ovl_Arrow_Fire,14555168,14563040,13061952,13068784
ovl_Arrow_Ice,14563040,14570944,13068784,13075024
ovl_Arrow_Light,14570944,14578864,13075024,13081408
ovl_Obj_Kibako,14578864,14582192,13081408,13083680
ovl_Obj_Tsubo,14582192,14586272,13083680,13086592
ovl_En_Wonder_Item,14586272,14589424,13086592,13088832
ovl_En_Ik,14589424,14607376,13088832,13099344
ovl_Demo_Ik,14607376,14612768,13099344,13102688
ovl_En_Skj,14612768,14627408,13102688,13111840
ovl_En_Skjneedle,14627408,14628192,13111840,13112528
ovl_En_G_Switch,14628192,14634384,13112528,13117328
ovl_Demo_Ext,14634384,14636752,13117328,13119152
ovl_Demo_Shd,14636752,14645984,13119152,13125360
ovl_En_Dns,14645984,14650992,13125360,13128640
ovl_Elf_Msg,14650992,14652512,13128640,13129760
ovl_En_Honotrap,14652512,14657968,13129760,13133808
ovl_En_Tubo_Trap,14657968,14661200,13133808,13136128
ovl_Obj_Ice_Poly,14661200,14663680,13136128,13138160
ovl_Bg_Spot03_Taki,14663680,14665968,13138160,13139904
ovl_Bg_Spot07_Taki,14665968,14667456,13139904,13141024
ovl_En_Fz,14667456,14675664,13141024,13146896
ovl_En_Po_Relay,14675664,14681568,13146896,13151376
ovl_Bg_Relay_Objects,14681568,14683536,13151376,13152944
ovl_En_Diving_Game,14683536,14690112,13152944,13157536
ovl_En_Kusa,14690112,14695456,13157536,13161456
ovl_Obj_Bean,14695456,14705584,13161456,13167808
ovl_Obj_Bombiwa,14705584,14706976,13167808,13169024
ovl_Obj_Switch,14706976,14714592,13169024,13173856
ovl_Obj_Elevator,14714592,14715552,13173856,13174608
ovl_Obj_Lift,14715552,14718144,13174608,13176720
ovl_Obj_Hsblock,14718144,14719632,13176720,13177904
ovl_En_Okarina_Tag,14719632,14725008,13177904,13180976
ovl_En_Yabusame_Mark,14725008,14726752,13180976,13182352
ovl_En_Goroiwa,14726752,14735904,13182352,13188784
ovl_En_Ex_Ruppy,14735904,14740192,13188784,13192048
ovl_En_Toryo,14740192,14743408,13192048,13194416
ovl_En_Daiku,14743408,14749360,13194416,13199008
ovl_En_Nwc,14749360,14751984,13199008,13201232
ovl_En_Blkobj,14751984,14753360,13201232,13202384
ovl_Item_Inbox,14753360,14753712,13202384,13202656
ovl_En_Ge1,14753712,14761952,13202656,13207808
ovl_Obj_Blockstop,14761952,14762368,13207808,13208192
ovl_En_Sda,14762368,14768064,13208192,13211920
ovl_En_Clear_Tag,14768064,14803760,13211920,13229376
ovl_En_Niw_Lady,14803760,14810160,13229376,13233968
ovl_En_Gm,14810160,14813536,13233968,13236544
ovl_En_Ms,14813536,14815312,13236544,13238000
ovl_En_Hs,14815312,14818288,13238000,13240112
ovl_Bg_Ingate,14818288,14819200,13240112,13240896
ovl_En_Kanban,14819200,14831824,13240896,13248608
ovl_En_Heishi3,14831824,14834368,13248608,13250464
ovl_En_Syateki_Niw,14834368,14842704,13250464,13256560
ovl_En_Attack_Niw,14842704,14847408,13256560,13259984
ovl_Bg_Spot01_Idosoko,14847408,14847936,13259984,13260432
ovl_En_Sa,14847936,14856752,13260432,13266080
ovl_En_Wonder_Talk,14856752,14858432,13266080,13267440
ovl_Bg_Gjyo_Bridge,14858432,14859712,13267440,13268528
ovl_En_Ds,14859712,14862816,13268528,13270672
ovl_En_Mk,14862816,14866544,13270672,13273200
ovl_En_Bom_Bowl_Man,14866544,14871984,13273200,13277184
ovl_En_Bom_Bowl_Pit,14871984,14874400,13277184,13279072
ovl_En_Owl,14874400,14889664,13279072,13287904
ovl_En_Ishi,14889664,14926864,13287904,13292848
ovl_Obj_Hana,14926864,14927648,13292848,13293472
ovl_Obj_Lightswitch,14927648,14932816,13293472,13297056
ovl_Obj_Mure2,14932816,14935408,13297056,13298976
ovl_En_Go,14935408,14953392,13298976,13310592
ovl_En_Fu,14953392,14956784,13310592,13313264
ovl_En_Changer,14956784,14959312,13313264,13315136
ovl_Bg_Jya_Megami,14959312,14963888,13315136,13318944
ovl_Bg_Jya_Lift,14963888,14965248,13318944,13320048
ovl_Bg_Jya_Bigmirror,14965248,14967360,13320048,13321856
ovl_Bg_Jya_Bombchuiwa,14967360,14970224,13321856,13324096
ovl_Bg_Jya_Amishutter,14970224,14971136,13324096,13324688
ovl_Bg_Jya_Bombiwa,14971136,14972608,13324688,13325936
ovl_Bg_Spot18_Basket,14972608,14976688,13325936,13329008
ovl_En_Ganon_Organ,14976688,15005360,13329008,13342928
ovl_En_Siofuki,15005360,15008864,13342928,13345552
ovl_En_Stream,15008864,15010288,13345552,13346784
ovl_En_Mm,15010288,15015952,13346784,13351152
ovl_En_Ko,15015952,15032656,13351152,13360752
ovl_En_Kz,15032656,15038192,13360752,13364848
ovl_En_Weather_Tag,15038192,15042016,13364848,13366704
ovl_Bg_Sst_Floor,15042016,15043392,13366704,13367968
ovl_En_Ani,15043392,15046832,13367968,13370416
ovl_En_Ex_Item,15046832,15051296,13370416,13373680
ovl_Bg_Jya_Ironobj,15051296,15054800,13373680,13376080
ovl_En_Js,15054800,15057312,13376080,13377904
ovl_En_Jsjutan,15057312,15077216,13377904,13385440
ovl_En_Cs,15077216,15081872,13385440,13388992
ovl_En_Md,15081872,15091712,13388992,13394864
ovl_En_Hy,15091712,15106368,13394864,13404096
ovl_En_Ganon_Mant,15106368,15123296,13404096,13411568
ovl_En_Okarina_Effect,15123296,15124256,13411568,13412320
ovl_En_Mag,15124256,15135360,13412320,13420128
ovl_Door_Gerudo,15135360,15136880,13420128,13421392
ovl_Elf_Msg2,15136880,15138016,13421392,13422160
ovl_Demo_Gt,15138016,15160032,13422160,13433248
ovl_En_Po_Field,15160032,15174848,13433248,13443728
ovl_Efc_Erupc,15174848,15177632,13443728,13446064
ovl_Bg_Zg,15177632,15178768,13446064,13446976
ovl_En_Heishi4,15178768,15182608,13446976,13449680
ovl_En_Zl3,15182608,15214944,13449680,13466160
ovl_Boss_Ganon2,15214944,15285344,13466160,13508688
ovl_En_Kakasi,15285344,15288736,13508688,13511280
ovl_En_Takara_Man,15288736,15290976,13511280,13513200
ovl_Obj_Makeoshihiki,15290976,15292144,13513200,13514192
ovl_Oceff_Spot,15292144,15296032,13514192,13517504
ovl_End_Title,15296032,15312720,13517504,13524272
ovl_En_Torch,15312720,15312960,13524272,13524496
ovl_Demo_Ec,15312960,15327392,13524496,13530400
ovl_Shot_Sun,15327392,15329120,13530400,13531840
ovl_En_Dy_Extra,15329120,15330528,13531840,13533088
ovl_En_Wonder_Talk2,15330528,15332224,13533088,13534528
ovl_En_Ge2,15332224,15338784,13534528,13539024
ovl_Obj_Roomtimer,15338784,15339376,13539024,13539536
ovl_En_Ssh,15339376,15349088,13539536,13546272
ovl_En_Sth,15349088,15365648,13546272,13557472
ovl_Oceff_Wipe,15365648,15369056,13557472,13560496
ovl_Effect_Ss_Dust,15369056,15371152,13560496,13562208
ovl_Effect_Ss_KiraKira,15371152,15372800,13562208,13563648
ovl_Effect_Ss_Bomb,15372800,15373856,13563648,13564624
ovl_Effect_Ss_Bomb2,15373856,15376208,13564624,13566528
ovl_Effect_Ss_Blast,15376208,15377120,13566528,13567408
ovl_Effect_Ss_G_Spk,15377120,15378576,13567408,13568720
ovl_Effect_Ss_D_Fire,15378576,15379840,13568720,13569904
ovl_Effect_Ss_Bubble,15379840,15380992,13569904,13570928
ovl_Effect_Ss_G_Ripple,15380992,15382368,13570928,13572192
ovl_Effect_Ss_G_Splash,15382368,15383568,13572192,13573168
ovl_Effect_Ss_G_Magma,15383568,15384176,13573168,13573744
ovl_Effect_Ss_G_Fire,15384176,15384832,13573744,13574352
ovl_Effect_Ss_Lightning,15384832,15386576,13574352,13575968
ovl_Effect_Ss_Dt_Bubble,15386576,15388000,13575968,13577216
ovl_Effect_Ss_Hahen,15388000,15389600,13577216,13578480
ovl_Effect_Ss_Stick,15389600,15390528,13578480,13579328
ovl_Effect_Ss_Sibuki,15390528,15392272,13579328,13580880
ovl_Effect_Ss_Sibuki2,15392272,15393088,13580880,13581664
ovl_Effect_Ss_G_Magma2,15393088,15394384,13581664,13582880
ovl_Effect_Ss_Stone1,15394384,15395296,13582880,13583728
ovl_Effect_Ss_HitMark,15395296,15396656,13583728,13584944
ovl_Effect_Ss_Fhg_Flash,15396656,15400624,13584944,13587536
ovl_Effect_Ss_K_Fire,15400624,15401696,13587536,13588544
ovl_Effect_Ss_Solder_Srch_Ball,15401696,15402128,13588544,13588960
ovl_Effect_Ss_Kakera,15402128,15406368,13588960,13592096
ovl_Effect_Ss_Ice_Piece,15406368,15407456,13592096,13593136
ovl_Effect_Ss_En_Ice,15407456,15409696,13593136,13595120
ovl_Effect_Ss_Fire_Tail,15409696,15411488,13595120,13596752
ovl_Effect_Ss_En_Fire,15411488,15413344,13596752,13598400
ovl_Effect_Ss_Extra,15413344,15414304,13598400,13599344
ovl_Effect_Ss_Fcircle,15414304,15415504,13599344,13600480
ovl_Effect_Ss_Dead_Db,15415504,15416752,13600480,13601696
ovl_Effect_Ss_Dead_Dd,15416752,15418176,13601696,13603008
ovl_Effect_Ss_Dead_Ds,15418176,15419328,13603008,13604080
ovl_Effect_Ss_Dead_Sound,15419328,15419648,13604080,13604400
ovl_Oceff_Storm,15419648,15426720,13604400,13611152
ovl_En_Weiyer,15426720,15433376,13611152,13615552
ovl_Bg_Spot05_Soko,15433376,15434176,13615552,13616208
ovl_Bg_Jya_1flift,15434176,15435856,13616208,13617488
ovl_Bg_Jya_Haheniron,15435856,15437888,13617488,13619152
ovl_Bg_Spot12_Gate,15437888,15438928,13619152,13619936
ovl_Bg_Spot12_Saku,15438928,15440144,13619936,13620896
ovl_En_Hintnuts,15440144,15446848,13620896,13625408
ovl_En_Nutsball,15446848,15448416,13625408,13626816
ovl_Bg_Spot00_Break,15448416,15448832,13626816,13627184
ovl_En_Shopnuts,15448832,15452688,13627184,13629840
ovl_En_It,15452688,15453088,13629840,13630144
ovl_En_GeldB,15453088,15474512,13630144,13643408
ovl_Oceff_Wipe2,15474512,15480512,13643408,13647056
ovl_Oceff_Wipe3,15480512,15486480,13647056,13651808
ovl_En_Niw_Girl,15486480,15489248,13651808,13654192
ovl_En_Dog,15489248,15493776,13654192,13657392
ovl_En_Si,15493776,15495056,13657392,13658448
ovl_Bg_Spot01_Objects2,15495056,15496272,13658448,13659488
ovl_Obj_Comb,15496272,15498416,13659488,13661344
ovl_Bg_Spot11_Bakudankabe,15498416,15500016,13661344,13662720
ovl_Obj_Kibako2,15500016,15501744,13662720,13664192
ovl_En_Dnt_Demo,15501744,15505104,13664192,13666832
ovl_En_Dnt_Jiji,15505104,15510496,13666832,13670080
ovl_En_Dnt_Nomal,15510496,15522336,13670080,13677248
ovl_En_Guest,15522336,15524800,13677248,13679312
ovl_Bg_Bom_Guard,15524800,15525344,13679312,13679808
ovl_En_Hs2,15525344,15526848,13679808,13681056
ovl_Demo_Kekkai,15526848,15531680,13681056,13684800
ovl_Bg_Spot08_Bakudankabe,15531680,15533376,13684800,13686256
ovl_Bg_Spot17_Bakudankabe,15533376,15535136,13686256,13687760
ovl_Obj_Mure3,15535136,15537136,13687760,13689344
ovl_En_Tg,15537136,15538880,13689344,13690832
ovl_En_Mu,15538880,15541216,13690832,13692816
ovl_En_Go2,15541216,15565824,13692816,13708688
ovl_En_Wf,15565824,15582992,13708688,13719776
ovl_En_Skb,15582992,15589376,13719776,13724400
ovl_Demo_Gj,15589376,15604912,13724400,13731680
ovl_Demo_Geff,15604912,15606992,13731680,13733200
ovl_Bg_Gnd_Firemeiro,15606992,15608336,13733200,13734320
ovl_Bg_Gnd_Darkmeiro,15608336,15610320,13734320,13735808
ovl_Bg_Gnd_Soulmeiro,15610320,15612464,13735808,13737584
ovl_Bg_Gnd_Nisekabe,15612464,15612832,13737584,13737920
ovl_Bg_Gnd_Iceblock,15612832,15617168,13737920,13740800
ovl_Bg_Ydan_Sp,15617168,15623168,13740800,13745184
ovl_En_Gb,15623168,15629104,13745184,13749584
ovl_En_Gs,15629104,15636944,13749584,13755328
ovl_Bg_Mizu_Bwall,15636944,15642272,13755328,13758880
ovl_Bg_Mizu_Shutter,15642272,15644320,13758880,13760464
ovl_En_Daiku_Kakariko,15644320,15649376,13760464,13764272
ovl_Bg_Bowl_Wall,15649376,15651808,13764272,13766352
ovl_En_Wall_Tubo,15651808,15653072,13766352,13767408
ovl_En_Po_Desert,15653072,15656592,13767408,13770320
ovl_En_Crow,15656592,15662384,13770320,13774624
ovl_Door_Killer,15662384,15667872,13774624,13778848
ovl_Bg_Spot11_Oasis,15667872,15669712,13778848,13780432
ovl_Bg_Spot18_Futa,15669712,15670128,13780432,13780784
ovl_Bg_Spot18_Shutter,15670128,15671488,13780784,13781840
ovl_En_Ma3,15671488,15675792,13781840,13785136
ovl_En_Cow,15675792,15681008,13785136,13788496
ovl_Bg_Ice_Turara,15681008,15683104,13788496,13790224
ovl_Bg_Ice_Shutter,15683104,15684240,13790224,13791088
ovl_En_Kakasi2,15684240,15686064,13791088,13792528
ovl_En_Kakasi3,15686064,15690384,13792528,13795664
ovl_Oceff_Wipe4,15690384,15694448,13795664,13798672
ovl_En_Eg,15694448,15694880,13798672,13799024
ovl_Bg_Menkuri_Nisekabe,15694880,15695216,13799024,13799312
ovl_En_Zo,15695216,15704864,13799312,13806064
ovl_Effect_Ss_Ice_Smoke,15704864,15706080,13806064,13807152
ovl_Obj_Makekinsuta,15706080,15706416,13807152,13807472
ovl_En_Ge3,15706416,15709312,13807472,13809648
ovl_Obj_Timeblock,15709312,15712448,13809648,13811936
ovl_Obj_Hamishi,15712448,15714576,13811936,13813744
ovl_En_Zl4,15714576,15733568,13813744,13823472
ovl_En_Mm2,15733568,15737088,13823472,13826128
ovl_Bg_Jya_Block,15737088,15737712,13826128,13826736
ovl_Obj_Warp2block,15737712,15740576,13826736,13828992
gameplay_keep,15740928,16095152,13828992,14012096
gameplay_field_keep,16097280,16151344,14012096,14049504
gameplay_dangeon_keep,16154624,16251632,14049504,14109632
gameplay_object_exchange_static,16252928,16252944,14109632,14109664
object_link_boy,16257024,16484352,14109664,14217072
object_link_child,16486400,16670592,14217072,14305536
object_box,16670720,16695296,14305536,14318288
object_human,16695296,16773504,14318288,14350048
object_okuta,16777216,16792704,14350048,14357792
object_poh,16793600,16814304,14357792,14371072
object_wallmaster,16818176,16859248,14371072,14397968
object_dy_obj,16863232,16983344,14397968,14472608
object_firefly,16986112,16992448,14472608,14476336
object_dodongo,16994304,17033536,14476336,14504048
object_fire,17035264,17051808,14504048,14510752
object_niw,17055744,17065280,14510752,14515600
object_tite,17068032,17082928,14515600,14525632
object_reeba,17084416,17092336,14525632,14530784
object_peehat,17092608,17099920,14530784,14534304
object_kingdodongo,17100800,17300704,14534304,14661200
object_horse,17301504,17358608,14661200,14703904
object_zf,17358848,17449888,14703904,14766256
object_goma,17453056,17581568,14766256,14860544
object_zl1,17584128,17667008,14860544,14904688
object_gol,17670144,17687072,14904688,14915824
object_bubble,17690624,17694912,14915824,14917712
object_dodojr,17698816,17707248,14917712,14923904
object_torch2,17711104,17729392,14923904,14932192
object_bl,17731584,17754192,14932192,14941504
object_tp,17756160,17763568,14941504,14946448
object_oA1,17764352,17782544,14946448,14955808
object_st,17784832,17808304,14955808,14968864
object_bw,17809408,17818208,14968864,14974240
object_ei,17821696,17835040,14974240,14981808
object_horse_normal,17838080,17878976,14981808,15014608
object_oB1,17879040,17905328,15014608,15026848
object_o_anime,17907712,17916240,15026848,15034016
object_spot04_objects,17920000,17925824,15034016,15037216
object_ddan_objects,17928192,17962848,15037216,15059488
object_hidan_objects,17965056,18062624,15059488,15108112
object_horse_ganon,18063360,18112656,15108112,15141856
object_oA2,18116608,18138832,15141856,15147024
object_spot00_objects,18141184,18148368,15147024,15149888
object_mb,18149376,18231712,15149888,15206112
object_bombf,18235392,18242048,15206112,15210112
object_sk2,18243584,18302976,15210112,15255840
object_oE1,18305024,18331664,15255840,15268416
object_oE_anime,18333696,18354272,15268416,15287872
object_oE2,18358272,18381424,15287872,15298864
object_ydan_objects,18382848,18419840,15298864,15327376
object_gnd,18423808,18501632,15327376,15386736
object_am,18501632,18525008,15386736,15398848
object_dekubaba,18526208,18540992,15398848,15409072
object_oA3,18542592,18551088,15409072,15413600
object_oA4,18554880,18560816,15413600,15416352
object_oA5,18563072,18568880,15416352,15419040
object_oA6,18571264,18577920,15419040,15422080
object_oA7,18579456,18584912,15422080,15424624
object_jj,18587648,18635456,15424624,15452656
object_oA8,18636800,18642864,15452656,15455280
object_oA9,18644992,18646304,15455280,15456240
object_oB2,18649088,18665696,15456240,15464656
object_oB3,18669568,18687120,15464656,15473392
object_oB4,18690048,18696304,15473392,15476288
object_horse_zelda,18698240,18727264,15476288,15495008
object_opening_demo1,18731008,18751584,15495008,15513696
object_warp1,18755584,18767024,15513696,15521904
object_b_heart,18767872,18769472,15521904,15523088
object_dekunuts,18771968,18785888,15523088,15531408
object_oE3,18788352,18817312,15531408,15544880
object_oE4,18821120,18841552,15544880,15554528
object_menkuri_objects,18841600,18877200,15554528,15579264
object_oE5,18878464,18900416,15579264,15590080
object_oE6,18903040,18914896,15590080,15596336
object_oE7,18915328,18926176,15596336,15602880
object_oE8,18927616,18940880,15602880,15609696
object_oE9,18944000,18956048,15609696,15614928
object_oE10,18956288,18966992,15614928,15620800
object_oE11,18968576,18981360,15620800,15626640
object_oE12,18984960,18999232,15626640,15633840
object_vali,19001344,19019856,15633840,15643520
object_oA10,19021824,19033776,15643520,15649168
object_oA11,19034112,19039680,15649168,15652000
object_mizu_objects,19042304,19088160,15652000,15679392
object_fhg,19091456,19165664,15679392,15726688
object_ossan,19169280,19209040,15726688,15743776
object_mori_hineri1,19210240,19231984,15743776,15752016
object_Bb,19234816,19241536,15752016,15755872
object_toki_objects,19243008,19276880,15755872,15772688
object_yukabyun,19279872,19285232,15772688,15775392
object_zl2,19288064,19357056,15775392,15806896
object_mjin,19357696,19362448,15806896,15809504
object_mjin_flash,19365888,19369984,15809504,15812112
object_mjin_dark,19369984,19374080,15812112,15815376
object_mjin_flame,19374080,19378176,15815376,15818208
object_mjin_ice,19378176,19382272,15818208,15821536
object_mjin_soul,19382272,19386368,15821536,15824832
object_mjin_wind,19386368,19390464,15824832,15828096
object_mjin_oka,19390464,19397472,15828096,15833296
object_haka_objects,19398656,19519152,15833296,15894544
object_spot06_objects,19521536,19533216,15894544,15902816
object_ice_objects,19533824,19570000,15902816,15928512
object_relay_objects,19570688,19584560,15928512,15938160
object_mori_hineri1a,19587072,19600576,15938160,15943088
object_mori_hineri2,19603456,19620864,15943088,15949696
object_mori_hineri2a,19623936,19648688,15949696,15959264
object_mori_objects,19652608,19687952,15959264,15976192
object_mori_tex,19689472,19729920,15976192,16000240
object_spot08_obj,19730432,19752448,16000240,16013872
object_warp2,19755008,19755024,16013872,16013904
object_hata,19759104,19771360,16013904,16019888
object_bird,19771392,19780000,16019888,16025760
object_wood02,19783680,19818448,16025760,16045872
object_lightbox,19820544,19828544,16045872,16048256
object_pu_box,19828736,19834368,16048256,16050864
object_trap,19836928,19846112,16050864,16057888
object_vase,19849216,19854736,16057888,16062144
object_im,19857408,19931696,16062144,16098240
object_ta,19935232,19993584,16098240,16131072
object_tk,19996672,20045392,16131072,16160800
object_xc,20045824,20160768,16160800,16240560
object_vm,20164608,20180848,16240560,16248896
object_bv,20180992,20308400,16248896,16310896
object_hakach_objects,20312064,20339440,16310896,16330384
object_efc_crystal_light,20340736,20343456,16330384,16333040
object_efc_fire_ball,20344832,20348160,16333040,16336224
object_efc_flash,20348928,20348944,16336224,16336256
object_efc_lgt_shower,20353024,20357840,16336256,16339968
object_efc_star_field,20361216,20367312,16339968,16344144
object_god_lgt,20369408,20386640,16344144,16355600
object_light_ring,20389888,20394624,16355600,16357008
object_triforce_spot,20398080,20408592,16357008,16364016
object_medal,20410368,20431168,16364016,16371248
object_bdan_objects,20434944,20487440,16371248,16403616
object_sd,20488192,20539104,16403616,16429776
object_rd,20541440,20602864,16429776,16466800
object_po_sisters,20602880,20661184,16466800,16499776
object_heavy_object,20664320,20671200,16499776,16503136
object_gndd,20672512,20744704,16503136,16541056
object_fd,20746240,20817520,16541056,16580256
object_du,20819968,20893744,16580256,16626544
object_fw,20897792,20930016,16626544,16648096
object_horse_link_child,20930560,20966176,16648096,16672496
object_spot02_objects,20967424,21059104,16672496,16722528
object_haka,21061632,21066848,16722528,16726800
object_ru1,21069824,21150336,16726800,16785440
object_syokudai,21151744,21167248,16785440,16794256
object_fd2,21168128,21240464,16794256,16841328
object_dh,21241856,21278912,16841328,16869632
object_rl,21282816,21314384,16869632,16885408
object_efc_tw,21315584,21320432,16885408,16890432
object_demo_tre_lgt,21323776,21323792,16890432,16890464
object_gi_key,21327872,21330464,16890464,16891696
object_mir_ray,21331968,21339392,16891696,16893344
object_brob,21340160,21346976,16893344,16896864
object_gi_jewel,21348352,21362304,16896864,16905296
object_spot09_obj,21364736,21465232,16905296,16964512
object_spot18_obj,21467136,21518864,16964512,16994512
object_bdoor,21520384,21550528,16994512,17011776
object_spot17_obj,21553152,21559344,17011776,17016672
object_shop_dungen,21561344,21576224,17016672,17025616
object_nb,21577728,21676512,17025616,17091040
object_mo,21680128,21717104,17091040,17110656
object_sb,21721088,21732512,17110656,17116256
object_gi_melody,21733376,21736736,17116256,17117744
object_gi_heart,21737472,21737968,17117744,17118144
object_gi_compass,21741568,21744912,17118144,17119824
object_gi_bosskey,21745664,21749776,17119824,17121696
object_gi_medal,21753856,21775216,17121696,17128000
object_gi_nuts,21778432,21782976,17128000,17130944
object_sa,21786624,21873200,17130944,17190304
object_gi_hearts,21876736,21882800,17190304,17192704
object_gi_arrowcase,21884928,21888176,17192704,17194384
object_gi_bombpouch,21889024,21892704,17194384,17196080
object_in,21893120,21994576,17196080,17252736
object_tr,21995520,22072880,17252736,17300608
object_spot16_obj,22073344,22078720,17300608,17304832
object_oE1s,22081536,22107488,17304832,17317600
object_oE4s,22110208,22130176,17317600,17327152
object_os_anime,22130688,22173248,17327152,17362336
object_gi_bottle,22175744,22178032,17362336,17363632
object_gi_stick,22179840,22181568,17363632,17364944
object_gi_map,22183936,22188384,17364944,17368272
object_oF1d_map,22192128,22259104,17368272,17408096
object_ru2,22261760,22325456,17408096,17442128
object_gi_shield_1,22327296,22330704,17442128,17444912
object_dekujr,22331392,22344976,17444912,17452064
object_gi_magicpot,22347776,22352336,17452064,17454208
object_gi_bomb_1,22355968,22359216,17454208,17455760
object_oF1s,22360064,22395040,17455760,17472768
object_ma2,22396928,22437616,17472768,17495696
object_gi_purse,22437888,22444912,17495696,17502080
object_hni,22446080,22490992,17502080,17537584
object_tw,22491136,22732720,17537584,17689328
object_rr,22732800,22736384,17689328,17691808
object_bxa,22736896,22748144,17691808,17699552
object_anubice,22749184,22763936,17699552,17708240
object_gi_gerudo,22765568,22770496,17708240,17711408
object_gi_arrow,22773760,22780688,17711408,17714112
object_gi_bomb_2,22781952,22783648,17714112,17715312
object_gi_egg,22786048,22790944,17715312,17717824
object_gi_scale,22794240,22797808,17717824,17719712
object_gi_shield_2,22798336,22802544,17719712,17722128
object_gi_hookshot,22806528,22812000,17722128,17724976
object_gi_ocarina,22814720,22817712,17724976,17726816
object_gi_milk,22818816,22824048,17726816,17729232
object_ma1,22827008,22863232,17729232,17747424
object_ganon,22863872,22934784,17747424,17778928
object_sst,22937600,23047088,17778928,17820896
object_ny,23048192,23056752,17820896,17824768
object_fr,23060480,23106736,17824768,17842656
object_gi_pachinko,23109632,23112800,17842656,17844512
object_gi_boomerang,23113728,23117216,17844512,17846544
object_gi_bow,23117824,23121200,17846544,17848688
object_gi_glasses,23121920,23126400,17848688,17850752
object_gi_liquid,23130112,23136464,17850752,17853456
object_ani,23138304,23168768,17853456,17869232
object_demo_6k,23171072,23186336,17869232,17878992
object_gi_shield_3,23187456,23192256,17878992,17880848
object_gi_letter,23195648,23199232,17880848,17883184
object_spot15_obj,23199744,23207168,17883184,17887120
object_jya_obj,23207936,23322944,17887120,17942384
object_gi_clothes,23326720,23332960,17942384,17946048
object_gi_bean,23334912,23337152,17946048,17947552
object_gi_fish,23339008,23341392,17947552,17949024
object_gi_saw,23343104,23346048,17949024,17950800
object_gi_hammer,23347200,23350464,17950800,17952512
object_gi_grass,23351296,23354384,17952512,17954512
object_gi_longsword,23355392,23357632,17954512,17955952
object_spot01_objects,23359488,23368848,17955952,17962832
object_md,23371776,23413072,17962832,17986112
object_km1,23416832,23439808,17986112,17996256
object_kw1,23441408,23468256,17996256,18007824
object_zo,23470080,23519296,18007824,18032352
object_kz,23523328,23557856,18032352,18047168
object_umajump,23560192,23565424,18047168,18050128
object_masterkokiri,23568384,23569600,18050128,18051264
object_masterkokirihead,23572480,23583904,18051264,18056512
object_mastergolon,23584768,23585040,18056512,18056736
object_masterzoora,23588864,23590816,18056736,18058832
object_aob,23592960,23615152,18058832,18067184
object_ik,23617536,23750096,18067184,18161184
object_ahg,23752704,23775664,18161184,18172512
object_cne,23777280,23787984,18172512,18177136
object_gi_niwatori,23789568,23796208,18177136,18181312
object_skj,23797760,23834160,18181312,18206800
object_gi_bottle_letter,23834624,23837824,18206800,18208784
object_bji,23838720,23855504,18208784,18216416
object_bba,23859200,23876240,18216416,18223792
object_gi_ocarina_0,23879680,23882768,18223792,18225808
object_ds,23883776,23902080,18225808,18236544
object_ane,23904256,23932848,18236544,18248336
object_boj,23932928,23956672,18248336,18260128
object_spot03_object,23957504,23963232,18260128,18263536
object_spot07_object,23965696,23993648,18263536,18282560
object_fz,23994368,24007888,18282560,18287184
object_bob,24010752,24031008,18287184,18294752
object_ge1,24031232,24073392,18294752,18313808
object_yabusame_point,24076288,24079952,18313808,18315280
object_gi_boots_2,24080384,24087488,18315280,18318992
object_gi_seed,24088576,24091328,18318992,18320848
object_gnd_magic,24092672,24097408,18320848,18325168
object_d_elevator,24100864,24105872,18325168,18330096
object_d_hsblock,24109056,24115040,18330096,18334880
object_d_lift,24117248,24123392,18334880,18340800
object_mamenoki,24125440,24135392,18340800,18348944
object_goroiwa,24137728,24144032,18348944,18352352
object_toryo,24145920,24174944,18352352,18366272
object_daiku,24178688,24213616,18366272,18385936
object_nwc,24215552,24219040,18385936,18388672
object_blkobj,24219648,24299664,18388672,18436416
object_gm,24301568,24302288,18436416,18437008
object_ms,24305664,24321488,18437008,18445360
object_hs,24322048,24347248,18445360,18458528
object_ingate,24350720,24355312,18458528,18460480
object_lightswitch,24358912,24368160,18460480,18465744
object_kusa,24371200,24372096,18465744,18466336
object_tsubo,24375296,24381936,18466336,18472016
object_gi_gloves,24383488,24389984,18472016,18475120
object_gi_coin,24391680,24393808,18475120,18476272
object_kanban,24395776,24401840,18476272,18477952
object_gjyo_objects,24403968,24409584,18477952,18481232
object_owl,24412160,24477888,18481232,18511552
object_mk,24481792,24505856,18511552,18523200
object_fu,24506368,24534176,18523200,18537648
object_gi_ki_tan_mask,24535040,24538608,18537648,18539648
object_gi_redead_mask,24539136,24541840,18539648,18540992
object_gi_skj_mask,24543232,24546528,18540992,18542944
object_gi_rabit_mask,24547328,24551168,18542944,18544976
object_gi_truth_mask,24551424,24557664,18544976,18548144
object_ganon_objects,24559616,24564080,18548144,18550512
object_siofuki,24567808,24571312,18550512,18552240
object_stream,24571904,24574592,18552240,18553696
object_mm,24576000,24608880,18553696,18571824
object_fa,24612864,24628112,18571824,18577904
object_os,24629248,24647280,18577904,18588048
object_gi_eye_lotion,24649728,24652144,18588048,18589392
object_gi_powder,24653824,24656768,18589392,18591136
object_gi_mushroom,24657920,24661200,18591136,18592736
object_gi_ticketstone,24662016,24666784,18592736,18595680
object_gi_brokensword,24670208,24672656,18595680,18597056
object_js,24674304,24698672,18597056,18609648
object_cs,24698880,24733008,18609648,18626256
object_gi_prescription,24735744,24738848,18626256,18627632
object_gi_bracelet,24739840,24742896,18627632,18629136
object_gi_soldout,24743936,24745168,18629136,18629792
object_gi_frog,24748032,24752400,18629792,18632224
object_mag,24756224,24884288,18632224,18675520
object_door_gerudo,24887296,24889760,18675520,18676672
object_gt,24891392,24970736,18676672,18724192
object_efc_erupc,24973312,24983792,18724192,18730256
object_zl2_anime1,24985600,25032208,18730256,18765600
object_zl2_anime2,25034752,25078496,18765600,18802672
object_gi_golonmask,25079808,25085872,18802672,18806624
object_gi_zoramask,25088000,25093680,18806624,18809984
object_gi_gerudomask,25096192,25101312,18809984,18813664
object_ganon2,25104384,25324528,18813664,18974672
object_ka,25325568,25352128,18974672,18984464
object_ts,25354240,25374704,18984464,18994272
object_zg,25374720,25379328,18994272,18994992
object_gi_hoverboots,25382912,25390704,18994992,18999392
object_gi_m_arrow,25391104,25394816,18999392,19001120
object_ds2,25395200,25412208,19001120,19009632
object_ec,25415680,25467184,19009632,19054256
object_fish,25468928,25556464,19054256,19099056
object_gi_sutaru,25559040,25560656,19099056,19099968
object_gi_goddess,25563136,25566288,19099968,19101376
object_ssh,25567232,25590784,19101376,19113888
object_bigokuta,25591808,25619408,19113888,19129376
object_bg,25620480,25649856,19129376,19144560
object_spot05_objects,25653248,25658096,19144560,19148064
object_spot12_obj,25661440,25670592,19148064,19152928
object_bombiwa,25673728,25676544,19152928,19155648
object_hintnuts,25677824,25690432,19155648,19164368
object_rs,25694208,25712768,19164368,19173904
object_spot00_break,25714688,25722400,19173904,19179536
object_gla,25722880,25763568,19179536,19204192
object_shopnuts,25763840,25781648,19204192,19215584
object_geldb,25784320,25831152,19215584,19244800
object_gr,25833472,25873552,19244800,19257744
object_dog,25874432,25903776,19257744,19272608
object_jya_iron,25907200,25917024,19272608,19276432
object_jya_door,25919488,25928320,19276432,19280128
object_spot01_objects2,25931776,25931792,19280128,19280160
object_spot11_obj,25935872,25942672,19280160,19285360
object_kibako2,25944064,25948352,19285360,19289024
object_dns,25952256,25966544,19289024,19298400
object_dnk,25968640,25980464,19298400,19305808
object_gi_fire,25980928,25984992,19305808,19308336
object_gi_insect,25985024,25988080,19308336,19310192
object_gi_butterfly,25989120,25992144,19310192,19312032
object_gi_ghost,25993216,25996720,19312032,19314480
object_gi_soul,25997312,26001328,19314480,19316560
object_bowl,26001408,26014960,19316560,19321920
object_po_field,26017792,26044992,19321920,19338672
object_demo_kekkai,26046464,26107152,19338672,19374240
object_efc_doughnut,26107904,26112080,19374240,19376496
object_gi_dekupouch,26116096,26120272,19376496,19379136
object_ganon_anime1,26124288,26172480,19379136,19427680
object_ganon_anime2,26173440,26240304,19427680,19483568
object_ganon_anime3,26243072,26327024,19483568,19554048
object_gi_rupy,26329088,26331136,19554048,19555104
object_spot01_matoya,26333184,26348688,19555104,19566352
object_spot01_matoyab,26349568,26358240,19566352,19571776
object_po_composer,26361856,26390432,19571776,19588864
object_mu,26390528,26435152,19588864,19612192
object_wf,26435584,26477824,19612192,19637040
object_skb,26480640,26499088,19637040,19650464
object_gj,26501120,26543904,19650464,19683872
object_geff,26546176,26550192,19683872,19687264
object_haka_door,26550272,26564976,19687264,19693936
object_gs,26566656,26569344,19693936,19696736
object_ps,26570752,26622208,19696736,19722368
object_bwall,26624000,26628432,19722368,19725408
object_crow,26632192,26636496,19725408,19727376
object_cow,26640384,26660528,19727376,19737968
object_cob,26660864,26669584,19737968,19741296
object_gi_sword_1,26673152,26676512,19741296,19743136
object_door_killer,26677248,26684384,19743136,19745056
object_ouke_haka,26685440,26687856,19745056,19747440
object_timeblock,26689536,26692448,19747440,19750144
object_zl4,26693632,26811936,19750144,19829184
g_pn_01,26812416,26822784,19829184,19832752
g_pn_02,26824704,26835072,19832752,19836656
g_pn_03,26836992,26847360,19836656,19839600
g_pn_04,26849280,26859648,19839600,19842960
g_pn_05,26861568,26871936,19842960,19846496
g_pn_06,26873856,26884224,19846496,19849952
g_pn_07,26886144,26896512,19849952,19854336
g_pn_08,26898432,26908800,19854336,19858432
g_pn_09,26910720,26921088,19858432,19862080
g_pn_10,26923008,26933376,19862080,19865104
g_pn_11,26935296,26945664,19865104,19869120
g_pn_12,26947584,26957952,19869120,19872624
g_pn_13,26959872,26970240,19872624,19876768
g_pn_14,26972160,26982528,19876768,19881120
g_pn_15,26984448,26994816,19881120,19884672
g_pn_16,26996736,27007104,19884672,19888224
g_pn_17,27009024,27019392,19888224,19891296
g_pn_18,27021312,27031680,19891296,19894064
g_pn_19,27033600,27043968,19894064,19897376
g_pn_20,27045888,27056256,19897376,19900736
g_pn_21,27058176,27068544,19900736,19903648
g_pn_22,27070464,27080832,19903648,19907456
g_pn_23,27082752,27093120,19907456,19908784
g_pn_24,27095040,27105408,19908784,19911968
g_pn_25,27107328,27117696,19911968,19916384
g_pn_26,27119616,27129984,19916384,19920352
g_pn_27,27131904,27142272,19920352,19923984
g_pn_28,27144192,27154560,19923984,19927568
g_pn_29,27156480,27166848,19927568,19930176
g_pn_30,27168768,27179136,19930176,19933168
g_pn_31,27181056,27191424,19933168,19936448
g_pn_32,27193344,27203712,19936448,19939104
g_pn_33,27205632,27216000,19939104,19942368
g_pn_34,27217920,27228288,19942368,19945776
g_pn_35,27230208,27240576,19945776,19948880
g_pn_36,27242496,27252864,19948880,19952320
g_pn_37,27254784,27265152,19952320,19956272
g_pn_38,27267072,27277440,19956272,19960096
g_pn_39,27279360,27289728,19960096,19963872
g_pn_40,27291648,27302016,19963872,19967728
g_pn_41,27303936,27314304,19967728,19970464
g_pn_42,27316224,27326592,19970464,19973344
g_pn_43,27328512,27338880,19973344,19977248
g_pn_44,27340800,27351168,19977248,19980944
g_pn_45,27353088,27363456,19980944,19984464
g_pn_46,27365376,27375744,19984464,19986944
g_pn_47,27377664,27388032,19986944,19991104
g_pn_48,27389952,27400320,19991104,19992992
g_pn_49,27402240,27412608,19992992,19997024
g_pn_50,27414528,27424896,19997024,20001104
g_pn_51,27426816,27437184,20001104,20004976
g_pn_52,27439104,27449472,20004976,20008896
g_pn_53,27451392,27461760,20008896,20012960
g_pn_54,27463680,27474048,20012960,20016064
g_pn_55,27475968,27486336,20016064,20020032
g_pn_56,27488256,27498624,20020032,20024032
g_pn_57,27500544,27510912,20024032,20024432
z_select_static,27512832,27521536,20024432,20026464
nintendo_rogo_static,27525120,27536832,20026464,20032464
title_static,27537408,27853504,20032464,20189392
parameter_static,27856896,27872000,20189392,20193680
vr_fine0_static,27873280,27922432,20193680,20204576
vr_fine0_pal_static,27922432,27922688,20204576,0
vr_fine1_static,27926528,27975680,20204832,20229840
vr_fine1_pal_static,27975680,27975936,20229840,0
vr_fine2_static,27979776,28028928,20230096,20250496
vr_fine2_pal_static,28028928,28029184,20250496,0
vr_fine3_static,28033024,28082176,20250752,20266352
vr_fine3_pal_static,28082176,28082432,20266352,0
vr_cloud0_static,28086272,28135424,20266608,20294224
vr_cloud0_pal_static,28135424,28135680,20294224,0
vr_cloud1_static,28139520,28188672,20294480,20322960
vr_cloud1_pal_static,28188672,28188928,20322960,0
vr_cloud2_static,28192768,28241920,20323216,20352720
vr_cloud2_pal_static,28241920,28242176,20352720,0
vr_cloud3_static,28246016,28295168,20352976,20373088
vr_cloud3_pal_static,28295168,28295424,20373088,0
vr_holy0_static,28299264,28364800,20373344,20400240
vr_holy0_pal_static,28364800,28365056,20400240,0
vr_holy1_static,28368896,28434432,20400496,20427312
vr_holy1_pal_static,28434432,28434688,20427312,0
vr_MDVR_static,28438528,28700672,20427568,20610928
vr_MDVR_pal_static,28700672,28702720,20610928,0
vr_MNVR_static,28704768,28966912,20612976,20768896
vr_MNVR_pal_static,28966912,28968960,20768896,0
vr_RUVR_static,28971008,29233152,20770944,20990176
vr_RUVR_pal_static,29233152,29235200,20990176,0
vr_LHVR_static,29237248,29499392,20992224,21242176
vr_LHVR_pal_static,29499392,29501440,21242176,0
vr_KHVR_static,29503488,29765632,21244224,21481440
vr_KHVR_pal_static,29765632,29767680,21481440,0
vr_K3VR_static,29769728,29966336,21483488,21658400
vr_K3VR_pal_static,29966336,29967872,21658400,0
vr_K4VR_static,29970432,30167040,21659936,21843104
vr_K4VR_pal_static,30167040,30168576,21843104,0
vr_K5VR_static,30171136,30367744,21844640,22019472
vr_K5VR_pal_static,30367744,30369280,22019472,0
vr_SP1a_static,30371840,30502912,22021008,22081136
vr_SP1a_pal_static,30502912,30503936,22081136,0
vr_MLVR_static,30507008,30769152,22082160,22315712
vr_MLVR_pal_static,30769152,30771200,22315712,0
vr_KKRVR_static,30773248,31035392,22317760,22461904
vr_KKRVR_pal_static,31035392,31037440,22461904,0
vr_KR3VR_static,31039488,31236096,22463952,22576672
vr_KR3VR_pal_static,31236096,31237632,22576672,0
vr_IPVR_static,31240192,31502336,22578208,22719680
vr_IPVR_pal_static,31502336,31504384,22719680,0
vr_KSVR_static,31506432,31637504,22721728,22820304
vr_KSVR_pal_static,31637504,31638528,22820304,0
vr_GLVR_static,31641600,31772672,22821328,22936720
vr_GLVR_pal_static,31772672,31773696,22936720,0
vr_ZRVR_static,31776768,31907840,22937744,23035552
vr_ZRVR_pal_static,31907840,31908864,23035552,0
vr_DGVR_static,31911936,32043008,23036576,23120256
vr_DGVR_pal_static,32043008,32044032,23120256,0
vr_ALVR_static,32047104,32178176,23121280,23219984
vr_ALVR_pal_static,32178176,32179200,23219984,0
vr_NSVR_static,32182272,32313344,23221008,23308832
vr_NSVR_pal_static,32313344,32314368,23308832,0
vr_LBVR_static,32317440,32579584,23309856,23488560
vr_LBVR_pal_static,32579584,32581632,23488560,0
vr_TTVR_static,32583680,32780288,23490608,23625120
vr_TTVR_pal_static,32780288,32781824,23625120,0
vr_FCVR_static,32784384,32915456,23626656,23701680
vr_FCVR_pal_static,32915456,32916480,23701680,0
elf_message_field,32919552,32919664,23702704,23702848
elf_message_ydan,32923648,32923664,23702848,23702880
ddan_scene,32927744,33014080,23702880,23753968
ddan_room_0,33017856,33130656,23753968,23808384
ddan_room_1,33132544,33172224,23808384,23830112
ddan_room_2,33173504,33205664,23830112,23848400
ddan_room_3,33206272,33263040,23848400,23878400
ddan_room_4,33263616,33302608,23878400,23898032
ddan_room_5,33304576,33328864,23898032,23911408
ddan_room_6,33329152,33338368,23911408,23917584
ddan_room_7,33341440,33371856,23917584,23932608
ddan_room_8,33374208,33412096,23932608,23956496
ddan_room_9,33415168,33461584,23956496,23982128
ddan_room_10,33464320,33496656,23982128,24001936
ddan_room_11,33497088,33505408,24001936,24007248
ddan_room_12,33509376,33543984,24007248,24027856
ddan_room_13,33546240,33555584,24027856,24034112
ddan_room_14,33558528,33567888,24034112,24040320
ddan_room_15,33570816,33581136,24040320,24047392
ddan_room_16,33583104,33604944,24047392,24063344
spot00_scene,33607680,33780288,24063344,24170832
spot00_room_0,33783808,33870384,24170832,24207776
spot01_scene,33873920,33988976,24207776,24285504
spot01_room_0,33992704,34033376,24285504,24303664
spot02_scene,34033664,34081920,24303664,24333456
spot02_room_0,34082816,34092768,24333456,24337024
spot02_room_1,34095104,34217872,24337024,24411648
spot03_scene,34217984,34264416,24411648,24445536
spot03_room_0,34267136,34322816,24445536,24474880
spot03_room_1,34324480,34354432,24474880,24492176
spot04_scene,34357248,34427504,24492176,24537488
spot04_room_0,34430976,34542736,24537488,24602256
spot04_room_1,34545664,34579840,24602256,24622544
spot04_room_2,34582528,34603120,24622544,24635056
spot05_scene,34607104,34692464,24635056,24691408
spot05_room_0,34693120,34733824,24691408,24707760
spot06_scene,34734080,34845760,24707760,24785296
spot06_room_0,34848768,34891296,24785296,24805392
spot07_scene,34893824,34932784,24805392,24835296
spot07_room_0,34934784,34960112,24835296,24846320
spot07_room_1,34963456,35015072,24846320,24872816
spot08_scene,35016704,35088032,24872816,24926704
spot08_room_0,35090432,35123552,24926704,24942400
spot09_scene,35127296,35197328,24942400,24988672
spot09_room_0,35201024,35235776,24988672,25004096
spot10_scene,35237888,35304496,25004096,25047792
spot10_room_0,35307520,35317232,25047792,25051472
spot10_room_1,35319808,35353648,25051472,25070160
spot10_room_2,35356672,35376112,25070160,25080016
spot10_room_3,35377152,35400368,25080016,25092640
spot10_room_4,35401728,35411152,25092640,25096064
spot10_room_5,35414016,35442672,25096064,25109664
spot10_room_6,35442688,35457776,25109664,25118912
spot10_room_7,35459072,35468736,25118912,25122416
spot10_room_8,35471360,35481200,25122416,25125984
spot10_room_9,35483648,35498976,25125984,25134544
spot11_scene,35500032,35603696,25134544,25207440
spot11_room_0,35606528,35657664,25207440,25234592
spot12_scene,35659776,35724944,25234592,25275696
spot12_room_0,35725312,35796416,25275696,25313472
spot12_room_1,35799040,35848352,25313472,25341104
spot13_scene,35852288,35876400,25341104,25357536
spot13_room_0,35876864,35879184,25357536,25358880
spot13_room_1,35880960,35957312,25358880,25404848
spot15_scene,35958784,36058368,25404848,25472528
spot15_room_0,36061184,36114880,25472528,25496096
spot16_scene,36118528,36244160,25496096,25586880
spot16_room_0,36245504,36289808,25586880,25609072
spot17_scene,36290560,36355824,25609072,25653584
spot17_room_0,36356096,36382848,25653584,25667488
spot17_room_1,36384768,36459360,25667488,25703392
spot18_scene,36462592,36504528,25703392,25730496
spot18_room_0,36507648,36583376,25730496,25773408
spot18_room_1,36585472,36610560,25773408,25789408
spot18_room_2,36614144,36686256,25789408,25830848
spot18_room_3,36687872,36809968,25830848,25896576
market_day_scene,36810752,36820592,25896576,25902000
market_day_room_0,36823040,36845680,25902000,25907744
market_night_scene,36847616,36857392,25907744,25913056
market_night_room_0,36859904,36882336,25913056,25918656
HIDAN_scene,36884480,36993392,25918656,25982256
HIDAN_room_0,36995072,37024448,25982256,25995824
HIDAN_room_1,37027840,37079520,25995824,26021280
HIDAN_room_2,37081088,37146576,26021280,26049808
HIDAN_room_3,37146624,37156064,26049808,26054896
HIDAN_room_4,37158912,37189776,26054896,26069424
HIDAN_room_5,37191680,37233200,26069424,26086160
HIDAN_room_6,37236736,37265312,26086160,26101056
HIDAN_room_7,37265408,37280224,26101056,26108512
HIDAN_room_8,37281792,37321408,26108512,26128832
HIDAN_room_9,37322752,37357424,26128832,26144144
HIDAN_room_10,37359616,37459104,26144144,26185040
HIDAN_room_11,37462016,37476288,26185040,26192128
HIDAN_room_12,37478400,37489536,26192128,26197008
HIDAN_room_13,37490688,37542880,26197008,26217248
HIDAN_room_14,37543936,37552736,26217248,26221936
HIDAN_room_15,37556224,37560784,26221936,26224400
HIDAN_room_16,37564416,37611888,26224400,26248656
HIDAN_room_17,37613568,37650752,26248656,26264880
HIDAN_room_18,37654528,37669760,26264880,26273024
HIDAN_room_19,37670912,37687776,26273024,26281472
HIDAN_room_20,37691392,37719312,26281472,26295712
HIDAN_room_21,37720064,37754048,26295712,26314208
HIDAN_room_22,37756928,37784320,26314208,26328160
HIDAN_room_23,37785600,37813536,26328160,26342464
HIDAN_room_24,37814272,37836096,26342464,26352688
HIDAN_room_25,37838848,37866208,26352688,26367168
HIDAN_room_26,37867520,37894304,26367168,26378768
Bmori1_scene,37896192,37986192,26378768,26431600
Bmori1_room_0,37986304,38042560,26431600,26466624
Bmori1_room_1,38043648,38067040,26466624,26478480
Bmori1_room_2,38068224,38132272,26478480,26509040
Bmori1_room_3,38133760,38148624,26509040,26516208
Bmori1_room_4,38150144,38163120,26516208,26521152
Bmori1_room_5,38166528,38180320,26521152,26528176
Bmori1_room_6,38182912,38220992,26528176,26543280
Bmori1_room_7,38223872,38301696,26543280,26582560
Bmori1_room_8,38301696,38398832,26582560,26630032
Bmori1_room_9,38400000,38441360,26630032,26649728
Bmori1_room_10,38445056,38466528,26649728,26663296
Bmori1_room_11,38469632,38513616,26663296,26681008
Bmori1_room_12,38514688,38548448,26681008,26698848
Bmori1_room_13,38551552,38587056,26698848,26716976
Bmori1_room_14,38588416,38611888,26716976,26728880
Bmori1_room_15,38612992,38622864,26728880,26735360
Bmori1_room_16,38625280,38645664,26735360,26744896
Bmori1_room_17,38645760,38682960,26744896,26760592
Bmori1_room_18,38686720,38691648,26760592,26763264
Bmori1_room_19,38694912,38696208,26763264,26764080
Bmori1_room_20,38699008,38703872,26764080,26767584
Bmori1_room_21,38707200,38713216,26767584,26770720
Bmori1_room_22,38715392,38723040,26770720,26774128
ydan_scene,38723584,38779408,26774128,26807584
ydan_room_0,38780928,38867696,26807584,26861120
ydan_room_1,38871040,38887760,26861120,26874768
ydan_room_2,38891520,38915632,26874768,26892304
ydan_room_3,38916096,38998432,26892304,26948240
ydan_room_4,39002112,39021520,26948240,26962560
ydan_room_5,39022592,39056160,26962560,26986224
ydan_room_6,39059456,39079616,26986224,27001776
ydan_room_7,39079936,39115024,27001776,27030352
ydan_room_8,39116800,39120128,27030352,27032544
ydan_room_9,39120896,39159968,27032544,27063984
ydan_room_10,39161856,39181696,27063984,27077520
ydan_room_11,39182336,39211376,27077520,27095168
kenjyanoma_scene,39215104,39229680,27095168,27101056
kenjyanoma_room_0,39231488,39309584,27101056,27140064
tokinoma_scene,39313408,39389120,27140064,27172672
tokinoma_room_0,39391232,39485920,27172672,27204800
tokinoma_room_1,39489536,39518416,27204800,27216336
link_home_scene,39522304,39529312,27216336,27219520
link_home_room_0,39530496,39693440,27219520,27249728
kokiri_shop_scene,39694336,39696768,27249728,27251200
kokiri_shop_room_0,39698432,39898256,27251200,27282960
MIZUsin_scene,39899136,39988464,27282960,27331344
MIZUsin_room_0,39989248,40078464,27331344,27376544
MIZUsin_room_1,40079360,40120672,27376544,27396640
MIZUsin_room_2,40124416,40147856,27396640,27410128
MIZUsin_room_3,40148992,40175376,27410128,27424448
MIZUsin_room_4,40177664,40202208,27424448,27438768
MIZUsin_room_5,40202240,40244720,27438768,27464560
MIZUsin_room_6,40247296,40293056,27464560,27490656
MIZUsin_room_7,40296448,40318288,27490656,27502928
MIZUsin_room_8,40321024,40377552,27502928,27536496
MIZUsin_room_9,40378368,40411104,27536496,27554592
MIZUsin_room_10,40411136,40435632,27554592,27567232
MIZUsin_room_11,40435712,40454576,27567232,27577952
MIZUsin_room_12,40456192,40484240,27577952,27592144
MIZUsin_room_13,40484864,40487424,27592144,27593568
MIZUsin_room_14,40488960,40517216,27593568,27608512
MIZUsin_room_15,40517632,40547376,27608512,27626032
MIZUsin_room_16,40550400,40565456,27626032,27635680
MIZUsin_room_17,40566784,40602144,27635680,27653056
MIZUsin_room_18,40603648,40620224,27653056,27663136
MIZUsin_room_19,40624128,40638768,27663136,27672928
MIZUsin_room_20,40640512,40666944,27672928,27688672
MIZUsin_room_21,40669184,40699040,27688672,27705056
MIZUsin_room_22,40701952,40739056,27705056,27724592
kokiri_home_scene,40742912,40746176,27724592,27726496
kokiri_home_room_0,40747008,40926256,27726496,27761152
kakusiana_scene,40927232,40982560,27761152,27802304
kakusiana_room_0,40984576,41013920,27802304,27820768
kakusiana_room_1,41017344,41038224,27820768,27835312
kakusiana_room_2,41041920,41052352,27835312,27841968
kakusiana_room_3,41054208,41074992,27841968,27856528
kakusiana_room_4,41078784,41109856,27856528,27878976
kakusiana_room_5,41111552,41129696,27878976,27894016
kakusiana_room_6,41132032,41155184,27894016,27908256
kakusiana_room_7,41156608,41172944,27908256,27919920
kakusiana_room_8,41172992,41186864,27919920,27927904
kakusiana_room_9,41189376,41212624,27927904,27942192
kakusiana_room_10,41213952,41237040,27942192,27961728
kakusiana_room_11,41238528,41273008,27961728,27983072
kakusiana_room_12,41275392,41307728,27983072,28003424
kakusiana_room_13,41308160,41336528,28003424,28024496
entra_scene,41336832,41337824,28024496,28025120
entra_room_0,41340928,41495408,28025120,28055200
bdan_scene,41496576,41584576,28055200,28111840
bdan_room_0,41586688,41603184,28111840,28120704
bdan_room_1,41607168,41631376,28120704,28130272
bdan_room_2,41631744,41669072,28130272,28151552
bdan_room_3,41672704,41701728,28151552,28170384
bdan_room_4,41705472,41721936,28170384,28178400
bdan_room_5,41725952,41750560,28178400,28194032
bdan_room_6,41754624,41771584,28194032,28201312
bdan_room_7,41775104,41788704,28201312,28208688
bdan_room_8,41791488,41805952,28208688,28213696
bdan_room_9,41807872,41823344,28213696,28219808
bdan_room_10,41824256,41838640,28219808,28224752
bdan_room_11,41840640,41854976,28224752,28229728
bdan_room_12,41857024,41872592,28229728,28235920
bdan_room_13,41873408,41884496,28235920,28244320
bdan_room_14,41885696,41910752,28244320,28258912
bdan_room_15,41914368,41924320,28258912,28262608
HAKAdan_scene,41926656,42025920,28262608,28320944
HAKAdan_room_0,42029056,42074304,28320944,28336240
HAKAdan_room_1,42078208,42085056,28336240,28339920
HAKAdan_room_2,42086400,42129680,28339920,28362256
HAKAdan_room_3,42131456,42142016,28362256,28368960
HAKAdan_room_4,42143744,42150976,28368960,28372768
HAKAdan_room_5,42151936,42175072,28372768,28384464
HAKAdan_room_6,42176512,42206576,28384464,28398304
HAKAdan_room_7,42209280,42216112,28398304,28401952
HAKAdan_room_8,42217472,42238048,28401952,28411824
HAKAdan_room_9,42242048,42294112,28411824,28436656
HAKAdan_room_10,42295296,42325920,28436656,28451984
HAKAdan_room_11,42328064,42343744,28451984,28461248
HAKAdan_room_12,42344448,42366752,28461248,28472576
HAKAdan_room_13,42369024,42373040,28472576,28475472
HAKAdan_room_14,42373120,42395968,28475472,28487296
HAKAdan_room_15,42397696,42426992,28487296,28499744
HAKAdan_room_16,42430464,42440832,28499744,28505216
HAKAdan_room_17,42442752,42454224,28505216,28511712
HAKAdan_room_18,42455040,42508928,28511712,28530592
HAKAdan_room_19,42512384,42523936,28530592,28537456
HAKAdan_room_20,42524672,42532384,28537456,28541504
HAKAdan_room_21,42532864,42579120,28541504,28565536
HAKAdan_room_22,42582016,42592672,28565536,28572384
moribossroom_scene,42594304,42600704,28572384,28577552
moribossroom_room_0,42602496,42626752,28577552,28592512
moribossroom_room_1,42627072,42683056,28592512,28620608
syatekijyou_scene,42684416,42734272,28620608,28650576
syatekijyou_room_0,42737664,42768112,28650576,28660448
men_scene,42770432,42841392,28660448,28706944
men_room_0,42844160,42909584,28706944,28744256
men_room_1,42909696,42947216,28744256,28766544
men_room_2,42950656,42971008,28766544,28777088
men_room_3,42971136,43002912,28777088,28796688
men_room_4,43003904,43045200,28796688,28824048
men_room_5,43048960,43069664,28824048,28838224
men_room_6,43073536,43106112,28838224,28858560
men_room_7,43106304,43139888,28858560,28880368
men_room_8,43143168,43176464,28880368,28894272
men_room_9,43180032,43194608,28894272,28902768
men_room_10,43196416,43220064,28902768,28918336
shop1_scene,43220992,43221744,28918336,28918800
shop1_room_0,43225088,43394992,28918800,28941168
hairal_niwa_scene,43397120,43467664,28941168,28986112
hairal_niwa_room_0,43470848,43514080,28986112,29002448
ganon_tou_scene,43515904,43535216,29002448,29016480
ganon_tou_room_0,43536384,43617008,29016480,29066160
market_alley_scene,43618304,43622992,29066160,29068592
market_alley_room_0,43626496,44107520,29068592,29138080
spot20_scene,44109824,44183072,29138080,29183040
spot20_room_0,44183552,44209872,29183040,29193328
market_ruins_scene,44212224,44217904,29193328,29196480
market_ruins_room_0,44220416,44230688,29196480,29198992
entra_n_scene,44232704,44233776,29198992,29199648
entra_n_room_0,44236800,44391280,29199648,29220160
enrui_scene,44392448,44393440,29220160,29220784
enrui_room_0,44396544,44551008,29220784,29246864
market_alley_n_scene,44552192,44557040,29246864,29249408
market_alley_n_room_0,44560384,45041392,29249408,29301664
hiral_demo_scene,45043712,45059424,29301664,29307632
hiral_demo_room_0,45060096,45061696,29307632,29308080
kokiri_home3_scene,45064192,45070240,29308080,29311472
kokiri_home3_room_0,45072384,45295120,29311472,29356000
jyasinzou_scene,45297664,45402944,29356000,29420768
jyasinzou_room_0,45404160,45473600,29420768,29456080
jyasinzou_room_1,45473792,45511424,29456080,29474608
jyasinzou_room_2,45514752,45538320,29474608,29485264
jyasinzou_room_3,45539328,45554512,29485264,29494576
jyasinzou_room_4,45555712,45585008,29494576,29511648
jyasinzou_room_5,45588480,45686592,29511648,29561184
jyasinzou_room_6,45686784,45705216,29561184,29569344
jyasinzou_room_7,45707264,45729040,29569344,29579216
jyasinzou_room_8,45731840,45764720,29579216,29594976
jyasinzou_room_9,45768704,45792752,29594976,29605728
jyasinzou_room_10,45793280,45826464,29605728,29621008
jyasinzou_room_11,45830144,45834256,29621008,29623648
jyasinzou_room_12,45838336,45846624,29623648,29628784
jyasinzou_room_13,45850624,45873232,29628784,29642672
jyasinzou_room_14,45875200,45894800,29642672,29652384
jyasinzou_room_15,45895680,45929584,29652384,29668112
jyasinzou_room_16,45932544,45957520,29668112,29679600
jyasinzou_room_17,45961216,45999632,29679600,29696288
jyasinzou_room_18,46002176,46025904,29696288,29708352
jyasinzou_room_19,46026752,46050784,29708352,29719072
jyasinzou_room_20,46051328,46084544,29719072,29734352
jyasinzou_room_21,46088192,46106192,29734352,29743792
jyasinzou_room_22,46108672,46121168,29743792,29750960
jyasinzou_room_23,46125056,46162320,29750960,29769984
jyasinzou_room_24,46166016,46191792,29769984,29781808
jyasinzou_room_25,46194688,46283632,29781808,29827920
jyasinzou_room_26,46284800,46336800,29827920,29855984
jyasinzou_room_27,46338048,46360256,29855984,29863760
jyasinzou_room_28,46362624,46397984,29863760,29881520
ice_doukutu_scene,46399488,46470656,29881520,29938816
ice_doukutu_room_0,46473216,46507616,29938816,29966288
ice_doukutu_room_1,46510080,46560576,29966288,30002368
ice_doukutu_room_2,46563328,46586608,30002368,30020464
ice_doukutu_room_3,46587904,46620800,30020464,30043312
ice_doukutu_room_4,46624768,46655088,30043312,30065856
ice_doukutu_room_5,46657536,46692496,30065856,30089360
ice_doukutu_room_6,46694400,46711392,30089360,30101440
ice_doukutu_room_7,46714880,46737648,30101440,30114576
ice_doukutu_room_8,46739456,46745936,30114576,30118304
ice_doukutu_room_9,46747648,46782032,30118304,30139632
ice_doukutu_room_10,46784512,46801888,30139632,30153520
ice_doukutu_room_11,46804992,46827776,30153520,30168896
malon_stable_scene,46829568,46831216,30168896,30169824
malon_stable_room_0,46833664,47022672,30169824,30200176
kakariko_scene,47026176,47029920,30200176,30202400
kakariko_room_0,47030272,47206336,30202400,30225040
bdan_boss_scene,47206400,47210048,30225040,30227424
bdan_boss_room_0,47210496,47222816,30227424,30235040
bdan_boss_room_1,47226880,47247552,30235040,30245888
FIRE_bs_scene,47251456,47270912,30245888,30258304
FIRE_bs_room_0,47271936,47288944,30258304,30267952
FIRE_bs_room_1,47292416,47321056,30267952,30283104
hut_scene,47321088,47322384,30283104,30283872
hut_room_0,47325184,47494560,30283872,30304912
daiyousei_izumi_scene,47497216,47554560,30304912,30332672
daiyousei_izumi_room_0,47554560,47569168,30332672,30338592
hakaana_scene,47570944,47573648,30338592,30340176
hakaana_room_0,47575040,47605968,30340176,30357776
yousei_izumi_tate_scene,47607808,47642640,30357776,30381456
yousei_izumi_tate_room_0,47644672,47661776,30381456,30388496
yousei_izumi_yoko_scene,47665152,47717792,30388496,30412528
yousei_izumi_yoko_room_0,47718400,47734800,30412528,30419408
golon_scene,47738880,47739808,30419408,30420000
golon_room_0,47742976,47899088,30420000,30438816
zoora_scene,47902720,47903632,30438816,30439408
zoora_room_0,47906816,48062944,30439408,30460496
drag_scene,48066560,48067568,30460496,30461120
drag_room_0,48070656,48250464,30461120,30486608
alley_shop_scene,48250880,48252336,30486608,30487504
alley_shop_room_0,48254976,48413744,30487504,30507136
night_shop_scene,48414720,48416368,30507136,30508208
night_shop_room_0,48418816,48585056,30508208,30529808
impa_scene,48586752,48590096,30529808,30531680
impa_room_0,48590848,48750496,30531680,30550160
labo_scene,48750592,48754416,30550160,30552256
labo_room_0,48754688,48936688,30552256,30580656
tent_scene,48939008,48940672,30580656,30581648
tent_room_0,48943104,49153696,30581648,30619152
nakaniwa_scene,49156096,49170976,30619152,30625456
nakaniwa_room_0,49172480,49270464,30625456,30683264
ddan_boss_scene,49270784,49281120,30683264,30692192
ddan_boss_room_0,49283072,49303088,30692192,30701440
ddan_boss_room_1,49303552,49319392,30701440,30711872
ydan_boss_scene,49319936,49325888,30711872,30716800
ydan_boss_room_0,49328128,49356784,30716800,30740992
ydan_boss_room_1,49356800,49383408,30740992,30756784
HAKAdan_bs_scene,49385472,49395584,30756784,30764048
HAKAdan_bs_room_0,49397760,49408480,30764048,30768336
HAKAdan_bs_room_1,49410048,49434448,30768336,30783216
MIZUsin_bs_scene,49434624,49441376,30783216,30786864
MIZUsin_bs_room_0,49442816,49460336,30786864,30798272
MIZUsin_bs_room_1,49463296,49509104,30798272,30821888
ganon_scene,49512448,49579952,30821888,30862336
ganon_room_0,49582080,49614544,30862336,30876000
ganon_room_1,49614848,49645424,30876000,30886992
ganon_room_2,49647616,49678416,30886992,30900208
ganon_room_3,49680384,49710896,30900208,30911904
ganon_room_4,49713152,49750224,30911904,30929872
ganon_room_5,49754112,49789712,30929872,30945840
ganon_room_6,49790976,49830816,30945840,30963456
ganon_room_7,49831936,49874848,30963456,30981424
ganon_room_8,49876992,49904608,30981424,30993984
ganon_room_9,49905664,49928480,30993984,31009232
ganon_boss_scene,49930240,49962016,31009232,31033456
ganon_boss_room_0,49963008,49987200,31033456,31039456
jyasinboss_scene,49987584,50023664,31039456,31057776
jyasinboss_room_0,50024448,50028496,31057776,31059936
jyasinboss_room_1,50028544,50060864,31059936,31076192
jyasinboss_room_2,50061312,50077120,31076192,31082736
jyasinboss_room_3,50077696,50124544,31082736,31111984
kokiri_home4_scene,50126848,50133680,31111984,31116048
kokiri_home4_room_0,50135040,50366800,31116048,31167792
kokiri_home5_scene,50368512,50373648,31167792,31170800
kokiri_home5_room_0,50376704,50577248,31170800,31209440
ganon_final_scene,50577408,50651520,31209440,31262848
ganon_final_room_0,50655232,50708144,31262848,31283392
kakariko3_scene,50708480,50710592,31283392,31284624
kakariko3_room_0,50712576,50886016,31284624,31311264
hakasitarelay_scene,50888704,50946672,31311264,31348608
hakasitarelay_room_0,50950144,50979520,31348608,31366448
hakasitarelay_room_1,50982912,51009312,31366448,31381424
hakasitarelay_room_2,51011584,51045552,31381424,31400048
hakasitarelay_room_3,51048448,51084512,31400048,31422576
hakasitarelay_room_4,51085312,51102848,31422576,31435632
hakasitarelay_room_5,51105792,51123280,31435632,31447952
hakasitarelay_room_6,51126272,51157680,31447952,31468224
shrine_scene,51159040,51164384,31468224,31471120
shrine_room_0,51167232,51505904,31471120,31526320
turibori_scene,51507200,51582688,31526320,31578928
turibori_room_0,51585024,51611488,31578928,31591168
shrine_n_scene,51613696,51619072,31591168,31594080
shrine_n_room_0,51621888,51960592,31594080,31636096
shrine_r_scene,51961856,51967120,31636096,31638896
shrine_r_room_0,51970048,52308720,31638896,31681776
ganontika_scene,52310016,52447168,31681776,31766272
ganontika_room_0,52449280,52486592,31766272,31779152
ganontika_room_1,52490240,52607408,31779152,31831616
ganontika_room_2,52609024,52639712,31831616,31847456
ganontika_room_3,52641792,52681104,31847456,31868144
ganontika_room_4,52682752,52714640,31868144,31883248
ganontika_room_5,52715520,52745536,31883248,31897360
ganontika_room_6,52748288,52812784,31897360,31919744
ganontika_room_7,52813824,52845712,31919744,31935360
ganontika_room_8,52846592,52883568,31935360,31950752
ganontika_room_9,52887552,52934800,31950752,31966144
ganontika_room_10,52936704,52964208,31966144,31978544
ganontika_room_11,52965376,52992336,31978544,31990736
ganontika_room_12,52994048,53039984,31990736,32010688
ganontika_room_13,53043200,53075264,32010688,32026480
ganontika_room_14,53075968,53117344,32026480,32043024
ganontika_room_15,53121024,53153088,32043024,32058816
ganontika_room_16,53153792,53165600,32058816,32063312
ganontika_room_17,53166080,53200544,32063312,32075328
ganontika_room_18,53202944,53253744,32075328,32094480
ganontika_room_19,53256192,53288256,32094480,32110256
hakaana2_scene,53288960,53342352,32110256,32149104
hakaana2_room_0,53346304,53372944,32149104,32159952
gerudoway_scene,53374976,53430560,32159952,32191648
gerudoway_room_0,53432320,53452096,32191648,32201440
gerudoway_room_1,53452800,53482160,32201440,32215808
gerudoway_room_2,53485568,53501520,32215808,32222256
gerudoway_room_3,53501952,53547792,32222256,32243344
gerudoway_room_4,53551104,53565728,32243344,32249632
gerudoway_room_5,53567488,53587520,32249632,32257552
HAKAdanCH_scene,53587968,53638496,32257552,32288336
HAKAdanCH_room_0,53641216,53728752,32288336,32330768
HAKAdanCH_room_1,53731328,53777104,32330768,32349712
HAKAdanCH_room_2,53780480,53793168,32349712,32354944
HAKAdanCH_room_3,53796864,53804128,32354944,32358528
HAKAdanCH_room_4,53805056,53814352,32358528,32364240
HAKAdanCH_room_5,53817344,53827936,32364240,32370512
HAKAdanCH_room_6,53829632,53841536,32370512,32379488
hairal_niwa_n_scene,53841920,53879024,32379488,32405120
hairal_niwa_n_room_0,53882880,53896736,32405120,32410112
bowling_scene,53899264,53959456,32410112,32444176
bowling_room_0,53960704,53985760,32444176,32454224
hakaana_ouke_scene,53989376,54008544,32454224,32465824
hakaana_ouke_room_0,54009856,54052864,32465824,32485248
hakaana_ouke_room_1,54054912,54073344,32485248,32495424
hakaana_ouke_room_2,54075392,54100240,32495424,32511536
hylia_labo_scene,54104064,54173840,32511536,32551168
hylia_labo_room_0,54177792,54207952,32551168,32562592
souko_scene,54210560,54238224,32562592,32578448
souko_room_0,54239232,54277440,32578448,32599184
souko_room_1,54280192,54322224,32599184,32620960
souko_room_2,54325248,54358400,32620960,32638400
miharigoya_scene,54362112,54412624,32638400,32668288
miharigoya_room_0,54415360,54431152,32668288,32673888
mahouya_scene,54431744,54475296,32673888,32702720
mahouya_room_0,54476800,54504080,32702720,32713232
takaraya_scene,54505472,54534576,32713232,32729072
takaraya_room_0,54538240,54578624,32729072,32750928
takaraya_room_1,54579200,54587392,32750928,32754816
takaraya_room_2,54587392,54595632,32754816,32758736
takaraya_room_3,54599680,54609952,32758736,32764288
takaraya_room_4,54611968,54624288,32764288,32771184
takaraya_room_5,54628352,54640640,32771184,32778032
takaraya_room_6,54640640,54651648,32778032,32783936
ganon_sonogo_scene,54652928,54685456,32783936,32802528
ganon_sonogo_room_0,54685696,54718080,32802528,32816544
ganon_sonogo_room_1,54718464,54750128,32816544,32830432
ganon_sonogo_room_2,54751232,54787232,32830432,32848688
ganon_sonogo_room_3,54788096,54810176,32848688,32858160
ganon_sonogo_room_4,54812672,54848752,32858160,32875824
ganon_demo_scene,54849536,54886512,32875824,32905808
ganon_demo_room_0,54890496,54907216,32905808,32914800
face_shop_scene,54910976,54911856,32914800,32915360
face_shop_room_0,54915072,55105088,32915360,32949920
kinsuta_scene,55107584,55113232,32949920,32953408
kinsuta_room_0,55115776,55173280,32953408,32993408
ganontikasonogo_scene,55177216,55196416,32993408,33004448
ganontikasonogo_room_0,55197696,55294848,33004448,33047584
ganontikasonogo_room_1,55296000,55336736,33047584,33064192
bump_texture_static,55336960,55337984,33064192,33064864
anime_model_1_static,55341056,55341072,33064864,33064896
anime_model_2_static,55345152,55345168,33064896,33064928
anime_model_3_static,55349248,55349264,33064928,33064960
anime_model_4_static,55353344,55353360,33064960,33064992
anime_model_5_static,55357440,55357456,33064992,33065024
anime_model_6_static,55361536,55361552,33065024,33065056
anime_texture_1_static,55365632,55365648,33065056,33065088
anime_texture_2_static,55369728,55369744,33065088,33065120
anime_texture_3_static,55373824,55373840,33065120,33065152
anime_texture_4_static,55377920,55377936,33065152,33065184
anime_texture_5_static,55382016,55382032,33065184,33065216
anime_texture_6_static,55386112,55386128,33065216,33065248
softsprite_matrix_static,55390208,55390272,33065248,33065280
