makerom,0,4192,0,0
boot,4192,29040,4192,0
dmadata,29040,53440,29040,0
Audiobank,53440,233088,53440,0
Audioseq,233088,559360,233088,0
Audiotable,559360,5086352,559360,0
kanji,5086352,5595024,5086352,0
link_animetion,5595136,8109104,5595024,0
icon_item_static,8110080,8669344,8108992,0
icon_item_24_static,8671232,8717312,8668256,0
icon_item_field_static,8720384,8767792,8714336,8741568
icon_item_dungeon_static,8769536,8777088,8741568,8743136
icon_item_gameover_static,8777728,8790784,8743136,8749024
icon_item_jpn_static,8794112,8850560,8749024,8770960
icon_item_nes_static,8851456,8907904,8770960,8793968
item_name_static,8908800,9160704,8793968,0
map_name_static,9162752,9299968,9045872,0
do_action_static,9302016,9324288,9183088,0
message_static,9326592,9343360,9205360,0
message_texture_static,9347072,9351680,9222128,0
nes_font_static,9355264,9373056,9226736,0
jpn_message_data_static,9375744,9614128,9244528,0
nes_message_data_static,9617408,9847008,9482912,0
staff_message_data_static,9850880,9854816,9712512,0
map_grand_static,9854976,9913168,9716448,0
map_48x85_static,9916416,10055136,9774640,0
map_i_static,10055680,11030800,9913360,0
code,11034624,12102272,10888480,11524768
ovl_title,12102272,12104432,11524768,11526400
ovl_select,12104432,12115824,11526400,11533280
ovl_opening,12115824,12116176,11533280,11533584
ovl_file_choose,12116176,12181552,11533584,11570192
ovl_kaleido_scope,12181552,12298160,11570192,11630928
ovl_player_actor,12298160,12455616,11630928,11734192
ovl_map_mark_data,12455616,12483104,11734192,11735136
ovl_En_Test,12483104,12505808,11735136,11748656
ovl_Arms_Hook,12505808,12509248,11748656,11751376
ovl_Arrow_Fire,12509248,12517152,11751376,11758224
ovl_Arrow_Ice,12517152,12525088,11758224,11764480
ovl_Arrow_Light,12525088,12533040,11764480,11770880
ovl_Bg_Bdan_Objects,12533040,12537856,11770880,11774240
ovl_Bg_Bdan_Switch,12537856,12543024,11774240,11777232
ovl_Bg_Bom_Guard,12543024,12543568,11777232,11777728
ovl_Bg_Bombwall,12543568,12545808,11777728,11779488
ovl_Bg_Bowl_Wall,12545808,12548240,11779488,11781568
ovl_Bg_Breakwall,12548240,12551936,11781568,11784480
ovl_Bg_Ddan_Jd,12551936,12553552,11784480,11785760
ovl_Bg_Ddan_Kd,12553552,12555840,11785760,11787520
ovl_Bg_Dodoago,12555840,12559232,11787520,11790176
ovl_Bg_Dy_Yoseizo,12559232,12570992,11790176,11798176
ovl_Bg_Ganon_Otyuka,12570992,12580784,11798176,11805632
ovl_Bg_Gate_Shutter,12580784,12581952,11805632,11806528
ovl_Bg_Gjyo_Bridge,12581952,12583216,11806528,11807600
ovl_Bg_Gnd_Darkmeiro,12583216,12585200,11807600,11809072
ovl_Bg_Gnd_Firemeiro,12585200,12586560,11809072,11810176
ovl_Bg_Gnd_Iceblock,12586560,12590896,11810176,11813056
ovl_Bg_Gnd_Nisekabe,12590896,12591264,11813056,11813392
ovl_Bg_Gnd_Soulmeiro,12591264,12593408,11813392,11815184
ovl_Bg_Haka,12593408,12595136,11815184,11816640
ovl_Bg_Haka_Gate,12595136,12599376,11816640,11819920
ovl_Bg_Haka_Huta,12599376,12602096,11819920,11822064
ovl_Bg_Haka_Megane,12602096,12603120,11822064,11822912
ovl_Bg_Haka_MeganeBG,12603120,12604848,11822912,11824272
ovl_Bg_Haka_Sgami,12604848,12607952,11824272,11826704
ovl_Bg_Haka_Ship,12607952,12610592,11826704,11828800
ovl_Bg_Haka_Trap,12610592,12616176,11828800,11832912
ovl_Bg_Haka_Tubo,12616176,12618768,11832912,11835024
ovl_Bg_Haka_Water,12618768,12620816,11835024,11836496
ovl_Bg_Haka_Zou,12620816,12625408,11836496,11839952
ovl_Bg_Heavy_Block,12625408,12631792,11839952,11844624
ovl_Bg_Hidan_Curtain,12631792,12634512,11844624,11846720
ovl_Bg_Hidan_Dalm,12634512,12636640,11846720,11848352
ovl_Bg_Hidan_Firewall,12636640,12638528,11848352,11849936
ovl_Bg_Hidan_Fslift,12638528,12639760,11849936,11850880
ovl_Bg_Hidan_Fwbig,12639760,12643056,11850880,11853536
ovl_Bg_Hidan_Hamstep,12643056,12646816,11853536,11856400
ovl_Bg_Hidan_Hrock,12646816,12648912,11856400,11858048
ovl_Bg_Hidan_Kousi,12648912,12650336,11858048,11859136
ovl_Bg_Hidan_Kowarerukabe,12650336,12654144,11859136,11861648
ovl_Bg_Hidan_Rock,12654144,12658496,11861648,11864944
ovl_Bg_Hidan_Rsekizou,12658496,12661536,11864944,11867216
ovl_Bg_Hidan_Sekizou,12661536,12666736,11867216,11871168
ovl_Bg_Hidan_Sima,12666736,12670576,11871168,11874192
ovl_Bg_Hidan_Syoku,12670576,12671696,11874192,11874976
ovl_Bg_Ice_Objects,12671696,12675600,11874976,11877600
ovl_Bg_Ice_Shelter,12675600,12680272,11877600,11881168
ovl_Bg_Ice_Shutter,12680272,12681408,11881168,11882032
ovl_Bg_Ice_Turara,12681408,12683504,11882032,11883760
ovl_Bg_Ingate,12683504,12684416,11883760,11884560
ovl_Bg_Jya_1flift,12684416,12686096,11884560,11885840
ovl_Bg_Jya_Amishutter,12686096,12687008,11885840,11886432
ovl_Bg_Jya_Bigmirror,12687008,12689136,11886432,11888240
ovl_Bg_Jya_Block,12689136,12689760,11888240,11888848
ovl_Bg_Jya_Bombchuiwa,12689760,12692640,11888848,11891056
ovl_Bg_Jya_Bombiwa,12692640,12694112,11891056,11892304
ovl_Bg_Jya_Cobra,12694112,12701600,11892304,11897808
ovl_Bg_Jya_Goroiwa,12701600,12703520,11897808,11899440
ovl_Bg_Jya_Haheniron,12703520,12705552,11899440,11901104
ovl_Bg_Jya_Ironobj,12705552,12709056,11901104,11903504
ovl_Bg_Jya_Kanaami,12709056,12710000,11903504,11904256
ovl_Bg_Jya_Lift,12710000,12711360,11904256,11905344
ovl_Bg_Jya_Megami,12711360,12715952,11905344,11909168
ovl_Bg_Jya_Zurerukabe,12715952,12717664,11909168,11910528
ovl_Bg_Menkuri_Eye,12717664,12718832,11910528,11911536
ovl_Bg_Menkuri_Kaiten,12718832,12719232,11911536,11911888
ovl_Bg_Menkuri_Nisekabe,12719232,12719568,11911888,11912176
ovl_Bg_Mizu_Bwall,12719568,12724896,11912176,11915712
ovl_Bg_Mizu_Movebg,12724896,12729376,11915712,11918992
ovl_Bg_Mizu_Shutter,12729376,12731424,11918992,11920592
ovl_Bg_Mizu_Uzu,12731424,12731888,11920592,11920976
ovl_Bg_Mizu_Water,12731888,12735168,11920976,11923280
ovl_Bg_Mjin,12735168,12736176,11923280,11924144
ovl_Bg_Mori_Bigst,12736176,12738528,11924144,11925792
ovl_Bg_Mori_Elevator,12738528,12741328,11925792,11927680
ovl_Bg_Mori_Hashigo,12741328,12743568,11927680,11929344
ovl_Bg_Mori_Hashira4,12743568,12744976,11929344,11930448
ovl_Bg_Mori_Hineri,12744976,12748384,11930448,11932976
ovl_Bg_Mori_Idomizu,12748384,12749984,11932976,11934240
ovl_Bg_Mori_Kaitenkabe,12749984,12751632,11934240,11935600
ovl_Bg_Mori_Rakkatenjo,12751632,12754064,11935600,11937328
ovl_Bg_Po_Event,12754064,12761792,11937328,11943040
ovl_Bg_Po_Syokudai,12761792,12764208,11943040,11945008
ovl_Bg_Pushbox,12764208,12764976,11945008,11945664
ovl_Bg_Relay_Objects,12764976,12766944,11945664,11947232
ovl_Bg_Spot00_Break,12766944,12767360,11947232,11947600
ovl_Bg_Spot00_Hanebasi,12767360,12771728,11947600,11951120
ovl_Bg_Spot01_Fusya,12771728,12772400,11951120,11951712
ovl_Bg_Spot01_Idohashira,12772400,12775472,11951712,11954064
ovl_Bg_Spot01_Idomizu,12775472,12776272,11954064,11954784
ovl_Bg_Spot01_Idosoko,12776272,12776800,11954784,11955232
ovl_Bg_Spot01_Objects2,12776800,12778016,11955232,11956272
ovl_Bg_Spot02_Objects,12778016,12782976,11956272,11959840
ovl_Bg_Spot03_Taki,12782976,12785312,11959840,11961600
ovl_Bg_Spot05_Soko,12785312,12786112,11961600,11962256
ovl_Bg_Spot06_Objects,12786112,12791232,11962256,11966112
ovl_Bg_Spot07_Taki,12791232,12792752,11966112,11967248
ovl_Bg_Spot08_Bakudankabe,12792752,12794448,11967248,11968704
ovl_Bg_Spot08_Iceblock,12794448,12798608,11968704,11971680
ovl_Bg_Spot09_Obj,12798608,12799920,11971680,11972672
ovl_Bg_Spot11_Bakudankabe,12799920,12801520,11972672,11974048
ovl_Bg_Spot11_Oasis,12801520,12803360,11974048,11975632
ovl_Bg_Spot12_Gate,12803360,12804400,11975632,11976416
ovl_Bg_Spot12_Saku,12804400,12805616,11976416,11977376
ovl_Bg_Spot15_Rrbox,12805616,12809168,11977376,11979952
ovl_Bg_Spot15_Saku,12809168,12810000,11979952,11980672
ovl_Bg_Spot16_Bombstone,12810000,12815456,11980672,11984992
ovl_Bg_Spot16_Doughnut,12815456,12816928,11984992,11986224
ovl_Bg_Spot17_Bakudankabe,12816928,12818704,11986224,11987744
ovl_Bg_Spot17_Funen,12818704,12819296,11987744,11988272
ovl_Bg_Spot18_Basket,12819296,12823376,11988272,11991360
ovl_Bg_Spot18_Futa,12823376,12823792,11991360,11991712
ovl_Bg_Spot18_Obj,12823792,12826048,11991712,11993328
ovl_Bg_Spot18_Shutter,12826048,12827408,11993328,11994384
ovl_Bg_Sst_Floor,12827408,12828784,11994384,11995648
ovl_Bg_Toki_Hikari,12828784,12832272,11995648,11997744
ovl_Bg_Toki_Swd,12832272,12837984,11997744,12000368
ovl_Bg_Treemouth,12837984,12843712,12000368,12003440
ovl_Bg_Umajump,12843712,12844112,12003440,12003808
ovl_Bg_Vb_Sima,12844112,12845936,12003808,12005424
ovl_Bg_Ydan_Hasi,12845936,12847904,12005424,12006992
ovl_Bg_Ydan_Maruta,12847904,12849664,12006992,12008400
ovl_Bg_Ydan_Sp,12849664,12855584,12008400,12012720
ovl_Bg_Zg,12855584,12856688,12012720,12013616
ovl_Boss_Dodongo,12856688,12896368,12013616,12038912
ovl_Boss_Fd,12896368,12925904,12038912,12058656
ovl_Boss_Fd2,12925904,12941568,12058656,12069760
ovl_Boss_Ganon,12941568,13081520,12069760,12157600
ovl_Boss_Ganon2,13081520,13152000,12157600,12200032
ovl_Boss_Ganondrof,13152000,13171856,12200032,12213200
ovl_Boss_Goma,13171856,13196336,12213200,12228064
ovl_Boss_Mo,13196336,13244160,12228064,12261376
ovl_Boss_Sst,13244160,13294736,12261376,12292960
ovl_Boss_Tw,13294736,13372896,12292960,12343648
ovl_Boss_Va,13372896,13432432,12343648,12382064
ovl_Demo_6K,13432432,13444048,12382064,12390592
ovl_Demo_Du,13444048,13458352,12390592,12397664
ovl_Demo_Ec,13458352,13472784,12397664,12403584
ovl_Demo_Effect,13472784,13496240,12403584,12418800
ovl_Demo_Ext,13496240,13498624,12418800,12420640
ovl_Demo_Geff,13498624,13500704,12420640,12422160
ovl_Demo_Gj,13500704,13516240,12422160,12429440
ovl_Demo_Go,13516240,13519648,12429440,12431808
ovl_Demo_Gt,13519648,13541680,12431808,12442944
ovl_Demo_Ik,13541680,13547072,12442944,12446288
ovl_Demo_Im,13547072,13563312,12446288,12454400
ovl_Demo_Kankyo,13563312,13578832,12454400,12463648
ovl_Demo_Kekkai,13578832,13583680,12463648,12467376
ovl_Demo_Sa,13583680,13594720,12467376,12472864
ovl_Demo_Shd,13594720,13603952,12472864,12479040
ovl_Demo_Tre_Lgt,13603952,13605760,12479040,12480560
ovl_Door_Ana,13605760,13607408,12480560,12481936
ovl_Door_Gerudo,13607408,13608928,12481936,12483216
ovl_Door_Killer,13608928,13614416,12483216,12487440
ovl_Door_Shutter,13614416,13623312,12487440,12493840
ovl_Door_Toki,13623312,13623664,12493840,12494128
ovl_Door_Warp1,13623664,13640816,12494128,12504000
ovl_Efc_Erupc,13640816,13643616,12504000,12506304
ovl_Eff_Dust,13643616,13648688,12506304,12509360
ovl_Effect_Ss_Blast,13648688,13649600,12509360,12510240
ovl_Effect_Ss_Bomb,13649600,13650672,12510240,12511232
ovl_Effect_Ss_Bomb2,13650672,13652976,12511232,12512944
ovl_Effect_Ss_Bubble,13652976,13654128,12512944,12513968
ovl_Effect_Ss_D_Fire,13654128,13655392,12513968,12515152
ovl_Effect_Ss_Dead_Db,13655392,13656640,12515152,12516352
ovl_Effect_Ss_Dead_Dd,13656640,13658064,12516352,12517664
ovl_Effect_Ss_Dead_Ds,13658064,13659216,12517664,12518736
ovl_Effect_Ss_Dead_Sound,13659216,13659536,12518736,12519056
ovl_Effect_Ss_Dt_Bubble,13659536,13660960,12519056,12520304
ovl_Effect_Ss_Dust,13660960,13663072,12520304,12522032
ovl_Effect_Ss_En_Fire,13663072,13664944,12522032,12523712
ovl_Effect_Ss_En_Ice,13664944,13667184,12523712,12525680
ovl_Effect_Ss_Extra,13667184,13668144,12525680,12526608
ovl_Effect_Ss_Fcircle,13668144,13669344,12526608,12527744
ovl_Effect_Ss_Fhg_Flash,13669344,13673312,12527744,12530320
ovl_Effect_Ss_Fire_Tail,13673312,13675104,12530320,12531936
ovl_Effect_Ss_G_Fire,13675104,13675760,12531936,12532544
ovl_Effect_Ss_G_Magma,13675760,13676368,12532544,12533120
ovl_Effect_Ss_G_Magma2,13676368,13677664,12533120,12534336
ovl_Effect_Ss_G_Ripple,13677664,13679040,12534336,12535584
ovl_Effect_Ss_G_Spk,13679040,13680496,12535584,12536896
ovl_Effect_Ss_G_Splash,13680496,13681696,12536896,12537872
ovl_Effect_Ss_Hahen,13681696,13683296,12537872,12539136
ovl_Effect_Ss_HitMark,13683296,13684656,12539136,12540336
ovl_Effect_Ss_Ice_Piece,13684656,13685744,12540336,12541360
ovl_Effect_Ss_Ice_Smoke,13685744,13686992,12541360,12542448
ovl_Effect_Ss_K_Fire,13686992,13688080,12542448,12543472
ovl_Effect_Ss_Kakera,13688080,13692320,12543472,12546592
ovl_Effect_Ss_KiraKira,13692320,13693968,12546592,12548032
ovl_Effect_Ss_Lightning,13693968,13695712,12548032,12549648
ovl_Effect_Ss_Sibuki,13695712,13697456,12549648,12551200
ovl_Effect_Ss_Sibuki2,13697456,13698272,12551200,12551968
ovl_Effect_Ss_Solder_Srch_Ball,13698272,13698704,12551968,12552384
ovl_Effect_Ss_Stick,13698704,13699632,12552384,12553232
ovl_Effect_Ss_Stone1,13699632,13700528,12553232,12554080
ovl_Elf_Msg,13700528,13702048,12554080,12555200
ovl_Elf_Msg2,13702048,13703184,12555200,12555968
ovl_En_Am,13703184,13712400,12555968,12562160
ovl_En_Ani,13712400,13715840,12562160,12564608
ovl_En_Anubice,13715840,13720624,12564608,12568144
ovl_En_Anubice_Fire,13720624,13724144,12568144,12571056
ovl_En_Anubice_Tag,13724144,13724864,12571056,12571680
ovl_En_Arow_Trap,13724864,13725200,12571680,12572000
ovl_En_Arrow,13725200,13731088,12572000,12576224
ovl_En_Attack_Niw,13731088,13735792,12576224,12579648
ovl_En_Ba,13735792,13743680,12579648,12584816
ovl_En_Bb,13743680,13759264,12584816,12596016
ovl_En_Bdfire,13759264,13762240,12596016,12598336
ovl_En_Bigokuta,13762240,13773248,12598336,12605808
ovl_En_Bili,13773248,13782160,12605808,12612016
ovl_En_Bird,13782160,13783376,12612016,12613008
ovl_En_Blkobj,13783376,13784752,12613008,12614160
ovl_En_Bom,13784752,13788544,12614160,12617152
ovl_En_Bom_Bowl_Man,13788544,13793984,12617152,12621152
ovl_En_Bom_Bowl_Pit,13793984,13796400,12621152,12623040
ovl_En_Bom_Chu,13796400,13802192,12623040,12627632
ovl_En_Bombf,13802192,13807456,12627632,12631728
ovl_En_Boom,13807456,13809712,12631728,12633584
ovl_En_Box,13809712,13816704,12633584,12638432
ovl_En_Brob,13816704,13821040,12638432,12641568
ovl_En_Bubble,13821040,13826192,12641568,12645504
ovl_En_Butte,13826192,13831776,12645504,12649552
ovl_En_Bw,13831776,13844976,12649552,12658432
ovl_En_Bx,13844976,13847792,12658432,12660896
ovl_En_Changer,13847792,13850320,12660896,12662768
ovl_En_Clear_Tag,13850320,13886016,12662768,12680144
ovl_En_Cow,13886016,13891232,12680144,12683504
ovl_En_Crow,13891232,13897024,12683504,12687808
ovl_En_Cs,13897024,13901680,12687808,12691376
ovl_En_Daiku,13901680,13907632,12691376,12695952
ovl_En_Daiku_Kakariko,13907632,13912688,12695952,12699760
ovl_En_Dekubaba,13912688,13927712,12699760,12709424
ovl_En_Dekunuts,13927712,13933856,12709424,12713440
ovl_En_Dh,13933856,13940736,12713440,12718432
ovl_En_Dha,13940736,13944832,12718432,12721456
ovl_En_Diving_Game,13944832,13951408,12721456,12726064
ovl_En_Dns,13951408,13956416,12726064,12729344
ovl_En_Dnt_Demo,13956416,13959776,12729344,12731984
ovl_En_Dnt_Jiji,13959776,13965184,12731984,12735248
ovl_En_Dnt_Nomal,13965184,13976960,12735248,12742336
ovl_En_Dodojr,13976960,13984800,12742336,12747792
ovl_En_Dodongo,13984800,13996480,12747792,12755792
ovl_En_Dog,13996480,14001008,12755792,12758992
ovl_En_Door,14001008,14004656,12758992,12762000
ovl_En_Ds,14004656,14007760,12762000,12764144
ovl_En_Du,14007760,14014560,12764144,12768832
ovl_En_Dy_Extra,14014560,14016000,12768832,12770096
ovl_En_Eg,14016000,14016432,12770096,12770448
ovl_En_Eiyer,14016432,14023696,12770448,12775616
ovl_En_Elf,14023696,14042576,12775616,12787904
ovl_En_Encount1,14042576,14045488,12787904,12790304
ovl_En_Encount2,14045488,14050144,12790304,12793904
ovl_En_Ex_Item,14050144,14054624,12793904,12797168
ovl_En_Ex_Ruppy,14054624,14058912,12797168,12800448
ovl_En_Fd,14058912,14070336,12800448,12808912
ovl_En_Fd_Fire,14070336,14073680,12808912,12811696
ovl_En_Fhg_Fire,14073680,14083568,12811696,12818768
ovl_En_Fire_Rock,14083568,14087936,12818768,12821952
ovl_En_Firefly,14087936,14096496,12821952,12827712
ovl_En_Fish,14096496,14104960,12827712,12833024
ovl_En_Floormas,14104960,14118240,12833024,12841200
ovl_En_Fr,14118240,14129136,12841200,12848944
ovl_En_Fu,14129136,14132528,12848944,12851616
ovl_En_Fw,14132528,14138608,12851616,12856528
ovl_En_Fz,14138608,14146816,12856528,12862336
ovl_En_G_Switch,14146816,14152992,12862336,12867088
ovl_En_Ganon_Mant,14152992,14169936,12867088,12874592
ovl_En_Ganon_Organ,14169936,14198672,12874592,12888560
ovl_En_Gb,14198672,14204608,12888560,12892960
ovl_En_Ge1,14204608,14212848,12892960,12898128
ovl_En_Ge2,14212848,14219408,12898128,12902624
ovl_En_Ge3,14219408,14222544,12902624,12904976
ovl_En_GeldB,14222544,14243968,12904976,12918240
ovl_En_GirlA,14243968,14254496,12918240,12923472
ovl_En_Gm,14254496,14257872,12923472,12926064
ovl_En_Go,14257872,14275856,12926064,12937680
ovl_En_Go2,14275856,14300496,12937680,12953568
ovl_En_Goma,14300496,14311936,12953568,12961152
ovl_En_Goroiwa,14311936,14321088,12961152,12967584
ovl_En_Gs,14321088,14328880,12967584,12973296
ovl_En_Guest,14328880,14331344,12973296,12975360
ovl_En_Hata,14331344,14332768,12975360,12976640
ovl_En_Heishi1,14332768,14338160,12976640,12980304
ovl_En_Heishi2,14338160,14346864,12980304,12985600
ovl_En_Heishi3,14346864,14349376,12985600,12987440
ovl_En_Heishi4,14349376,14353216,12987440,12990144
ovl_En_Hintnuts,14353216,14359920,12990144,12994672
ovl_En_Holl,14359920,14363968,12994672,12997648
ovl_En_Honotrap,14363968,14369440,12997648,13001696
ovl_En_Horse,14369440,14419200,13001696,13032416
ovl_En_Horse_Game_Check,14419200,14423504,13032416,13035520
ovl_En_Horse_Ganon,14423504,14426960,13035520,13038192
ovl_En_Horse_Link_Child,14426960,14434640,13038192,13042800
ovl_En_Horse_Normal,14434640,14444400,13042800,13049024
ovl_En_Horse_Zelda,14444400,14447200,13049024,13051280
ovl_En_Hs,14447200,14450176,13051280,13053392
ovl_En_Hs2,14450176,14451680,13053392,13054640
ovl_En_Hy,14451680,14466336,13054640,13063920
ovl_En_Ice_Hono,14466336,14470928,13063920,13067200
ovl_En_Ik,14470928,14488928,13067200,13077680
ovl_En_In,14488928,14500608,13077680,13086080
ovl_En_Insect,14500608,14510112,13086080,13092384
ovl_En_Ishi,14510112,14547312,13092384,13097344
ovl_En_It,14547312,14547712,13097344,13097648
ovl_En_Jj,14547712,14553296,13097648,13100800
ovl_En_Js,14553296,14555808,13100800,13102624
ovl_En_Jsjutan,14555808,14575728,13102624,13110160
ovl_En_Kakasi,14575728,14579120,13110160,13112752
ovl_En_Kakasi2,14579120,14580944,13112752,13114192
ovl_En_Kakasi3,14580944,14585264,13114192,13117328
ovl_En_Kanban,14585264,14597888,13117328,13125024
ovl_En_Karebaba,14597888,14604272,13125024,13129504
ovl_En_Ko,14604272,14620976,13129504,13139152
ovl_En_Kusa,14620976,14626320,13139152,13143072
ovl_En_Kz,14626320,14631856,13143072,13147168
ovl_En_Light,14631856,14635440,13147168,13149696
ovl_En_Lightbox,14635440,14636592,13149696,13150672
ovl_En_M_Fire1,14636592,14637008,13150672,13151008
ovl_En_M_Thunder,14637008,14642640,13151008,13155104
ovl_En_Ma1,14642640,14647472,13155104,13158704
ovl_En_Ma2,14647472,14651664,13158704,13161920
ovl_En_Ma3,14651664,14655680,13161920,13165024
ovl_En_Mag,14655680,14666864,13165024,13172752
ovl_En_Mb,14666864,14683808,13172752,13183760
ovl_En_Md,14683808,14693648,13183760,13189648
ovl_En_Mk,14693648,14697376,13189648,13192176
ovl_En_Mm,14697376,14703104,13192176,13196528
ovl_En_Mm2,14703104,14706624,13196528,13199200
ovl_En_Ms,14706624,14708400,13199200,13200656
ovl_En_Mu,14708400,14710736,13200656,13202640
ovl_En_Nb,14710736,14728608,13202640,13211984
ovl_En_Niw,14728608,14741712,13211984,13221424
ovl_En_Niw_Girl,14741712,14744480,13221424,13223808
ovl_En_Niw_Lady,14744480,14750880,13223808,13228400
ovl_En_Nutsball,14750880,14752448,13228400,13229808
ovl_En_Nwc,14752448,14755040,13229808,13232000
ovl_En_Ny,14755040,14761504,13232000,13236736
ovl_En_OE2,14761504,14761728,13236736,13236880
ovl_En_Okarina_Effect,14761728,14762688,13236880,13237632
ovl_En_Okarina_Tag,14762688,14768064,13237632,13240704
ovl_En_Okuta,14768064,14777760,13240704,13247424
ovl_En_Ossan,14777760,14803840,13247424,13261728
ovl_En_Owl,14803840,14819104,13261728,13270560
ovl_En_Part,14819104,14824832,13270560,13274752
ovl_En_Peehat,14824832,14838912,13274752,13283664
ovl_En_Po_Desert,14838912,14842432,13283664,13286560
ovl_En_Po_Field,14842432,14857280,13286560,13296896
ovl_En_Po_Relay,14857280,14863184,13296896,13301376
ovl_En_Po_Sisters,14863184,14882880,13301376,13314240
ovl_En_Poh,14882880,14899760,13314240,13325056
ovl_En_Pu_box,14899760,14900592,13325056,13325792
ovl_En_Rd,14900592,14911024,13325792,13332464
ovl_En_Reeba,14911024,14917792,13332464,13337344
ovl_En_River_Sound,14917792,14920240,13337344,13339344
ovl_En_Rl,14920240,14924048,13339344,13341680
ovl_En_Rr,14924048,14933568,13341680,13348608
ovl_En_Ru1,14933568,14963936,13348608,13364544
ovl_En_Ru2,14963936,14975584,13364544,13370240
ovl_En_Sa,14975584,14984400,13370240,13375968
ovl_En_Sb,14984400,14989584,13375968,13379424
ovl_En_Scene_Change,14989584,14989888,13379424,13379664
ovl_En_Sda,14989888,14995568,13379664,13383472
ovl_En_Shopnuts,14995568,14999424,13383472,13386144
ovl_En_Si,14999424,15000704,13386144,13387200
ovl_En_Siofuki,15000704,15004208,13387200,13389824
ovl_En_Skb,15004208,15010592,13389824,13394448
ovl_En_Skj,15010592,15025248,13394448,13403600
ovl_En_Skjneedle,15025248,15026032,13403600,13404288
ovl_En_Ssh,15026032,15035744,13404288,13411040
ovl_En_St,15035744,15047120,13411040,13418944
ovl_En_Sth,15047120,15063696,13418944,13430144
ovl_En_Stream,15063696,15065120,13430144,13431360
ovl_En_Sw,15065120,15079312,13431360,13441680
ovl_En_Syateki_Itm,15079312,15082800,13441680,13444336
ovl_En_Syateki_Man,15082800,15086320,13444336,13446944
ovl_En_Syateki_Niw,15086320,15094656,13446944,13453040
ovl_En_Ta,15094656,15109440,13453040,13462080
ovl_En_Takara_Man,15109440,15111680,13462080,13463984
ovl_En_Tana,15111680,15112368,13463984,13464560
ovl_En_Tg,15112368,15114128,13464560,13466048
ovl_En_Tite,15114128,15125808,13466048,13473136
ovl_En_Tk,15125808,15133536,13473136,13478816
ovl_En_Torch,15133536,15133776,13478816,13479040
ovl_En_Torch2,15133776,15143856,13479040,13486384
ovl_En_Toryo,15143856,15147072,13486384,13488752
ovl_En_Tp,15147072,15154864,13488752,13494432
ovl_En_Tr,15154864,15161264,13494432,13499040
ovl_En_Trap,15161264,15166032,13499040,13502176
ovl_En_Tubo_Trap,15166032,15169264,13502176,13504512
ovl_En_Vali,15169264,15179184,13504512,13511328
ovl_En_Vase,15179184,15179440,13511328,13511552
ovl_En_Vb_Ball,15179440,15183968,13511552,13514960
ovl_En_Viewer,15183968,15195904,13514960,13523008
ovl_En_Vm,15195904,15202240,13523008,13527504
ovl_En_Wall_Tubo,15202240,15203504,13527504,13528560
ovl_En_Wallmas,15203504,15210176,13528560,13533072
ovl_En_Weather_Tag,15210176,15214000,13533072,13534928
ovl_En_Weiyer,15214000,15220656,13534928,13539328
ovl_En_Wf,15220656,15237824,13539328,13550432
ovl_En_Wonder_Item,15237824,15240976,13550432,13552672
ovl_En_Wonder_Talk,15240976,15242656,13552672,13554032
ovl_En_Wonder_Talk2,15242656,15244352,13554032,13555472
ovl_En_Wood02,15244352,15248912,13555472,13559120
ovl_En_Xc,15248912,15275376,13559120,13572640
ovl_En_Yabusame_Mark,15275376,15277120,13572640,13574016
ovl_En_Yukabyun,15277120,15278672,13574016,13575376
ovl_En_Zf,15278672,15306032,13575376,13592928
ovl_En_Zl1,15306032,15321920,13592928,13600944
ovl_En_Zl2,15321920,15340096,13600944,13610160
ovl_En_Zl3,15340096,15372432,13610160,13626736
ovl_En_Zl4,15372432,15391424,13626736,13636416
ovl_En_Zo,15391424,15401088,13636416,13643120
ovl_En_fHG,15401088,15411632,13643120,13650096
ovl_End_Title,15411632,15428304,13650096,13656864
ovl_Fishing,15428304,15508896,13656864,13711504
ovl_Item_B_Heart,15508896,15509936,13711504,13712384
ovl_Item_Etcetera,15509936,15512192,13712384,13714064
ovl_Item_Inbox,15512192,15512544,13714064,13714336
ovl_Item_Ocarina,15512544,15514544,13714336,13715808
ovl_Item_Shield,15514544,15517120,13715808,13717856
ovl_Magic_Dark,15517120,15523344,13717856,13722784
ovl_Magic_Fire,15523344,15532304,13722784,13730784
ovl_Magic_Wind,15532304,15539728,13730784,13737328
ovl_Mir_Ray,15539728,15546048,13737328,13742432
ovl_Obj_Bean,15546048,15556176,13742432,13748800
ovl_Obj_Blockstop,15556176,15556592,13748800,13749184
ovl_Obj_Bombiwa,15556592,15557984,13749184,13750400
ovl_Obj_Comb,15557984,15560128,13750400,13752256
ovl_Obj_Dekujr,15560128,15561728,13752256,13753600
ovl_Obj_Elevator,15561728,15562688,13753600,13754352
ovl_Obj_Hamishi,15562688,15564816,13754352,13756160
ovl_Obj_Hana,15564816,15565600,13756160,13756800
ovl_Obj_Hsblock,15565600,15567088,13756800,13758000
ovl_Obj_Ice_Poly,15567088,15569568,13758000,13760032
ovl_Obj_Kibako,15569568,15572896,13760032,13762304
ovl_Obj_Kibako2,15572896,15574624,13762304,13763760
ovl_Obj_Lift,15574624,15577216,13763760,13765856
ovl_Obj_Lightswitch,15577216,15582384,13765856,13769408
ovl_Obj_Makekinsuta,15582384,15582720,13769408,13769728
ovl_Obj_Makeoshihiki,15582720,15583888,13769728,13770720
ovl_Obj_Mure,15583888,15588000,13770720,13773584
ovl_Obj_Mure2,15588000,15590592,13773584,13775504
ovl_Obj_Mure3,15590592,15592592,13775504,13777088
ovl_Obj_Oshihiki,15592592,15599424,13777088,13781856
ovl_Obj_Roomtimer,15599424,15600016,13781856,13782368
ovl_Obj_Switch,15600016,15607664,13782368,13787184
ovl_Obj_Syokudai,15607664,15610800,13787184,13789792
ovl_Obj_Timeblock,15610800,15613952,13789792,13792080
ovl_Obj_Tsubo,15613952,15618032,13792080,13794992
ovl_Obj_Warp2block,15618032,15620896,13794992,13797264
ovl_Object_Kankyo,15620896,15633824,13797264,13806336
ovl_Oceff_Spot,15633824,15637712,13806336,13809664
ovl_Oceff_Storm,15637712,15644800,13809664,13816448
ovl_Oceff_Wipe,15644800,15648256,13816448,13819456
ovl_Oceff_Wipe2,15648256,15654256,13819456,13823104
ovl_Oceff_Wipe3,15654256,15660224,13823104,13827840
ovl_Oceff_Wipe4,15660224,15664288,13827840,13830880
ovl_Shot_Sun,15664288,15666016,13830880,13832336
gameplay_keep,15667200,16043232,13832336,14026832
gameplay_field_keep,16044032,16098096,14026832,14064240
gameplay_dangeon_keep,16101376,16198384,14064240,14124368
gameplay_object_exchange_static,16199680,16199696,14124368,14124400
object_link_boy,16203776,16431104,14124400,14232000
object_link_child,16433152,16617344,14232000,14320464
object_box,16617472,16642048,14320464,14333216
object_human,16642048,16720256,14333216,14364976
object_okuta,16723968,16739456,14364976,14372720
object_poh,16740352,16761056,14372720,14386000
object_wallmaster,16764928,16806000,14386000,14412896
object_dy_obj,16809984,16930096,14412896,14487536
object_firefly,16932864,16939200,14487536,14491264
object_dodongo,16941056,16980288,14491264,14518976
object_fire,16982016,16998560,14518976,14525680
object_niw,17002496,17012032,14525680,14530528
object_tite,17014784,17029680,14530528,14540560
object_reeba,17031168,17039088,14540560,14545712
object_peehat,17039360,17046672,14545712,14549232
object_kingdodongo,17047552,17242336,14549232,14674192
object_horse,17244160,17301264,14674192,14716896
object_zf,17301504,17392544,14716896,14779248
object_goma,17395712,17519104,14779248,14870992
object_zl1,17522688,17605568,14870992,14915136
object_gol,17608704,17625632,14915136,14926272
object_bubble,17629184,17633472,14926272,14928160
object_dodojr,17637376,17645808,14928160,14934352
object_torch2,17649664,17667952,14934352,14942640
object_bl,17670144,17692752,14942640,14951952
object_tp,17694720,17702128,14951952,14956896
object_oA1,17702912,17721104,14956896,14966256
object_st,17723392,17746864,14966256,14979312
object_bw,17747968,17756768,14979312,14984688
object_ei,17760256,17773600,14984688,14992256
object_horse_normal,17776640,17817536,14992256,15025056
object_oB1,17817600,17843888,15025056,15037296
object_o_anime,17846272,17854800,15037296,15044464
object_spot04_objects,17858560,17864384,15044464,15047664
object_ddan_objects,17866752,17901408,15047664,15069936
object_hidan_objects,17903616,18001184,15069936,15118560
object_horse_ganon,18001920,18051216,15118560,15152304
object_oA2,18055168,18077392,15152304,15157472
object_spot00_objects,18079744,18086928,15157472,15160336
object_mb,18087936,18170272,15160336,15216560
object_bombf,18173952,18180608,15216560,15220560
object_sk2,18182144,18241536,15220560,15266288
object_oE1,18243584,18270224,15266288,15278864
object_oE_anime,18272256,18292832,15278864,15298320
object_oE2,18296832,18319984,15298320,15309312
object_ydan_objects,18321408,18358400,15309312,15337824
object_gnd,18362368,18440192,15337824,15397184
object_am,18440192,18463568,15397184,15409296
object_dekubaba,18464768,18479552,15409296,15419520
object_oA3,18481152,18489648,15419520,15424048
object_oA4,18493440,18499376,15424048,15426800
object_oA5,18501632,18507440,15426800,15429488
object_oA6,18509824,18516480,15429488,15432528
object_oA7,18518016,18523472,15432528,15435072
object_jj,18526208,18574016,15435072,15463104
object_oA8,18575360,18581424,15463104,15465728
object_oA9,18583552,18584864,15465728,15466688
object_oB2,18587648,18604256,15466688,15475104
object_oB3,18608128,18625680,15475104,15483840
object_oB4,18628608,18634864,15483840,15486736
object_horse_zelda,18636800,18665824,15486736,15505456
object_opening_demo1,18669568,18690144,15505456,15524144
object_warp1,18694144,18705584,15524144,15532352
object_b_heart,18706432,18708032,15532352,15533536
object_dekunuts,18710528,18724448,15533536,15541856
object_oE3,18726912,18755872,15541856,15555328
object_oE4,18759680,18780112,15555328,15564976
object_menkuri_objects,18780160,18815760,15564976,15589696
object_oE5,18817024,18838976,15589696,15600512
object_oE6,18841600,18853456,15600512,15606768
object_oE7,18853888,18864736,15606768,15613312
object_oE8,18866176,18879440,15613312,15620128
object_oE9,18882560,18894608,15620128,15625360
object_oE10,18894848,18905552,15625360,15631232
object_oE11,18907136,18919920,15631232,15637072
object_oE12,18923520,18937792,15637072,15644272
object_vali,18939904,18958416,15644272,15653952
object_oA10,18960384,18972336,15653952,15659600
object_oA11,18972672,18978240,15659600,15662432
object_mizu_objects,18980864,19026720,15662432,15689824
object_fhg,19030016,19099104,15689824,15734432
object_ossan,19099648,19139408,15734432,15751520
object_mori_hineri1,19140608,19162352,15751520,15759760
object_Bb,19165184,19171904,15759760,15763616
object_toki_objects,19173376,19207248,15763616,15780432
object_yukabyun,19210240,19215600,15780432,15783136
object_zl2,19218432,19287424,15783136,15814640
object_mjin,19288064,19292816,15814640,15817248
object_mjin_flash,19296256,19300352,15817248,15819856
object_mjin_dark,19300352,19304448,15819856,15823120
object_mjin_flame,19304448,19308544,15823120,15825952
object_mjin_ice,19308544,19312640,15825952,15829280
object_mjin_soul,19312640,19316736,15829280,15832576
object_mjin_wind,19316736,19320832,15832576,15835840
object_mjin_oka,19320832,19327840,15835840,15841040
object_haka_objects,19329024,19449520,15841040,15902272
object_spot06_objects,19451904,19463584,15902272,15910544
object_ice_objects,19464192,19500368,15910544,15936240
object_relay_objects,19501056,19514928,15936240,15945888
object_mori_hineri1a,19517440,19530944,15945888,15950816
object_mori_hineri2,19533824,19551232,15950816,15957424
object_mori_hineri2a,19554304,19579056,15957424,15966992
object_mori_objects,19582976,19618320,15966992,15983920
object_mori_tex,19619840,19660288,15983920,16007968
object_spot08_obj,19660800,19682816,16007968,16021600
object_warp2,19685376,19685392,16021600,16021632
object_hata,19689472,19701728,16021632,16027616
object_bird,19701760,19710368,16027616,16033488
object_wood02,19714048,19748816,16033488,16053600
object_lightbox,19750912,19758912,16053600,16055984
object_pu_box,19759104,19764736,16055984,16058592
object_trap,19767296,19776480,16058592,16065616
object_vase,19779584,19785104,16065616,16069872
object_im,19787776,19862064,16069872,16105968
object_ta,19865600,19923952,16105968,16138800
object_tk,19927040,19975760,16138800,16168528
object_xc,19976192,20093728,16168528,16250560
object_vm,20094976,20111216,16250560,16258896
object_bv,20111360,20233648,16258896,16318192
object_hakach_objects,20234240,20261616,16318192,16337680
object_efc_crystal_light,20262912,20265632,16337680,16340336
object_efc_fire_ball,20267008,20270336,16340336,16343520
object_efc_flash,20271104,20271120,16343520,16343552
object_efc_lgt_shower,20275200,20280016,16343552,16347264
object_efc_star_field,20283392,20289488,16347264,16351440
object_god_lgt,20291584,20308816,16351440,16362896
object_light_ring,20312064,20316800,16362896,16364304
object_triforce_spot,20320256,20330768,16364304,16371312
object_medal,20332544,20353344,16371312,16378544
object_bdan_objects,20357120,20409616,16378544,16410912
object_sd,20410368,20461280,16410912,16437072
object_rd,20463616,20525040,16437072,16474096
object_po_sisters,20525056,20583360,16474096,16507072
object_heavy_object,20586496,20593376,16507072,16510768
object_gndd,20594688,20666880,16510768,16548688
object_fd,20668416,20734576,16548688,16585648
object_du,20738048,20813360,16585648,16633024
object_fw,20815872,20848096,16633024,16654576
object_horse_link_child,20848640,20884256,16654576,16678976
object_spot02_objects,20885504,20977184,16678976,16729008
object_haka,20979712,20984928,16729008,16733280
object_ru1,20987904,21068416,16733280,16791920
object_syokudai,21069824,21085328,16791920,16800736
object_fd2,21086208,21158544,16800736,16847808
object_dh,21159936,21196992,16847808,16876112
object_rl,21200896,21232464,16876112,16891888
object_efc_tw,21233664,21238512,16891888,16896912
object_demo_tre_lgt,21241856,21241872,16896912,16896944
object_gi_key,21245952,21248544,16896944,16898176
object_mir_ray,21250048,21257472,16898176,16900240
object_brob,21258240,21265056,16900240,16903760
object_gi_jewel,21266432,21280384,16903760,16912192
object_spot09_obj,21282816,21383312,16912192,16971408
object_spot18_obj,21385216,21436944,16971408,17001408
object_bdoor,21438464,21468608,17001408,17018672
object_spot17_obj,21471232,21477424,17018672,17023568
object_shop_dungen,21479424,21494304,17023568,17032512
object_nb,21495808,21594592,17032512,17097936
object_mo,21598208,21630064,17097936,17114992
object_sb,21630976,21642400,17114992,17120592
object_gi_melody,21643264,21646624,17120592,17122080
object_gi_heart,21647360,21647856,17122080,17122480
object_gi_compass,21651456,21654800,17122480,17124160
object_gi_bosskey,21655552,21659664,17124160,17126032
object_gi_medal,21663744,21685104,17126032,17132336
object_gi_nuts,21688320,21692864,17132336,17135280
object_sa,21696512,21783088,17135280,17194640
object_gi_hearts,21786624,21792688,17194640,17197040
object_gi_arrowcase,21794816,21798064,17197040,17198720
object_gi_bombpouch,21798912,21802592,17198720,17200416
object_in,21803008,21904464,17200416,17257072
object_tr,21905408,21982768,17257072,17304944
object_spot16_obj,21983232,21988608,17304944,17309168
object_oE1s,21991424,22017376,17309168,17321936
object_oE4s,22020096,22040064,17321936,17331488
object_os_anime,22040576,22083136,17331488,17366672
object_gi_bottle,22085632,22087920,17366672,17367968
object_gi_stick,22089728,22091456,17367968,17369280
object_gi_map,22093824,22098272,17369280,17372608
object_oF1d_map,22102016,22168992,17372608,17412432
object_ru2,22171648,22235344,17412432,17446464
object_gi_shield_1,22237184,22240592,17446464,17449248
object_dekujr,22241280,22254864,17449248,17456400
object_gi_magicpot,22257664,22262224,17456400,17458544
object_gi_bomb_1,22265856,22269104,17458544,17460096
object_oF1s,22269952,22304928,17460096,17477104
object_ma2,22306816,22347504,17477104,17500032
object_gi_purse,22347776,22354800,17500032,17506416
object_hni,22355968,22400880,17506416,17541920
object_tw,22401024,22637488,17541920,17691216
object_rr,22638592,22642176,17691216,17693696
object_bxa,22642688,22653936,17693696,17701440
object_anubice,22654976,22669728,17701440,17710128
object_gi_gerudo,22671360,22676288,17710128,17713296
object_gi_arrow,22679552,22686480,17713296,17716000
object_gi_bomb_2,22687744,22689440,17716000,17717200
object_gi_egg,22691840,22696736,17717200,17719712
object_gi_scale,22700032,22703600,17719712,17721600
object_gi_shield_2,22704128,22708336,17721600,17724016
object_gi_hookshot,22712320,22717792,17724016,17726864
object_gi_ocarina,22720512,22723504,17726864,17728704
object_gi_milk,22724608,22729840,17728704,17731120
object_ma1,22732800,22769024,17731120,17749312
object_ganon,22769664,22835456,17749312,17777936
object_sst,22839296,22943664,17777936,17817408
object_ny,22945792,22954352,17817408,17821280
object_fr,22958080,23004336,17821280,17839168
object_gi_pachinko,23007232,23010400,17839168,17841024
object_gi_boomerang,23011328,23014816,17841024,17843056
object_gi_bow,23015424,23018800,17843056,17845200
object_gi_glasses,23019520,23024000,17845200,17847264
object_gi_liquid,23027712,23034064,17847264,17849968
object_ani,23035904,23066368,17849968,17865744
object_demo_6k,23068672,23083936,17865744,17875504
object_gi_shield_3,23085056,23089856,17875504,17877376
object_gi_letter,23093248,23096832,17877376,17879712
object_spot15_obj,23097344,23104768,17879712,17883648
object_jya_obj,23105536,23220544,17883648,17938640
object_gi_clothes,23224320,23230560,17938640,17942304
object_gi_bean,23232512,23234752,17942304,17943808
object_gi_fish,23236608,23238992,17943808,17945280
object_gi_saw,23240704,23243648,17945280,17947056
object_gi_hammer,23244800,23248064,17947056,17948768
object_gi_grass,23248896,23251984,17948768,17950768
object_gi_longsword,23252992,23255232,17950768,17952208
object_spot01_objects,23257088,23266448,17952208,17959088
object_md,23269376,23310672,17959088,17982368
object_km1,23314432,23337408,17982368,17992512
object_kw1,23339008,23365856,17992512,18004080
object_zo,23367680,23416896,18004080,18028608
object_kz,23420928,23455456,18028608,18043424
object_umajump,23457792,23463024,18043424,18046384
object_masterkokiri,23465984,23467200,18046384,18047520
object_masterkokirihead,23470080,23481504,18047520,18052768
object_mastergolon,23482368,23482640,18052768,18052992
object_masterzoora,23486464,23488416,18052992,18055088
object_aob,23490560,23512752,18055088,18063440
object_ik,23515136,23647696,18063440,18157440
object_ahg,23650304,23673264,18157440,18168768
object_cne,23674880,23685584,18168768,18173392
object_gi_niwatori,23687168,23693808,18173392,18177568
object_skj,23695360,23731760,18177568,18203056
object_gi_bottle_letter,23732224,23735424,18203056,18205040
object_bji,23736320,23753104,18205040,18212672
object_bba,23756800,23773840,18212672,18220048
object_gi_ocarina_0,23777280,23780368,18220048,18222064
object_ds,23781376,23799680,18222064,18232800
object_ane,23801856,23830448,18232800,18244592
object_boj,23830528,23854272,18244592,18256384
object_spot03_object,23855104,23860832,18256384,18259792
object_spot07_object,23863296,23891248,18259792,18278816
object_fz,23891968,23905488,18278816,18283440
object_bob,23908352,23928608,18283440,18291008
object_ge1,23928832,23970992,18291008,18310064
object_yabusame_point,23973888,23977552,18310064,18311536
object_gi_boots_2,23977984,23985088,18311536,18315248
object_gi_seed,23986176,23988928,18315248,18317104
object_gnd_magic,23990272,23995008,18317104,18321424
object_d_elevator,23998464,24003472,18321424,18326352
object_d_hsblock,24006656,24012640,18326352,18331136
object_d_lift,24014848,24020992,18331136,18337056
object_mamenoki,24023040,24032992,18337056,18345200
object_goroiwa,24035328,24041632,18345200,18348608
object_toryo,24043520,24072544,18348608,18362528
object_daiku,24076288,24111216,18362528,18382192
object_nwc,24113152,24116640,18382192,18384928
object_blkobj,24117248,24197264,18384928,18432672
object_gm,24199168,24199888,18432672,18433264
object_ms,24203264,24219088,18433264,18441616
object_hs,24219648,24244848,18441616,18454784
object_ingate,24248320,24252912,18454784,18456736
object_lightswitch,24256512,24265760,18456736,18462000
object_kusa,24268800,24269696,18462000,18462592
object_tsubo,24272896,24279536,18462592,18468272
object_gi_gloves,24281088,24287584,18468272,18471376
object_gi_coin,24289280,24291408,18471376,18472528
object_kanban,24293376,24299440,18472528,18474208
object_gjyo_objects,24301568,24307184,18474208,18477488
object_owl,24309760,24375488,18477488,18507808
object_mk,24379392,24403456,18507808,18519456
object_fu,24403968,24431776,18519456,18533904
object_gi_ki_tan_mask,24432640,24436208,18533904,18535904
object_gi_redead_mask,24436736,24439440,18535904,18537248
object_gi_skj_mask,24440832,24444128,18537248,18539200
object_gi_rabit_mask,24444928,24448768,18539200,18541232
object_gi_truth_mask,24449024,24455264,18541232,18544400
object_ganon_objects,24457216,24461680,18544400,18546768
object_siofuki,24465408,24468912,18546768,18548496
object_stream,24469504,24472192,18548496,18549952
object_mm,24473600,24506480,18549952,18568080
object_fa,24510464,24525712,18568080,18574160
object_os,24526848,24544880,18574160,18584304
object_gi_eye_lotion,24547328,24549744,18584304,18585648
object_gi_powder,24551424,24554368,18585648,18587392
object_gi_mushroom,24555520,24558800,18587392,18588992
object_gi_ticketstone,24559616,24564384,18588992,18591936
object_gi_brokensword,24567808,24570256,18591936,18593312
object_js,24571904,24596272,18593312,18605904
object_cs,24596480,24630608,18605904,18622512
object_gi_prescription,24633344,24636448,18622512,18623888
object_gi_bracelet,24637440,24640496,18623888,18625392
object_gi_soldout,24641536,24642768,18625392,18626048
object_gi_frog,24645632,24650000,18626048,18628480
object_mag,24653824,24782400,18628480,18672208
object_door_gerudo,24784896,24787360,18672208,18673360
object_gt,24788992,24868336,18673360,18720880
object_efc_erupc,24870912,24881392,18720880,18726944
object_zl2_anime1,24883200,24929808,18726944,18762288
object_zl2_anime2,24932352,24976096,18762288,18799360
object_gi_golonmask,24977408,24983472,18799360,18803312
object_gi_zoramask,24985600,24991280,18803312,18806672
object_gi_gerudomask,24993792,24998912,18806672,18810352
object_ganon2,25001984,25217008,18810352,18969600
object_ka,25219072,25245632,18969600,18979392
object_ts,25247744,25268208,18979392,18989200
object_zg,25268224,25272832,18989200,18989920
object_gi_hoverboots,25276416,25284208,18989920,18994320
object_gi_m_arrow,25284608,25288320,18994320,18996048
object_ds2,25288704,25305712,18996048,19004560
object_ec,25309184,25360688,19004560,19049184
object_fish,25362432,25449968,19049184,19093984
object_gi_sutaru,25452544,25454160,19093984,19094896
object_gi_goddess,25456640,25459792,19094896,19096304
object_ssh,25460736,25484288,19096304,19108816
object_bigokuta,25485312,25512912,19108816,19124304
object_bg,25513984,25543360,19124304,19139488
object_spot05_objects,25546752,25551600,19139488,19142992
object_spot12_obj,25554944,25564096,19142992,19147856
object_bombiwa,25567232,25570048,19147856,19150576
object_hintnuts,25571328,25583936,19150576,19159296
object_rs,25587712,25606272,19159296,19168832
object_spot00_break,25608192,25615904,19168832,19174464
object_gla,25616384,25657072,19174464,19199120
object_shopnuts,25657344,25675152,19199120,19210512
object_geldb,25677824,25724656,19210512,19239728
object_gr,25726976,25767056,19239728,19252672
object_dog,25767936,25797280,19252672,19267536
object_jya_iron,25800704,25810528,19267536,19271360
object_jya_door,25812992,25821824,19271360,19275056
object_spot01_objects2,25825280,25825296,19275056,19275088
object_spot11_obj,25829376,25836176,19275088,19280288
object_kibako2,25837568,25841856,19280288,19283952
object_dns,25845760,25860048,19283952,19293328
object_dnk,25862144,25873968,19293328,19300736
object_gi_fire,25874432,25878496,19300736,19303264
object_gi_insect,25878528,25881584,19303264,19305120
object_gi_butterfly,25882624,25885648,19305120,19306960
object_gi_ghost,25886720,25890224,19306960,19309408
object_gi_soul,25890816,25894832,19309408,19311488
object_bowl,25894912,25908464,19311488,19316848
object_po_field,25911296,25938496,19316848,19333600
object_demo_kekkai,25939968,26000656,19333600,19369168
object_efc_doughnut,26001408,26005584,19369168,19371424
object_gi_dekupouch,26009600,26013776,19371424,19374064
object_ganon_anime1,26017792,26065984,19374064,19422608
object_ganon_anime2,26066944,26133808,19422608,19478496
object_ganon_anime3,26136576,26220528,19478496,19548976
object_gi_rupy,26222592,26224640,19548976,19550032
object_spot01_matoya,26226688,26242192,19550032,19561280
object_spot01_matoyab,26243072,26251744,19561280,19566704
object_po_composer,26255360,26283936,19566704,19583792
object_mu,26284032,26328656,19583792,19607120
object_wf,26329088,26371328,19607120,19631968
object_skb,26374144,26392592,19631968,19645392
object_gj,26394624,26437408,19645392,19678800
object_geff,26439680,26443696,19678800,19682192
object_haka_door,26443776,26458480,19682192,19688864
object_gs,26460160,26462848,19688864,19691664
object_ps,26464256,26515712,19691664,19717296
object_bwall,26517504,26521936,19717296,19720336
object_crow,26525696,26530000,19720336,19722304
object_cow,26533888,26554032,19722304,19732896
object_cob,26554368,26563088,19732896,19736224
object_gi_sword_1,26566656,26570016,19736224,19738064
object_door_killer,26570752,26577888,19738064,19739984
object_ouke_haka,26578944,26581360,19739984,19742368
object_timeblock,26583040,26585952,19742368,19745072
object_zl4,26587136,26705440,19745072,19824112
g_pn_01,26705920,26712832,19824112,19826432
g_pn_02,26714112,26721024,19826432,19828848
g_pn_03,26722304,26729216,19828848,19830960
g_pn_04,26730496,26737408,19830960,19833264
g_pn_05,26738688,26745600,19833264,19835584
g_pn_06,26746880,26753792,19835584,19838496
g_pn_07,26755072,26761984,19838496,19841936
g_pn_08,26763264,26770176,19841936,19844816
g_pn_09,26771456,26778368,19844816,19847776
g_pn_10,26779648,26786560,19847776,19849744
g_pn_11,26787840,26794752,19849744,19852880
g_pn_12,26796032,26802944,19852880,19855344
g_pn_13,26804224,26811136,19855344,19858144
g_pn_14,26812416,26819328,19858144,19860624
g_pn_15,26820608,26827520,19860624,19862992
g_pn_16,26828800,26835712,19862992,19865200
g_pn_17,26836992,26843904,19865200,19866720
g_pn_18,26845184,26852096,19866720,19868656
g_pn_19,26853376,26860288,19868656,19870896
g_pn_20,26861568,26868480,19870896,19873104
g_pn_21,26869760,26876672,19873104,19875264
g_pn_22,26877952,26884864,19875264,19877792
g_pn_23,26886144,26893056,19877792,19879584
g_pn_24,26894336,26901248,19879584,19881520
g_pn_25,26902528,26909440,19881520,19884080
g_pn_26,26910720,26917632,19884080,19887120
g_pn_27,26918912,26925824,19887120,19889328
g_pn_28,26927104,26934016,19889328,19891600
g_pn_29,26935296,26942208,19891600,19893232
g_pn_30,26943488,26950400,19893232,19895104
g_pn_31,26951680,26958592,19895104,19897328
g_pn_32,26959872,26966784,19897328,19899488
g_pn_33,26968064,26974976,19899488,19901616
g_pn_34,26976256,26983168,19901616,19903840
g_pn_35,26984448,26991360,19903840,19906208
g_pn_36,26992640,26999552,19906208,19908352
g_pn_37,27000832,27007744,19908352,19911024
g_pn_38,27009024,27015936,19911024,19913360
g_pn_39,27017216,27024128,19913360,19916320
g_pn_40,27025408,27032320,19916320,19919312
g_pn_41,27033600,27040512,19919312,19921392
g_pn_42,27041792,27048704,19921392,19923680
g_pn_43,27049984,27056896,19923680,19926080
g_pn_44,27058176,27065088,19926080,19928656
g_pn_45,27066368,27073280,19928656,19930992
g_pn_46,27074560,27081472,19930992,19932896
g_pn_47,27082752,27089664,19932896,19935952
g_pn_48,27090944,27097856,19935952,19937504
g_pn_49,27099136,27106048,19937504,19940256
g_pn_50,27107328,27114240,19940256,19942784
g_pn_51,27115520,27122432,19942784,19945040
g_pn_52,27123712,27130624,19945040,19947648
g_pn_53,27131904,27138816,19947648,19950176
g_pn_54,27140096,27147008,19950176,19952480
g_pn_55,27148288,27155200,19952480,19955104
g_pn_56,27156480,27163392,19955104,19957488
g_pn_57,27164672,27171584,19957488,19958000
z_select_static,27172864,27181568,19958000,19960032
nintendo_rogo_static,27185152,27196864,19960032,19966032
title_static,27197440,27432384,19966032,20100304
parameter_static,27435008,27450112,20100304,20104592
vr_fine0_static,27451392,27500544,20104592,20115488
vr_fine0_pal_static,27500544,27500800,20115488,0
vr_fine1_static,27504640,27553792,20115744,20140752
vr_fine1_pal_static,27553792,27554048,20140752,0
vr_fine2_static,27557888,27607040,20141008,20161408
vr_fine2_pal_static,27607040,27607296,20161408,0
vr_fine3_static,27611136,27660288,20161664,20177264
vr_fine3_pal_static,27660288,27660544,20177264,0
vr_cloud0_static,27664384,27713536,20177520,20205136
vr_cloud0_pal_static,27713536,27713792,20205136,0
vr_cloud1_static,27717632,27766784,20205392,20233872
vr_cloud1_pal_static,27766784,27767040,20233872,0
vr_cloud2_static,27770880,27820032,20234128,20263632
vr_cloud2_pal_static,27820032,27820288,20263632,0
vr_cloud3_static,27824128,27873280,20263888,20284000
vr_cloud3_pal_static,27873280,27873536,20284000,0
vr_holy0_static,27877376,27942912,20284256,20311152
vr_holy0_pal_static,27942912,27943168,20311152,0
vr_holy1_static,27947008,28012544,20311408,20338224
vr_holy1_pal_static,28012544,28012800,20338224,0
vr_MDVR_static,28016640,28278784,20338480,20521840
vr_MDVR_pal_static,28278784,28280832,20521840,0
vr_MNVR_static,28282880,28545024,20523888,20679808
vr_MNVR_pal_static,28545024,28547072,20679808,0
vr_RUVR_static,28549120,28811264,20681856,20901088
vr_RUVR_pal_static,28811264,28813312,20901088,0
vr_LHVR_static,28815360,29077504,20903136,21153088
vr_LHVR_pal_static,29077504,29079552,21153088,0
vr_KHVR_static,29081600,29343744,21155136,21392352
vr_KHVR_pal_static,29343744,29345792,21392352,0
vr_K3VR_static,29347840,29544448,21394400,21569312
vr_K3VR_pal_static,29544448,29545984,21569312,0
vr_K4VR_static,29548544,29745152,21570848,21754016
vr_K4VR_pal_static,29745152,29746688,21754016,0
vr_K5VR_static,29749248,29945856,21755552,21930384
vr_K5VR_pal_static,29945856,29947392,21930384,0
vr_SP1a_static,29949952,30081024,21931920,21992048
vr_SP1a_pal_static,30081024,30082048,21992048,0
vr_MLVR_static,30085120,30347264,21993072,22226624
vr_MLVR_pal_static,30347264,30349312,22226624,0
vr_KKRVR_static,30351360,30613504,22228672,22372816
vr_KKRVR_pal_static,30613504,30615552,22372816,0
vr_KR3VR_static,30617600,30814208,22374864,22487584
vr_KR3VR_pal_static,30814208,30815744,22487584,0
vr_IPVR_static,30818304,31080448,22489120,22630592
vr_IPVR_pal_static,31080448,31082496,22630592,0
vr_KSVR_static,31084544,31215616,22632640,22731216
vr_KSVR_pal_static,31215616,31216640,22731216,0
vr_GLVR_static,31219712,31350784,22732240,22847632
vr_GLVR_pal_static,31350784,31351808,22847632,0
vr_ZRVR_static,31354880,31485952,22848656,22946464
vr_ZRVR_pal_static,31485952,31486976,22946464,0
vr_DGVR_static,31490048,31621120,22947488,23031168
vr_DGVR_pal_static,31621120,31622144,23031168,0
vr_ALVR_static,31625216,31756288,23032192,23130896
vr_ALVR_pal_static,31756288,31757312,23130896,0
vr_NSVR_static,31760384,31891456,23131920,23219744
vr_NSVR_pal_static,31891456,31892480,23219744,0
vr_LBVR_static,31895552,32157696,23220768,23399472
vr_LBVR_pal_static,32157696,32159744,23399472,0
vr_TTVR_static,32161792,32358400,23401520,23536032
vr_TTVR_pal_static,32358400,32359936,23536032,0
vr_FCVR_static,32362496,32493568,23537568,23612592
vr_FCVR_pal_static,32493568,32494592,23612592,0
elf_message_field,32497664,32497776,23613616,23613760
elf_message_ydan,32501760,32501776,23613760,23613792
ydan_scene,32505856,32561680,23613792,23647248
ydan_room_0,32563200,32649968,23647248,23700784
ydan_room_1,32653312,32670032,23700784,23714432
ydan_room_2,32673792,32697904,23714432,23731968
ydan_room_3,32698368,32780704,23731968,23787904
ydan_room_4,32784384,32803792,23787904,23802224
ydan_room_5,32804864,32838432,23802224,23825888
ydan_room_6,32841728,32861888,23825888,23841440
ydan_room_7,32862208,32897296,23841440,23870016
ydan_room_8,32899072,32902400,23870016,23872208
ydan_room_9,32903168,32942240,23872208,23903648
ydan_room_10,32944128,32963968,23903648,23917184
ydan_room_11,32964608,32993648,23917184,23934832
ddan_scene,32997376,33083712,23934832,23985936
ddan_room_0,33087488,33200288,23985936,24040352
ddan_room_1,33202176,33241856,24040352,24062080
ddan_room_2,33243136,33275296,24062080,24080368
ddan_room_3,33275904,33332672,24080368,24110368
ddan_room_4,33333248,33372240,24110368,24130000
ddan_room_5,33374208,33398496,24130000,24143376
ddan_room_6,33398784,33408000,24143376,24149552
ddan_room_7,33411072,33441488,24149552,24164576
ddan_room_8,33443840,33481728,24164576,24188464
ddan_room_9,33484800,33531216,24188464,24214096
ddan_room_10,33533952,33566288,24214096,24233904
ddan_room_11,33566720,33575040,24233904,24239216
ddan_room_12,33579008,33613616,24239216,24259824
ddan_room_13,33615872,33625216,24259824,24266080
ddan_room_14,33628160,33637520,24266080,24272288
ddan_room_15,33640448,33650768,24272288,24279360
ddan_room_16,33652736,33674576,24279360,24295312
bdan_scene,33677312,33765312,24295312,24351968
bdan_room_0,33767424,33783920,24351968,24360832
bdan_room_1,33787904,33812112,24360832,24370400
bdan_room_2,33812480,33849808,24370400,24391680
bdan_room_3,33853440,33882464,24391680,24410512
bdan_room_4,33886208,33902672,24410512,24418528
bdan_room_5,33906688,33931296,24418528,24434160
bdan_room_6,33935360,33952320,24434160,24441440
bdan_room_7,33955840,33969440,24441440,24448816
bdan_room_8,33972224,33986688,24448816,24453824
bdan_room_9,33988608,34004080,24453824,24459936
bdan_room_10,34004992,34019376,24459936,24464880
bdan_room_11,34021376,34035712,24464880,24469856
bdan_room_12,34037760,34053328,24469856,24476048
bdan_room_13,34054144,34065232,24476048,24484448
bdan_room_14,34066432,34091488,24484448,24499040
bdan_room_15,34095104,34105056,24499040,24502736
Bmori1_scene,34107392,34197392,24502736,24555568
Bmori1_room_0,34197504,34253664,24555568,24590496
Bmori1_room_1,34254848,34278224,24590496,24602336
Bmori1_room_2,34279424,34343328,24602336,24632784
Bmori1_room_3,34344960,34359792,24632784,24639920
Bmori1_room_4,34361344,34374320,24639920,24644864
Bmori1_room_5,34377728,34391488,24644864,24651856
Bmori1_room_6,34394112,34432032,24651856,24666848
Bmori1_room_7,34435072,34512752,24666848,24705984
Bmori1_room_8,34512896,34609808,24705984,24753232
Bmori1_room_9,34611200,34652464,24753232,24772832
Bmori1_room_10,34656256,34677712,24772832,24786368
Bmori1_room_11,34680832,34724704,24786368,24803920
Bmori1_room_12,34725888,34759632,24803920,24821744
Bmori1_room_13,34762752,34798240,24821744,24839840
Bmori1_room_14,34799616,34822976,24839840,24851664
Bmori1_room_15,34824192,34834064,24851664,24858144
Bmori1_room_16,34836480,34856864,24858144,24867680
Bmori1_room_17,34856960,34894016,24867680,24883280
Bmori1_room_18,34897920,34902848,24883280,24885936
Bmori1_room_19,34906112,34907408,24885936,24886736
Bmori1_room_20,34910208,34915072,24886736,24890224
Bmori1_room_21,34918400,34924416,24890224,24893360
Bmori1_room_22,34926592,34934240,24893360,24896768
HIDAN_scene,34934784,35043696,24896768,24960368
HIDAN_room_0,35045376,35074752,24960368,24973936
HIDAN_room_1,35078144,35129824,24973936,24999392
HIDAN_room_2,35131392,35196880,24999392,25027920
HIDAN_room_3,35196928,35206368,25027920,25033008
HIDAN_room_4,35209216,35240080,25033008,25047536
HIDAN_room_5,35241984,35283504,25047536,25064272
HIDAN_room_6,35287040,35315616,25064272,25079168
HIDAN_room_7,35315712,35330528,25079168,25086624
HIDAN_room_8,35332096,35371712,25086624,25106944
HIDAN_room_9,35373056,35407728,25106944,25122256
HIDAN_room_10,35409920,35509408,25122256,25163152
HIDAN_room_11,35512320,35526592,25163152,25170240
HIDAN_room_12,35528704,35539840,25170240,25175120
HIDAN_room_13,35540992,35593184,25175120,25195360
HIDAN_room_14,35594240,35603040,25195360,25200048
HIDAN_room_15,35606528,35611088,25200048,25202512
HIDAN_room_16,35614720,35662192,25202512,25226768
HIDAN_room_17,35663872,35701056,25226768,25242992
HIDAN_room_18,35704832,35720064,25242992,25251136
HIDAN_room_19,35721216,35738080,25251136,25259584
HIDAN_room_20,35741696,35769616,25259584,25273824
HIDAN_room_21,35770368,35804352,25273824,25292320
HIDAN_room_22,35807232,35834624,25292320,25306272
HIDAN_room_23,35835904,35863840,25306272,25320576
HIDAN_room_24,35864576,35886400,25320576,25330800
HIDAN_room_25,35889152,35916512,25330800,25345280
HIDAN_room_26,35917824,35944608,25345280,25356880
MIZUsin_scene,35946496,36035824,25356880,25405264
MIZUsin_room_0,36036608,36125824,25405264,25450464
MIZUsin_room_1,36126720,36168032,25450464,25470560
MIZUsin_room_2,36171776,36195216,25470560,25484048
MIZUsin_room_3,36196352,36222736,25484048,25498368
MIZUsin_room_4,36225024,36249568,25498368,25512688
MIZUsin_room_5,36249600,36292080,25512688,25538480
MIZUsin_room_6,36294656,36340416,25538480,25564576
MIZUsin_room_7,36343808,36365648,25564576,25576848
MIZUsin_room_8,36368384,36424912,25576848,25610416
MIZUsin_room_9,36425728,36458464,25610416,25628512
MIZUsin_room_10,36458496,36482992,25628512,25641152
MIZUsin_room_11,36483072,36501936,25641152,25651872
MIZUsin_room_12,36503552,36531600,25651872,25666064
MIZUsin_room_13,36532224,36534784,25666064,25667488
MIZUsin_room_14,36536320,36564576,25667488,25682432
MIZUsin_room_15,36564992,36594736,25682432,25699952
MIZUsin_room_16,36597760,36612816,25699952,25709600
MIZUsin_room_17,36614144,36649504,25709600,25726976
MIZUsin_room_18,36651008,36667584,25726976,25737056
MIZUsin_room_19,36671488,36686128,25737056,25746848
MIZUsin_room_20,36687872,36714304,25746848,25762592
MIZUsin_room_21,36716544,36746400,25762592,25778976
MIZUsin_room_22,36749312,36786416,25778976,25798512
jyasinzou_scene,36790272,36895552,25798512,25863264
jyasinzou_room_0,36896768,36966208,25863264,25898752
jyasinzou_room_1,36966400,37004032,25898752,25917280
jyasinzou_room_2,37007360,37030928,25917280,25927952
jyasinzou_room_3,37031936,37047120,25927952,25937264
jyasinzou_room_4,37048320,37077616,25937264,25954320
jyasinzou_room_5,37081088,37179200,25954320,26003856
jyasinzou_room_6,37179392,37197824,26003856,26012016
jyasinzou_room_7,37199872,37221648,26012016,26021904
jyasinzou_room_8,37224448,37257328,26021904,26037664
jyasinzou_room_9,37261312,37285360,26037664,26048416
jyasinzou_room_10,37285888,37319072,26048416,26063760
jyasinzou_room_11,37322752,37326864,26063760,26066400
jyasinzou_room_12,37330944,37339232,26066400,26071536
jyasinzou_room_13,37343232,37365840,26071536,26085424
jyasinzou_room_14,37367808,37387408,26085424,26095120
jyasinzou_room_15,37388288,37422192,26095120,26110848
jyasinzou_room_16,37425152,37450128,26110848,26122320
jyasinzou_room_17,37453824,37492240,26122320,26138992
jyasinzou_room_18,37494784,37518512,26138992,26150912
jyasinzou_room_19,37519360,37543392,26150912,26161632
jyasinzou_room_20,37543936,37577152,26161632,26176976
jyasinzou_room_21,37580800,37598800,26176976,26186416
jyasinzou_room_22,37601280,37613776,26186416,26193600
jyasinzou_room_23,37617664,37654928,26193600,26212624
jyasinzou_room_24,37658624,37684400,26212624,26224448
jyasinzou_room_25,37687296,37776240,26224448,26270560
jyasinzou_room_26,37777408,37829408,26270560,26298624
jyasinzou_room_27,37830656,37852864,26298624,26306400
jyasinzou_room_28,37855232,37890592,26306400,26324240
HAKAdan_scene,37892096,37991360,26324240,26382576
HAKAdan_room_0,37994496,38039744,26382576,26397872
HAKAdan_room_1,38043648,38050496,26397872,26401552
HAKAdan_room_2,38051840,38095120,26401552,26423888
HAKAdan_room_3,38096896,38107456,26423888,26430592
HAKAdan_room_4,38109184,38116416,26430592,26434400
HAKAdan_room_5,38117376,38140512,26434400,26446096
HAKAdan_room_6,38141952,38172016,26446096,26459936
HAKAdan_room_7,38174720,38181552,26459936,26463584
HAKAdan_room_8,38182912,38203488,26463584,26473456
HAKAdan_room_9,38207488,38259552,26473456,26498288
HAKAdan_room_10,38260736,38291360,26498288,26513616
HAKAdan_room_11,38293504,38309184,26513616,26522880
HAKAdan_room_12,38309888,38332192,26522880,26534208
HAKAdan_room_13,38334464,38338480,26534208,26537104
HAKAdan_room_14,38338560,38361408,26537104,26548928
HAKAdan_room_15,38363136,38392432,26548928,26561376
HAKAdan_room_16,38395904,38406272,26561376,26566848
HAKAdan_room_17,38408192,38419664,26566848,26573344
HAKAdan_room_18,38420480,38474368,26573344,26592224
HAKAdan_room_19,38477824,38489376,26592224,26599088
HAKAdan_room_20,38490112,38497824,26599088,26603136
HAKAdan_room_21,38498304,38544560,26603136,26627168
HAKAdan_room_22,38547456,38558112,26627168,26634016
HAKAdanCH_scene,38559744,38610272,26634016,26664800
HAKAdanCH_room_0,38612992,38700528,26664800,26707232
HAKAdanCH_room_1,38703104,38748880,26707232,26726176
HAKAdanCH_room_2,38752256,38764944,26726176,26731408
HAKAdanCH_room_3,38768640,38775904,26731408,26734992
HAKAdanCH_room_4,38776832,38786128,26734992,26740704
HAKAdanCH_room_5,38789120,38799712,26740704,26746976
HAKAdanCH_room_6,38801408,38813312,26746976,26755952
ice_doukutu_scene,38813696,38884848,26755952,26813184
ice_doukutu_room_0,38887424,38921824,26813184,26840656
ice_doukutu_room_1,38924288,38974784,26840656,26876736
ice_doukutu_room_2,38977536,39000816,26876736,26894832
ice_doukutu_room_3,39002112,39035008,26894832,26917680
ice_doukutu_room_4,39038976,39069296,26917680,26940224
ice_doukutu_room_5,39071744,39106704,26940224,26963728
ice_doukutu_room_6,39108608,39125600,26963728,26975808
ice_doukutu_room_7,39129088,39151856,26975808,26988944
ice_doukutu_room_8,39153664,39160144,26988944,26992688
ice_doukutu_room_9,39161856,39196240,26992688,27014016
ice_doukutu_room_10,39198720,39216096,27014016,27027904
ice_doukutu_room_11,39219200,39241984,27027904,27043280
men_scene,39243776,39314736,27043280,27089776
men_room_0,39317504,39382928,27089776,27127088
men_room_1,39383040,39420560,27127088,27149312
men_room_2,39424000,39444352,27149312,27159856
men_room_3,39444480,39476256,27159856,27179376
men_room_4,39477248,39518544,27179376,27206752
men_room_5,39522304,39543008,27206752,27220928
men_room_6,39546880,39579456,27220928,27241248
men_room_7,39579648,39613232,27241248,27263024
men_room_8,39616512,39649808,27263024,27276912
men_room_9,39653376,39667952,27276912,27285424
men_room_10,39669760,39693408,27285424,27300912
ganontika_scene,39694336,39831488,27300912,27385408
ganontika_room_0,39833600,39870912,27385408,27398288
ganontika_room_1,39874560,39991728,27398288,27450752
ganontika_room_2,39993344,40024032,27450752,27466592
ganontika_room_3,40026112,40065424,27466592,27487280
ganontika_room_4,40067072,40098960,27487280,27502384
ganontika_room_5,40099840,40129856,27502384,27516496
ganontika_room_6,40132608,40197104,27516496,27538880
ganontika_room_7,40198144,40230032,27538880,27554496
ganontika_room_8,40230912,40267888,27554496,27569888
ganontika_room_9,40271872,40319120,27569888,27585280
ganontika_room_10,40321024,40348528,27585280,27597680
ganontika_room_11,40349696,40376656,27597680,27609872
ganontika_room_12,40378368,40424304,27609872,27629824
ganontika_room_13,40427520,40459584,27629824,27645616
ganontika_room_14,40460288,40501664,27645616,27662160
ganontika_room_15,40505344,40537408,27662160,27677952
ganontika_room_16,40538112,40549920,27677952,27682448
ganontika_room_17,40550400,40584864,27682448,27694464
ganontika_room_18,40587264,40638064,27694464,27713616
ganontika_room_19,40640512,40672576,27713616,27729392
spot00_scene,40673280,40845856,27729392,27836576
spot00_room_0,40849408,40935984,27836576,27873520
spot01_scene,40939520,41054544,27873520,27951216
spot01_room_0,41058304,41098976,27951216,27969376
spot02_scene,41099264,41147520,27969376,27999168
spot02_room_0,41148416,41158368,27999168,28002736
spot02_room_1,41160704,41283472,28002736,28077360
spot03_scene,41283584,41330016,28077360,28111264
spot03_room_0,41332736,41388416,28111264,28140608
spot03_room_1,41390080,41420032,28140608,28157904
spot04_scene,41422848,41493056,28157904,28203216
spot04_room_0,41496576,41608336,28203216,28267984
spot04_room_1,41611264,41645440,28267984,28288272
spot04_room_2,41648128,41668720,28288272,28300784
spot05_scene,41672704,41758048,28300784,28357088
spot05_room_0,41758720,41799424,28357088,28373440
spot06_scene,41799680,41911344,28373440,28450976
spot06_room_0,41914368,41956896,28450976,28471072
spot07_scene,41959424,41998368,28471072,28500976
spot07_room_0,42000384,42025712,28500976,28512000
spot07_room_1,42029056,42080672,28512000,28538496
spot08_scene,42082304,42153632,28538496,28592384
spot08_room_0,42156032,42189152,28592384,28608080
spot09_scene,42192896,42262880,28608080,28654368
spot09_room_0,42266624,42301376,28654368,28669792
spot10_scene,42303488,42370096,28669792,28713488
spot10_room_0,42373120,42382832,28713488,28717168
spot10_room_1,42385408,42419248,28717168,28735856
spot10_room_2,42422272,42441712,28735856,28745712
spot10_room_3,42442752,42465968,28745712,28758336
spot10_room_4,42467328,42476752,28758336,28761760
spot10_room_5,42479616,42508272,28761760,28775360
spot10_room_6,42508288,42523376,28775360,28784608
spot10_room_7,42524672,42534336,28784608,28788112
spot10_room_8,42536960,42546800,28788112,28791680
spot10_room_9,42549248,42564576,28791680,28800240
spot11_scene,42565632,42669280,28800240,28873072
spot11_room_0,42672128,42723264,28873072,28900224
spot12_scene,42725376,42790528,28900224,28941408
spot12_room_0,42790912,42862016,28941408,28979184
spot12_room_1,42864640,42913952,28979184,29006816
spot13_scene,42917888,42942000,29006816,29023248
spot13_room_0,42942464,42944784,29023248,29024592
spot13_room_1,42946560,43022912,29024592,29070560
spot15_scene,43024384,43123968,29070560,29138240
spot15_room_0,43126784,43180480,29138240,29161808
spot16_scene,43184128,43309712,29161808,29252560
spot16_room_0,43311104,43355408,29252560,29274752
spot17_scene,43356160,43421408,29274752,29319472
spot17_room_0,43421696,43448448,29319472,29333376
spot17_room_1,43450368,43524960,29333376,29369264
spot18_scene,43528192,43570256,29369264,29396384
spot18_room_0,43573248,43648976,29396384,29439296
spot18_room_1,43651072,43676160,29439296,29455296
spot18_room_2,43679744,43751856,29455296,29496736
spot18_room_3,43753472,43875568,29496736,29562464
market_day_scene,43876352,43886192,29562464,29567888
market_day_room_0,43888640,43911280,29567888,29573632
market_night_scene,43913216,43922992,29573632,29578944
market_night_room_0,43925504,43947936,29578944,29584544
kenjyanoma_scene,43950080,43964656,29584544,29590432
kenjyanoma_room_0,43966464,44044560,29590432,29629440
tokinoma_scene,44048384,44124064,29629440,29662048
tokinoma_room_0,44126208,44220896,29662048,29694176
tokinoma_room_1,44224512,44253392,29694176,29705712
link_home_scene,44257280,44264288,29705712,29708896
link_home_room_0,44265472,44428416,29708896,29739104
kokiri_shop_scene,44429312,44431744,29739104,29740576
kokiri_shop_room_0,44433408,44633232,29740576,29772336
kokiri_home_scene,44634112,44637376,29772336,29774240
kokiri_home_room_0,44638208,44817456,29774240,29808896
kakusiana_scene,44818432,44873760,29808896,29850048
kakusiana_room_0,44875776,44905120,29850048,29868512
kakusiana_room_1,44908544,44929424,29868512,29883056
kakusiana_room_2,44933120,44943552,29883056,29889712
kakusiana_room_3,44945408,44966192,29889712,29904272
kakusiana_room_4,44969984,45001056,29904272,29926720
kakusiana_room_5,45002752,45020896,29926720,29941760
kakusiana_room_6,45023232,45046384,29941760,29956000
kakusiana_room_7,45047808,45064144,29956000,29967664
kakusiana_room_8,45064192,45078064,29967664,29975648
kakusiana_room_9,45080576,45103824,29975648,29989936
kakusiana_room_10,45105152,45128240,29989936,30009472
kakusiana_room_11,45129728,45164208,30009472,30030816
kakusiana_room_12,45166592,45198928,30030816,30051168
kakusiana_room_13,45199360,45227728,30051168,30072240
entra_scene,45228032,45229024,30072240,30072864
entra_room_0,45232128,45386608,30072864,30102944
moribossroom_scene,45387776,45394176,30102944,30108112
moribossroom_room_0,45395968,45420224,30108112,30123072
moribossroom_room_1,45420544,45476528,30123072,30151168
syatekijyou_scene,45477888,45527744,30151168,30181136
syatekijyou_room_0,45531136,45561584,30181136,30191008
shop1_scene,45563904,45564656,30191008,30191472
shop1_room_0,45568000,45737904,30191472,30213840
hairal_niwa_scene,45740032,45810576,30213840,30258784
hairal_niwa_room_0,45813760,45856992,30258784,30275120
ganon_tou_scene,45858816,45878128,30275120,30289152
ganon_tou_room_0,45879296,45959920,30289152,30338832
market_alley_scene,45961216,45965904,30338832,30341264
market_alley_room_0,45969408,46450432,30341264,30410752
spot20_scene,46452736,46525888,30410752,30455728
spot20_room_0,46526464,46552784,30455728,30466016
market_ruins_scene,46555136,46560816,30466016,30469168
market_ruins_room_0,46563328,46573600,30469168,30471680
entra_n_scene,46575616,46576688,30471680,30472336
entra_n_room_0,46579712,46734192,30472336,30492848
enrui_scene,46735360,46736352,30492848,30493472
enrui_room_0,46739456,46893920,30493472,30519552
market_alley_n_scene,46895104,46899952,30519552,30522096
market_alley_n_room_0,46903296,47384304,30522096,30574352
hiral_demo_scene,47386624,47402320,30574352,30580288
hiral_demo_room_0,47403008,47404608,30580288,30580736
kokiri_home3_scene,47407104,47413152,30580736,30584128
kokiri_home3_room_0,47415296,47638032,30584128,30628656
malon_stable_scene,47640576,47642224,30628656,30629584
malon_stable_room_0,47644672,47833680,30629584,30659936
kakariko_scene,47837184,47840928,30659936,30662144
kakariko_room_0,47841280,48017344,30662144,30684784
bdan_boss_scene,48017408,48021056,30684784,30687168
bdan_boss_room_0,48021504,48033824,30687168,30694784
bdan_boss_room_1,48037888,48058560,30694784,30705632
FIRE_bs_scene,48062464,48081920,30705632,30718048
FIRE_bs_room_0,48082944,48099952,30718048,30727696
FIRE_bs_room_1,48103424,48132064,30727696,30742848
hut_scene,48132096,48133392,30742848,30743616
hut_room_0,48136192,48305568,30743616,30764656
daiyousei_izumi_scene,48308224,48365568,30764656,30792416
daiyousei_izumi_room_0,48365568,48380176,30792416,30798336
hakaana_scene,48381952,48384656,30798336,30799920
hakaana_room_0,48386048,48416976,30799920,30817520
yousei_izumi_tate_scene,48418816,48453648,30817520,30841200
yousei_izumi_tate_room_0,48455680,48472784,30841200,30848240
yousei_izumi_yoko_scene,48476160,48528800,30848240,30872272
yousei_izumi_yoko_room_0,48529408,48545808,30872272,30879152
golon_scene,48549888,48550816,30879152,30879744
golon_room_0,48553984,48710096,30879744,30898560
zoora_scene,48713728,48714640,30898560,30899152
zoora_room_0,48717824,48873952,30899152,30920240
drag_scene,48877568,48878576,30920240,30920864
drag_room_0,48881664,49061472,30920864,30946352
alley_shop_scene,49061888,49063344,30946352,30947248
alley_shop_room_0,49065984,49224752,30947248,30966880
night_shop_scene,49225728,49227376,30966880,30967952
night_shop_room_0,49229824,49396064,30967952,30989552
impa_scene,49397760,49401104,30989552,30991424
impa_room_0,49401856,49561504,30991424,31009904
labo_scene,49561600,49565424,31009904,31012000
labo_room_0,49565696,49747696,31012000,31040400
tent_scene,49750016,49751680,31040400,31041392
tent_room_0,49754112,49964704,31041392,31078896
nakaniwa_scene,49967104,49981984,31078896,31085312
nakaniwa_room_0,49983488,50081472,31085312,31143120
ddan_boss_scene,50081792,50092128,31143120,31152048
ddan_boss_room_0,50094080,50114096,31152048,31161296
ddan_boss_room_1,50114560,50130400,31161296,31171728
ydan_boss_scene,50130944,50136896,31171728,31176656
ydan_boss_room_0,50139136,50167792,31176656,31200848
ydan_boss_room_1,50167808,50194416,31200848,31216640
HAKAdan_bs_scene,50196480,50206592,31216640,31223904
HAKAdan_bs_room_0,50208768,50219488,31223904,31228192
HAKAdan_bs_room_1,50221056,50245456,31228192,31243072
MIZUsin_bs_scene,50245632,50252384,31243072,31246720
MIZUsin_bs_room_0,50253824,50271344,31246720,31258128
MIZUsin_bs_room_1,50274304,50320112,31258128,31281744
ganon_scene,50323456,50390960,31281744,31322192
ganon_room_0,50393088,50425552,31322192,31335856
ganon_room_1,50425856,50456432,31335856,31346848
ganon_room_2,50458624,50489424,31346848,31360064
ganon_room_3,50491392,50521904,31360064,31371760
ganon_room_4,50524160,50561232,31371760,31389728
ganon_room_5,50565120,50600720,31389728,31405696
ganon_room_6,50601984,50641824,31405696,31423312
ganon_room_7,50642944,50685856,31423312,31441280
ganon_room_8,50688000,50715616,31441280,31453840
ganon_room_9,50716672,50739488,31453840,31469088
ganon_boss_scene,50741248,50773024,31469088,31493312
ganon_boss_room_0,50774016,50798208,31493312,31499312
jyasinboss_scene,50798592,50834672,31499312,31517632
jyasinboss_room_0,50835456,50839504,31517632,31519792
jyasinboss_room_1,50839552,50871872,31519792,31535712
jyasinboss_room_2,50872320,50888128,31535712,31542256
jyasinboss_room_3,50888704,50935552,31542256,31571168
kokiri_home4_scene,50937856,50944688,31571168,31575232
kokiri_home4_room_0,50946048,51177808,31575232,31626976
kokiri_home5_scene,51179520,51184656,31626976,31629984
kokiri_home5_room_0,51187712,51388256,31629984,31668624
ganon_final_scene,51388416,51462528,31668624,31722032
ganon_final_room_0,51466240,51519152,31722032,31742576
kakariko3_scene,51519488,51521600,31742576,31743808
kakariko3_room_0,51523584,51697024,31743808,31770448
hakasitarelay_scene,51699712,51757680,31770448,31807792
hakasitarelay_room_0,51761152,51790528,31807792,31825632
hakasitarelay_room_1,51793920,51820320,31825632,31840608
hakasitarelay_room_2,51822592,51856560,31840608,31859232
hakasitarelay_room_3,51859456,51895520,31859232,31881760
hakasitarelay_room_4,51896320,51913856,31881760,31894816
hakasitarelay_room_5,51916800,51934288,31894816,31907136
hakasitarelay_room_6,51937280,51968688,31907136,31927408
shrine_scene,51970048,51975392,31927408,31930304
shrine_room_0,51978240,52316912,31930304,31985504
turibori_scene,52318208,52393696,31985504,32038112
turibori_room_0,52396032,52422496,32038112,32050352
shrine_n_scene,52424704,52430080,32050352,32053264
shrine_n_room_0,52432896,52771600,32053264,32095280
shrine_r_scene,52772864,52778128,32095280,32098080
shrine_r_room_0,52781056,53119728,32098080,32140960
hakaana2_scene,53121024,53174416,32140960,32179808
hakaana2_room_0,53178368,53205008,32179808,32190656
gerudoway_scene,53207040,53262624,32190656,32222352
gerudoway_room_0,53264384,53284160,32222352,32232144
gerudoway_room_1,53284864,53314224,32232144,32246512
gerudoway_room_2,53317632,53333584,32246512,32252960
gerudoway_room_3,53334016,53379856,32252960,32274048
gerudoway_room_4,53383168,53397792,32274048,32280336
gerudoway_room_5,53399552,53419584,32280336,32288256
hairal_niwa_n_scene,53420032,53457136,32288256,32313888
hairal_niwa_n_room_0,53460992,53474848,32313888,32318880
bowling_scene,53477376,53537568,32318880,32352944
bowling_room_0,53538816,53563872,32352944,32362992
hakaana_ouke_scene,53567488,53586656,32362992,32374592
hakaana_ouke_room_0,53587968,53630976,32374592,32394016
hakaana_ouke_room_1,53633024,53651456,32394016,32404192
hakaana_ouke_room_2,53653504,53678352,32404192,32420304
hylia_labo_scene,53682176,53751952,32420304,32459936
hylia_labo_room_0,53755904,53786064,32459936,32471360
souko_scene,53788672,53816336,32471360,32487216
souko_room_0,53817344,53855552,32487216,32507952
souko_room_1,53858304,53900336,32507952,32529728
souko_room_2,53903360,53936512,32529728,32547168
miharigoya_scene,53940224,53990736,32547168,32577056
miharigoya_room_0,53993472,54009264,32577056,32582656
mahouya_scene,54009856,54053408,32582656,32611488
mahouya_room_0,54054912,54082192,32611488,32622000
takaraya_scene,54083584,54112688,32622000,32637840
takaraya_room_0,54116352,54156736,32637840,32659696
takaraya_room_1,54157312,54165504,32659696,32663584
takaraya_room_2,54165504,54173744,32663584,32667504
takaraya_room_3,54177792,54188064,32667504,32673056
takaraya_room_4,54190080,54202400,32673056,32679952
takaraya_room_5,54206464,54218752,32679952,32686800
takaraya_room_6,54218752,54229760,32686800,32692704
ganon_sonogo_scene,54231040,54263568,32692704,32711296
ganon_sonogo_room_0,54263808,54296192,32711296,32725312
ganon_sonogo_room_1,54296576,54328240,32725312,32739200
ganon_sonogo_room_2,54329344,54365344,32739200,32757456
ganon_sonogo_room_3,54366208,54388288,32757456,32766928
ganon_sonogo_room_4,54390784,54426864,32766928,32784592
ganon_demo_scene,54427648,54464624,32784592,32814576
ganon_demo_room_0,54468608,54485328,32814576,32823568
face_shop_scene,54489088,54489968,32823568,32824128
face_shop_room_0,54493184,54683200,32824128,32858688
kinsuta_scene,54685696,54691344,32858688,32862176
kinsuta_room_0,54693888,54751392,32862176,32902176
ganontikasonogo_scene,54755328,54774528,32902176,32913216
ganontikasonogo_room_0,54775808,54872960,32913216,32956352
ganontikasonogo_room_1,54874112,54914848,32956352,32972960
bump_texture_static,54915072,54916096,32972960,32973632
anime_model_1_static,54919168,54919184,32973632,32973664
anime_model_2_static,54923264,54923280,32973664,32973696
anime_model_3_static,54927360,54927376,32973696,32973728
anime_model_4_static,54931456,54931472,32973728,32973760
anime_model_5_static,54935552,54935568,32973760,32973792
anime_model_6_static,54939648,54939664,32973792,32973824
anime_texture_1_static,54943744,54943760,32973824,32973856
anime_texture_2_static,54947840,54947856,32973856,32973888
anime_texture_3_static,54951936,54951952,32973888,32973920
anime_texture_4_static,54956032,54956048,32973920,32973952
anime_texture_5_static,54960128,54960144,32973952,32973984
anime_texture_6_static,54964224,54964240,32973984,32974016
softsprite_matrix_static,54968320,54968384,32974016,32974048
