makerom,0,4192,0,0
boot,4192,107776,4192,0
dmadata,107776,132864,107776,0
Audiobank,132864,289520,132864,0
Audioseq,289520,622448,289520,0
Audiotable,622448,6162144,622448,0
kanji,6162144,6670816,6162144,0
link_animetion,6672384,9792928,6670816,0
icon_item_static_old,9793536,10407616,9793536,0
icon_item_24_static_old,10407936,10438400,10407936,0
icon_item_field_static,10440704,10525424,9791360,9833120
icon_item_dungeon_static,10526720,10546048,9833120,9838144
icon_item_gameover_static,10547200,10560256,9838144,9844032
icon_item_jpn_static,10563584,10598912,9844032,9859680
icon_item_vtx_static,10600448,10601184,9859680,9859920
map_i_static,10604544,10609424,9859920,0
map_grand_static,10609424,10647136,9864800,0
item_name_static,10647136,10703600,9902512,0
map_name_static,10703600,10710032,9958976,0
icon_item_static_test,10710032,10993376,9965408,0
icon_item_24_static_test,10993376,11012000,10248752,0
schedule_dma_static_old,11012000,11057600,11012000,0
schedule_dma_static_test,11059200,11086352,10267376,0
schedule_static,11086352,11112672,10294528,10303328
story_static,11116544,11271168,10303328,10415104
do_action_static,11272192,11288320,10415104,0
message_static,11288576,11309440,10431232,0
message_texture_static,11313152,11317760,10452096,0
nes_font_static,11321344,11341312,10456704,0
message_data_static,11341824,11774448,10476672,0
staff_message_data_static,11776000,11779680,10909296,0
code,11780096,13083872,10912976,11691408
ovl_title,13083872,13086192,11691408,11693184
ovl_select,13086192,13099728,11693184,11701184
ovl_opening,13099728,13100272,11701184,11701664
ovl_file_choose,13100272,13169504,11701664,11740896
ovl_daytelop,13169504,13174096,11740896,11742768
ovl_kaleido_scope,13174096,13270784,11742768,11800592
ovl_Player_Actor,13270784,13487968,11800592,11946992
ovl_En_Test,13487968,13491296,11946992,11949696
ovl_En_GirlA,13491296,13498208,11949696,11952960
ovl_En_Part,13498208,13499776,11952960,11954320
ovl_En_Light,13499776,13503472,11954320,11956896
ovl_En_Door,13503472,13508528,11956896,11960880
ovl_En_Box,13508528,13517168,11960880,11967184
ovl_En_Pametfrog,13517168,13533696,11967184,11978064
ovl_En_Okuta,13533696,13545872,11978064,11986560
ovl_En_Bom,13545872,13560368,11986560,11995936
ovl_En_Wallmas,13560368,13568144,11995936,12001440
ovl_En_Dodongo,13568144,13580560,12001440,12010208
ovl_En_Firefly,13580560,13588816,12010208,12015920
ovl_En_Horse,13588816,13648992,12015920,12051152
ovl_En_Arrow,13648992,13657904,12051152,12057472
ovl_En_Elf,13657904,13677184,12057472,12070624
ovl_En_Niw,13677184,13687312,12070624,12078144
ovl_En_Tite,13687312,13701456,12078144,12087680
ovl_En_Peehat,13701456,13712256,12087680,12095120
ovl_En_Holl,13712256,13715712,12095120,12097744
ovl_En_Dinofos,13715712,13732608,12097744,12108912
ovl_En_Hata,13732608,13733808,12108912,12109984
ovl_En_Zl1,13733808,13733952,12109984,12110080
ovl_En_Viewer,13733952,13735664,12110080,12111344
ovl_En_Bubble,13735664,13740800,12111344,12115248
ovl_Door_Shutter,13740800,13747936,12115248,12120400
ovl_En_Boom,13747936,13751232,12120400,12123216
ovl_En_Torch2,13751232,13752448,12123216,12124272
ovl_En_Minifrog,13752448,13759072,12124272,12129008
ovl_En_St,13759072,13769536,12129008,12136368
ovl_Obj_Wturn,13769536,13770816,12136368,12137376
ovl_En_River_Sound,13770816,13771440,12137376,12137952
ovl_En_Ossan,13771440,13790000,12137952,12149168
ovl_En_Famos,13790000,13798096,12149168,12154496
ovl_En_Bombf,13798096,13803232,12154496,12158528
ovl_En_Am,13803232,13808960,12158528,12162656
ovl_En_Dekubaba,13808960,13825088,12162656,12173232
ovl_En_M_Fire1,13825088,13825488,12173232,12173552
ovl_En_M_Thunder,13825488,13833584,12173552,12178816
ovl_Bg_Breakwall,13833584,13837984,12178816,12181872
ovl_Door_Warp1,13837984,13853200,12181872,12191792
ovl_Obj_Syokudai,13853200,13856736,12191792,12194656
ovl_Item_B_Heart,13856736,13857744,12194656,12195472
ovl_En_Dekunuts,13857744,13866000,12195472,12200960
ovl_En_Bbfall,13866000,13873696,12200960,12206848
ovl_Arms_Hook,13873696,13877040,12206848,12209488
ovl_En_Bb,13877040,13884480,12209488,12215040
ovl_Bg_Keikoku_Spr,13884480,13884912,12215040,12215408
ovl_En_Wood02,13884912,13889888,12215408,12219328
ovl_En_Death,13889888,13910672,12219328,12233776
ovl_En_Minideath,13910672,13919280,12233776,12239824
ovl_En_Vm,13919280,13924624,12239824,12243888
ovl_Demo_Effect,13924624,13927968,12243888,12246608
ovl_Demo_Kankyo,13927968,13936720,12246608,12252320
ovl_En_Floormas,13936720,13950960,12252320,12261312
ovl_En_Rd,13950960,13965088,12261312,12269728
ovl_Bg_F40_Flift,13965088,13965984,12269728,12270448
ovl_Obj_Mure,13965984,13970192,12270448,12273392
ovl_En_Sw,13970192,13983824,12273392,12282944
ovl_Object_Kankyo,13983824,13993856,12282944,12289792
ovl_En_Horse_Link_Child,13993856,14000992,12289792,12294032
ovl_Door_Ana,14000992,14002672,12294032,12295376
ovl_En_Encount1,14002672,14004224,12295376,12296656
ovl_Demo_Tre_Lgt,14004224,14006048,12296656,12298160
ovl_En_Encount2,14006048,14008736,12298160,12300400
ovl_En_Fire_Rock,14008736,14008880,12300400,12300496
ovl_Bg_Ctower_Rot,14008880,14010304,12300496,12301632
ovl_Mir_Ray,14010304,14016688,12301632,12306816
ovl_En_Sb,14016688,14020992,12306816,12309840
ovl_En_Bigslime,14020992,14070720,12309840,12341136
ovl_En_Karebaba,14070720,14078576,12341136,12346544
ovl_En_In,14078576,14095984,12346544,12357216
ovl_En_Bom_Chu,14095984,14101600,12357216,12361648
ovl_En_Horse_Game_Check,14101600,14106560,12361648,12364848
ovl_En_Rr,14106560,14116624,12364848,12372256
ovl_En_Fr,14116624,14116992,12372256,12372544
ovl_En_Fishing,14116992,14197616,12372544,12427008
ovl_Obj_Oshihiki,14197616,14203936,12427008,12431408
ovl_Eff_Dust,14203936,14209040,12431408,12434608
ovl_Bg_Umajump,14209040,14211456,12434608,12436336
ovl_En_Insect,14211456,14217600,12436336,12440400
ovl_En_Butte,14217600,14223120,12440400,12444368
ovl_En_Fish,14223120,14233552,12444368,12451424
ovl_Item_Etcetera,14233552,14234656,12451424,12452240
ovl_Arrow_Fire,14234656,14243072,12452240,12459360
ovl_Arrow_Ice,14243072,14250944,12459360,12465616
ovl_Arrow_Light,14250944,14258784,12465616,12471952
ovl_Obj_Kibako,14258784,14263920,12471952,12475584
ovl_Obj_Tsubo,14263920,14272960,12475584,12481136
ovl_En_Ik,14272960,14284256,12481136,12488864
ovl_Demo_Shd,14284256,14284400,12488864,12488960
ovl_En_Dns,14284400,14291008,12488960,12493744
ovl_Elf_Msg,14291008,14292416,12493744,12494784
ovl_En_Honotrap,14292416,14301328,12494784,12501152
ovl_En_Tubo_Trap,14301328,14304784,12501152,12503664
ovl_Obj_Ice_Poly,14304784,14308672,12503664,12506720
ovl_En_Fz,14308672,14318224,12506720,12513376
ovl_En_Kusa,14318224,14326656,12513376,12519792
ovl_Obj_Bean,14326656,14336576,12519792,12526320
ovl_Obj_Bombiwa,14336576,14342752,12526320,12530880
ovl_Obj_Switch,14342752,14352960,12530880,12537072
ovl_Obj_Lift,14352960,14355744,12537072,12539392
ovl_Obj_Hsblock,14355744,14357152,12539392,12540528
ovl_En_Okarina_Tag,14357152,14358304,12540528,12541536
ovl_En_Goroiwa,14358304,14377776,12541536,12555504
ovl_En_Daiku,14377776,14381152,12555504,12558128
ovl_En_Nwc,14381152,14386032,12558128,12561872
ovl_Item_Inbox,14386032,14386384,12561872,12562144
ovl_En_Ge1,14386384,14390560,12562144,12565232
ovl_Obj_Blockstop,14390560,14391120,12565232,12565728
ovl_En_Sda,14391120,14396704,12565728,12569440
ovl_En_Clear_Tag,14396704,14421152,12569440,12584288
ovl_En_Gm,14421152,14439392,12584288,12596096
ovl_En_Ms,14439392,14440976,12596096,12597344
ovl_En_Hs,14440976,14444624,12597344,12600144
ovl_Bg_Ingate,14444624,14448416,12600144,12603088
ovl_En_Kanban,14448416,14462592,12603088,12611808
ovl_En_Attack_Niw,14462592,14467232,12611808,12615184
ovl_En_Mk,14467232,14471888,12615184,12618528
ovl_En_Owl,14471888,14484640,12618528,12626848
ovl_En_Ishi,14484640,14493904,12626848,12633616
ovl_Obj_Hana,14493904,14494128,12633616,12633808
ovl_Obj_Lightswitch,14494128,14498480,12633808,12636720
ovl_Obj_Mure2,14498480,14501024,12636720,12638608
ovl_En_Fu,14501024,14517264,12638608,12649376
ovl_En_Stream,14517264,14518640,12649376,12650560
ovl_En_Mm,14518640,14520784,12650560,12652304
ovl_En_Weather_Tag,14520784,14526352,12652304,12655808
ovl_En_Ani,14526352,14529904,12655808,12658400
ovl_En_Js,14529904,14540384,12658400,12665200
ovl_En_Okarina_Effect,14540384,14541008,12665200,12665680
ovl_En_Mag,14541008,14555648,12665680,12673552
ovl_Elf_Msg2,14555648,14556960,12673552,12674432
ovl_Bg_F40_Swlift,14556960,14558096,12674432,12675408
ovl_En_Kakasi,14558096,14569728,12675408,12683008
ovl_Obj_Makeoshihiki,14569728,14570544,12683008,12683760
ovl_Oceff_Spot,14570544,14574336,12683760,12687008
ovl_En_Torch,14574336,14574576,12687008,12687232
ovl_Shot_Sun,14574576,14576128,12687232,12688496
ovl_Obj_Roomtimer,14576128,14576800,12688496,12689040
ovl_En_Ssh,14576800,14586464,12689040,12695680
ovl_Oceff_Wipe,14586464,14589872,12695680,12698624
ovl_Effect_Ss_Dust,14589872,14591904,12698624,12700272
ovl_Effect_Ss_Kirakira,14591904,14593552,12700272,12701680
ovl_Effect_Ss_Bomb2,14593552,14595696,12701680,12703392
ovl_Effect_Ss_Blast,14595696,14596560,12703392,12704224
ovl_Effect_Ss_G_Spk,14596560,14597968,12704224,12705488
ovl_Effect_Ss_D_Fire,14597968,14599008,12705488,12706464
ovl_Effect_Ss_Bubble,14599008,14600400,12706464,12707664
ovl_Effect_Ss_G_Ripple,14600400,14601712,12707664,12708832
ovl_Effect_Ss_G_Splash,14601712,14602768,12708832,12709680
ovl_Effect_Ss_G_Fire,14602768,14603296,12709680,12710176
ovl_Effect_Ss_Lightning,14603296,14605056,12710176,12711776
ovl_Effect_Ss_Dt_Bubble,14605056,14606352,12711776,12712912
ovl_Effect_Ss_Hahen,14606352,14607792,12712912,12714048
ovl_Effect_Ss_Stick,14607792,14608496,12714048,12714704
ovl_Effect_Ss_Sibuki,14608496,14610128,12714704,12716160
ovl_Effect_Ss_Stone1,14610128,14610992,12716160,12716960
ovl_Effect_Ss_Hitmark,14610992,14612272,12716960,12718064
ovl_Effect_Ss_Fhg_Flash,14612272,14614960,12718064,12719744
ovl_Effect_Ss_K_Fire,14614960,14616048,12719744,12720784
ovl_Effect_Ss_Solder_Srch_Ball,14616048,14617152,12720784,12721760
ovl_Effect_Ss_Kakera,14617152,14621296,12721760,12724848
ovl_Effect_Ss_Ice_Piece,14621296,14622320,12724848,12725824
ovl_Effect_Ss_En_Ice,14622320,14624288,12725824,12727536
ovl_Effect_Ss_Fire_Tail,14624288,14626048,12727536,12729120
ovl_Effect_Ss_En_Fire,14626048,14627696,12729120,12730624
ovl_Effect_Ss_Extra,14627696,14628576,12730624,12731488
ovl_Effect_Ss_Dead_Db,14628576,14629616,12731488,12732464
ovl_Effect_Ss_Dead_Dd,14629616,14631040,12732464,12733776
ovl_Effect_Ss_Dead_Ds,14631040,14632192,12733776,12734848
ovl_Oceff_Storm,14632192,14639808,12734848,12741984
ovl_Obj_Demo,14639808,14640784,12741984,12742704
ovl_En_Minislime,14640784,14649824,12742704,12748848
ovl_En_Nutsball,14649824,14651408,12748848,12750304
ovl_Oceff_Wipe2,14651408,14657392,12750304,12753936
ovl_Oceff_Wipe3,14657392,14663360,12753936,12758656
ovl_En_Dg,14663360,14677920,12758656,12767920
ovl_En_Si,14677920,14678976,12767920,12768704
ovl_Obj_Comb,14678976,14684992,12768704,12772960
ovl_Obj_Kibako2,14684992,14687456,12772960,12774976
ovl_En_Hs2,14687456,14687680,12774976,12775152
ovl_Obj_Mure3,14687680,14689664,12775152,12776704
ovl_En_Tg,14689664,14692496,12776704,12779008
ovl_En_Wf,14692496,14710064,12779008,12790208
ovl_En_Skb,14710064,14723088,12790208,12798528
ovl_En_Gs,14723088,14735008,12798528,12807200
ovl_Obj_Sound,14735008,14735536,12807200,12807632
ovl_En_Crow,14735536,14741520,12807632,12812080
ovl_En_Cow,14741520,14746880,12812080,12815552
ovl_Oceff_Wipe4,14746880,14750976,12815552,12818608
ovl_En_Zo,14750976,14754976,12818608,12821696
ovl_Effect_Ss_Ice_Smoke,14754976,14755760,12821696,12822448
ovl_Obj_Makekinsuta,14755760,14756896,12822448,12823408
ovl_En_Ge3,14756896,14761104,12823408,12826544
ovl_Obj_Hamishi,14761104,14764320,12826544,12829168
ovl_En_Zl4,14764320,14765472,12829168,12830112
ovl_En_Mm2,14765472,14768336,12830112,12831728
ovl_Door_Spiral,14768336,14770512,12831728,12833472
ovl_Obj_Pzlblock,14770512,14774064,12833472,12836080
ovl_Obj_Toge,14774064,14777200,12836080,12838592
ovl_Obj_Armos,14777200,14781056,12838592,12841504
ovl_Obj_Boyo,14781056,14782448,12841504,12842720
ovl_En_Grasshopper,14782448,14794368,12842720,12851088
ovl_Obj_Grass,14794368,14801680,12851088,12856752
ovl_Obj_Grass_Carry,14801680,14805648,12856752,12859904
ovl_Obj_Grass_Unit,14805648,14807392,12859904,12861200
ovl_Bg_Fire_Wall,14807392,14809664,12861200,12863040
ovl_En_Bu,14809664,14810096,12863040,12863424
ovl_En_Encount3,14810096,14812560,12863424,12865568
ovl_En_Jso,14812560,14828032,12865568,12876336
ovl_Obj_Chikuwa,14828032,14831008,12876336,12878864
ovl_En_Knight,14831008,14883968,12878864,12913712
ovl_En_Warp_tag,14883968,14886352,12913712,12915648
ovl_En_Aob_01,14886352,14897824,12915648,12923632
ovl_En_Boj_01,14897824,14897968,12923632,12923728
ovl_En_Boj_02,14897968,14898112,12923728,12923824
ovl_En_Boj_03,14898112,14898256,12923824,12923920
ovl_En_Encount4,14898256,14900400,12923920,12925664
ovl_En_Bom_Bowl_Man,14900400,14907872,12925664,12930928
ovl_En_Syateki_Man,14907872,14921600,12930928,12939552
ovl_Bg_Icicle,14921600,14924048,12939552,12941536
ovl_En_Syateki_Crow,14924048,14927648,12941536,12944512
ovl_En_Boj_04,14927648,14927792,12944512,12944608
ovl_En_Cne_01,14927792,14931328,12944608,12947392
ovl_En_Bba_01,14931328,14934784,12947392,12950144
ovl_En_Bji_01,14934784,14939104,12950144,12953264
ovl_Bg_Spdweb,14939104,14944368,12953264,12957104
ovl_En_Mt_tag,14944368,14948944,12957104,12960544
ovl_Boss_01,14948944,14982960,12960544,12983744
ovl_Boss_02,14982960,15008128,12983744,13001280
ovl_Boss_03,15008128,15037024,13001280,13021200
ovl_Boss_04,15037024,15046384,13021200,13028192
ovl_Boss_05,15046384,15061792,13028192,13038784
ovl_Boss_06,15061792,15070576,13038784,13045424
ovl_Boss_07,15070576,15156784,13045424,13103168
ovl_Bg_Dy_Yoseizo,15156784,15164688,13103168,13109008
ovl_En_Boj_05,15164688,15164832,13109008,13109104
ovl_En_Sob1,15164832,15183200,13109104,13120896
ovl_En_Go,15183200,15207120,13120896,13137472
ovl_En_Raf,15207120,15217872,13137472,13144592
ovl_Obj_Funen,15217872,15218336,13144592,13145040
ovl_Obj_Raillift,15218336,15221392,13145040,13147520
ovl_Bg_Numa_Hana,15221392,15225184,13147520,13150320
ovl_Obj_Flowerpot,15225184,15234496,13150320,13156672
ovl_Obj_Spinyroll,15234496,15241088,13156672,13161456
ovl_Dm_Hina,15241088,15243712,13161456,13163472
ovl_En_Syateki_Wf,15243712,15248576,13163472,13167136
ovl_Obj_Skateblock,15248576,15255728,13167136,13172400
ovl_Effect_En_Ice_Block,15255728,15256576,13172400,13173184
ovl_Obj_Iceblock,15256576,15274128,13173184,13185456
ovl_En_Bigpamet,15274128,15283696,13185456,13192192
ovl_Bg_Dblue_Movebg,15283696,15292256,13192192,13198560
ovl_En_Syateki_Dekunuts,15292256,15296624,13198560,13201920
ovl_Elf_Msg3,15296624,15298016,13201920,13202960
ovl_En_Fg,15298016,15303424,13202960,13206944
ovl_Dm_Ravine,15303424,15303872,13206944,13207312
ovl_Dm_Sa,15303872,15304960,13207312,13208192
ovl_En_Slime,15304960,15318368,13208192,13217296
ovl_En_Pr,15318368,15324752,13217296,13222112
ovl_Obj_Toudai,15324752,15327824,13222112,13224128
ovl_Obj_Entotu,15327824,15331424,13224128,13226288
ovl_Obj_Bell,15331424,15334208,13226288,13228272
ovl_En_Syateki_Okuta,15334208,15342112,13228272,13233104
ovl_Obj_Shutter,15342112,15342816,13233104,13233744
ovl_Dm_Zl,15342816,15344880,13233744,13235376
ovl_En_Ru,15344880,15348224,13235376,13237968
ovl_En_Elfgrp,15348224,15353776,13237968,13241904
ovl_Dm_Tsg,15353776,15354832,13241904,13242864
ovl_En_Baguo,15354832,15360048,13242864,13246992
ovl_Obj_Vspinyroll,15360048,15364560,13246992,13250416
ovl_Obj_Smork,15364560,15367904,13250416,13252448
ovl_En_Test2,15367904,15369008,13252448,13253360
ovl_En_Test3,15369008,15382640,13253360,13263312
ovl_En_Test4,15382640,15388624,13263312,13267408
ovl_En_Bat,15388624,15394656,13267408,13272128
ovl_En_Sekihi,15394656,15396416,13272128,13273552
ovl_En_Wiz,15396416,15411904,13273552,13284528
ovl_En_Wiz_Brock,15411904,15413632,13284528,13285968
ovl_En_Wiz_Fire,15413632,15425392,13285968,13294224
ovl_Eff_Change,15425392,15426704,13294224,13295376
ovl_Dm_Statue,15426704,15426928,13295376,13295552
ovl_Obj_Fireshield,15426928,15430864,13295552,13298688
ovl_Bg_Ladder,15430864,15432112,13298688,13299696
ovl_En_Mkk,15432112,15439136,13299696,13304832
ovl_Demo_Getitem,15439136,15440048,13304832,13305600
ovl_En_Dnb,15440048,15444000,13305600,13308672
ovl_En_Dnh,15444000,15445968,13308672,13310304
ovl_En_Dnk,15445968,15450128,13310304,13312992
ovl_En_Dnq,15450128,15454896,13312992,13316288
ovl_Bg_Keikoku_Saku,15454896,15455936,13316288,13317168
ovl_Obj_Hugebombiwa,15455936,15465376,13317168,13323232
ovl_En_Firefly2,15465376,15465520,13323232,13323328
ovl_En_Rat,15465520,15475328,13323328,13330592
ovl_En_Water_Effect,15475328,15486016,13330592,13337824
ovl_En_Kusa2,15486016,15502496,13337824,13349376
ovl_Bg_Spout_Fire,15502496,15504432,13349376,13351024
ovl_En_Dy_Extra,15504432,15505808,13351024,13352224
ovl_En_Bal,15505808,15517216,13352224,13359984
ovl_En_Ginko_Man,15517216,15524608,13359984,13364400
ovl_En_Warp_Uzu,15524608,15525616,13364400,13365200
ovl_Obj_Driftice,15525616,15530544,13365200,13368848
ovl_En_Look_Nuts,15530544,15534368,13368848,13371664
ovl_En_Mushi2,15534368,15548688,13371664,13381216
ovl_En_Fall,15548688,15559440,13381216,13388336
ovl_En_Mm3,15559440,15565152,13388336,13392144
ovl_Bg_Crace_Movebg,15565152,15567904,13392144,13394128
ovl_En_Dno,15567904,15579632,13394128,13401824
ovl_En_Pr2,15579632,15587344,13401824,13407472
ovl_En_Prz,15587344,15592976,13407472,13411840
ovl_En_Jso2,15592976,15611584,13411840,13424656
ovl_Obj_Etcetera,15611584,15614944,13424656,13427216
ovl_En_Egol,15614944,15633440,13427216,13439968
ovl_Obj_Mine,15633440,15647776,13439968,13449904
ovl_Obj_Purify,15647776,15650160,13449904,13451632
ovl_En_Tru,15650160,15675072,13451632,13467328
ovl_En_Trt,15675072,15694592,13467328,13479792
ovl_En_Test5,15694592,15695488,13479792,13480560
ovl_En_Test6,15695488,15712352,13480560,13492032
ovl_En_Az,15712352,15733936,13492032,13505840
ovl_En_Estone,15733936,15737568,13505840,13508800
ovl_Bg_Hakugin_Post,15737568,15750096,13508800,13517824
ovl_Dm_Opstage,15750096,15751216,13517824,13518672
ovl_Dm_Stk,15751216,15773696,13518672,13531248
ovl_Dm_Char00,15773696,15785056,13531248,13537216
ovl_Dm_Char01,15785056,15796384,13537216,13543840
ovl_Dm_Char02,15796384,15798032,13543840,13545136
ovl_Dm_Char03,15798032,15799984,13545136,13546624
ovl_Dm_Char04,15799984,15802384,13546624,13548608
ovl_Dm_Char05,15802384,15810800,13548608,13553072
ovl_Dm_Char06,15810800,15811632,13553072,13553776
ovl_Dm_Char07,15811632,15813312,13553776,13554832
ovl_Dm_Char08,15813312,15825024,13554832,13562736
ovl_Dm_Char09,15825024,15827456,13562736,13564816
ovl_Obj_Tokeidai,15827456,15837056,13564816,13571072
ovl_En_Mnk,15837056,15860240,13571072,13584464
ovl_En_Egblock,15860240,15862608,13584464,13586400
ovl_En_Guard_Nuts,15862608,15866416,13586400,13589392
ovl_Bg_Hakugin_Bombwall,15866416,15871040,13589392,13592688
ovl_Obj_Tokei_Tobira,15871040,15872672,13592688,13594144
ovl_Bg_Hakugin_Elvpole,15872672,15873808,13594144,13595072
ovl_En_Ma4,15873808,15884960,13595072,13602144
ovl_En_Twig,15884960,15887520,13602144,13604288
ovl_En_Po_Fusen,15887520,15890688,13604288,13606832
ovl_En_Door_Etc,15890688,15892768,13606832,13608512
ovl_En_Bigokuta,15892768,15901472,13608512,13614736
ovl_Bg_Icefloe,15901472,15903376,13614736,13616208
ovl_fbdemo_triforce,15903376,15905232,13616208,13617520
ovl_fbdemo_wipe1,15905232,15909216,13617520,13620224
ovl_fbdemo_wipe3,15909216,15916624,13620224,13623056
ovl_fbdemo_wipe4,15916624,15917328,13623056,13623632
ovl_fbdemo_wipe5,15917328,15918448,13623632,13624560
ovl_Effect_Ss_Sbn,15918448,15920864,13624560,13626464
ovl_Obj_Ocarinalift,15920864,15923392,13626464,13628368
ovl_En_Time_Tag,15923392,15926576,13628368,13630656
ovl_Bg_Open_Shutter,15926576,15928320,13630656,13632128
ovl_Bg_Open_Spot,15928320,15928864,13632128,13632592
ovl_Bg_Fu_Kaiten,15928864,15929536,13632592,13633184
ovl_Obj_Aqua,15929536,15933072,13633184,13635904
ovl_En_Elforg,15933072,15939312,13635904,13640320
ovl_En_Elfbub,15939312,15940944,13640320,13641840
ovl_En_Fu_Mato,15940944,15946144,13641840,13646064
ovl_En_Fu_Kago,15946144,15950416,13646064,13649392
ovl_En_Osn,15950416,15959440,13649392,13655184
ovl_Bg_Ctower_Gear,15959440,15961504,13655184,13656800
ovl_En_Trt2,15961504,15971792,13656800,13663792
ovl_Obj_Tokei_Step,15971792,15974784,13663792,13666160
ovl_Bg_Lotus,15974784,15976432,13666160,13667488
ovl_En_Kame,15976432,15985760,13667488,13674016
ovl_Obj_Takaraya_Wall,15985760,15990384,13674016,13677696
ovl_Bg_Fu_Mizu,15990384,15991120,13677696,13678352
ovl_En_Sellnuts,15991120,16004528,13678352,13687040
ovl_Bg_Dkjail_Ivy,16004528,16006640,13687040,13688800
ovl_Obj_Visiblock,16006640,16006928,13688800,13689040
ovl_En_Takaraya,16006928,16011296,13689040,13692320
ovl_En_Tsn,16011296,16017872,13692320,13696672
ovl_En_Ds2n,16017872,16019184,13696672,13697744
ovl_En_Fsn,16019184,16037040,13697744,13709200
ovl_En_Shn,16037040,16041760,13709200,13712512
ovl_En_Stop_heishi,16041760,16047856,13712512,13717008
ovl_Obj_Bigicicle,16047856,16051616,13717008,13719856
ovl_En_Lift_Nuts,16051616,16062432,13719856,13726512
ovl_En_Tk,16062432,16077776,13726512,13736736
ovl_Bg_Market_Step,16077776,16078048,13736736,13736976
ovl_Obj_Lupygamelift,16078048,16079760,13736976,13738432
ovl_En_Test7,16079760,16092192,13738432,13747232
ovl_Obj_Lightblock,16092192,16093824,13747232,13748560
ovl_Mir_Ray2,16093824,16094976,13748560,13749552
ovl_En_Wdhand,16094976,16104048,13749552,13756096
ovl_En_Gamelupy,16104048,16105712,13756096,13757488
ovl_Bg_Danpei_Movebg,16105712,16107856,13757488,13759200
ovl_En_Snowwd,16107856,16109136,13759200,13760320
ovl_En_Pm,16109136,16129136,13760320,13772880
ovl_En_Gakufu,16129136,16131728,13772880,13775008
ovl_Elf_Msg4,16131728,16133280,13775008,13776160
ovl_Elf_Msg5,16133280,16133968,13776160,13776624
ovl_En_Col_Man,16133968,16137136,13776624,13779072
ovl_En_Talk_Gibud,16137136,16149664,13779072,13787360
ovl_En_Giant,16149664,16154592,13787360,13790816
ovl_Obj_Snowball,16154592,16164256,13790816,13797872
ovl_Boss_Hakugin,16164256,16206064,13797872,13827104
ovl_En_Gb2,16206064,16216432,13827104,13833888
ovl_En_Onpuman,16216432,16217920,13833888,13835072
ovl_Bg_Tobira01,16217920,16219008,13835072,13835984
ovl_En_Tag_Obj,16219008,16219280,13835984,13836208
ovl_Obj_Dhouse,16219280,16225424,13836208,13840528
ovl_Obj_Hakaisi,16225424,16231072,13840528,13844576
ovl_Bg_Hakugin_Switch,16231072,16236032,13844576,13847760
ovl_En_Snowman,16236032,16249440,13847760,13857504
ovl_TG_Sw,16249440,16250544,13857504,13858384
ovl_En_Po_Sisters,16250544,16265648,13858384,13868800
ovl_En_Pp,16265648,16281088,13868800,13879472
ovl_En_Hakurock,16281088,16285440,13879472,13882656
ovl_En_Hanabi,16285440,16289872,13882656,13886224
ovl_Obj_Dowsing,16289872,16290256,13886224,13886496
ovl_Obj_Wind,16290256,16292144,13886496,13887936
ovl_En_Racedog,16292144,16299424,13887936,13893408
ovl_En_Kendo_Js,16299424,16307072,13893408,13898512
ovl_Bg_Botihasira,16307072,16307824,13898512,13899184
ovl_En_Fish2,16307824,16321328,13899184,13908944
ovl_En_Pst,16321328,16325104,13908944,13911408
ovl_En_Poh,16325104,16338448,13911408,13920272
ovl_Obj_Spidertent,16338448,16345232,13920272,13924976
ovl_En_Zoraegg,16345232,16355376,13924976,13931776
ovl_En_Kbt,16355376,16360048,13931776,13935152
ovl_En_Gg,16360048,16368512,13935152,13941168
ovl_En_Maruta,16368512,16376096,13941168,13946240
ovl_Obj_Snowball2,16376096,16383824,13946240,13951952
ovl_En_Gg2,16383824,16389472,13951952,13956096
ovl_Obj_Ghaka,16389472,16391456,13956096,13957680
ovl_En_Dnp,16391456,16397040,13957680,13961600
ovl_En_Dai,16397040,16405376,13961600,13967408
ovl_Bg_Goron_Oyu,16405376,16407296,13967408,13968864
ovl_En_Kgy,16407296,16420016,13968864,13976672
ovl_En_Invadepoh,16420016,16471456,13976672,14007168
ovl_En_Gk,16471456,16484816,14007168,14016160
ovl_En_An,16484816,16513200,14016160,14033168
ovl_En_Bee,16513200,16516208,14033168,14035616
ovl_En_Ot,16516208,16529936,14035616,14045328
ovl_En_Dragon,16529936,16538704,14045328,14051568
ovl_Obj_Dora,16538704,16541536,14051568,14053712
ovl_En_Bigpo,16541536,16557632,14053712,14065168
ovl_Obj_Kendo_Kanban,16557632,16563104,14065168,14069280
ovl_Obj_Hariko,16563104,16563888,14069280,14069920
ovl_En_Sth,16563888,16590816,14069920,14088720
ovl_Bg_Sinkai_Kabe,16590816,16592224,14088720,14089920
ovl_Bg_Haka_Curtain,16592224,16593312,14089920,14090688
ovl_Bg_Kin2_Bombwall,16593312,16595360,14090688,14092368
ovl_Bg_Kin2_Fence,16595360,16597280,14092368,14093792
ovl_Bg_Kin2_Picture,16597280,16600240,14093792,14096208
ovl_Bg_Kin2_Shelf,16600240,16603712,14096208,14098592
ovl_En_Rail_Skb,16603712,16616464,14098592,14107072
ovl_En_Jg,16616464,16626096,14107072,14113536
ovl_En_Tru_Mt,16626096,16632048,14113536,14118080
ovl_Obj_Um,16632048,16652816,14118080,14132320
ovl_En_Neo_Reeba,16652816,16661168,14132320,14137936
ovl_Bg_Mbar_Chair,16661168,16661472,14137936,14138176
ovl_Bg_Ikana_Block,16661472,16664752,14138176,14140656
ovl_Bg_Ikana_Mirror,16664752,16667744,14140656,14142688
ovl_Bg_Ikana_Rotaryroom,16667744,16676144,14142688,14148352
ovl_Bg_Dblue_Balance,16676144,16682480,14148352,14153104
ovl_Bg_Dblue_Waterfall,16682480,16688896,14153104,14157744
ovl_En_Kaizoku,16688896,16712768,14157744,14173232
ovl_En_Ge2,16712768,16720288,14173232,14178320
ovl_En_Ma_Yts,16720288,16725648,14178320,14181872
ovl_En_Ma_Yto,16725648,16739888,14181872,14189216
ovl_Obj_Tokei_Turret,16739888,16740496,14189216,14189744
ovl_Bg_Dblue_Elevator,16740496,16743552,14189744,14192096
ovl_Obj_Warpstone,16743552,16745600,14192096,14193712
ovl_En_Zog,16745600,16756608,14193712,14201648
ovl_Obj_Rotlift,16756608,16757568,14201648,14202560
ovl_Obj_Jg_Gakki,16757568,16758128,14202560,14203072
ovl_Bg_Inibs_Movebg,16758128,16758576,14203072,14203488
ovl_En_Zot,16758576,16773648,14203488,14212768
ovl_Obj_Tree,16773648,16775088,14212768,14213968
ovl_Obj_Y2lift,16775088,16775904,14213968,14214672
ovl_Obj_Y2shutter,16775904,16777392,14214672,14215920
ovl_Obj_Boat,16777392,16779328,14215920,14217536
ovl_Obj_Taru,16779328,16782768,14217536,14220224
ovl_Obj_Hunsui,16782768,16789552,14220224,14225168
ovl_En_Jc_Mato,16789552,16790544,14225168,14226016
ovl_Mir_Ray3,16790544,16795328,14226016,14229888
ovl_En_Zob,16795328,16803568,14229888,14234992
ovl_Elf_Msg6,16803568,16807280,14234992,14237344
ovl_Obj_Nozoki,16807280,16812032,14237344,14240848
ovl_En_Toto,16812032,16819520,14240848,14246064
ovl_En_Railgibud,16819520,16832864,14246064,14255184
ovl_En_Baba,16832864,16840720,14255184,14260992
ovl_En_Suttari,16840720,16859312,14260992,14273248
ovl_En_Zod,16859312,16865824,14273248,14278032
ovl_En_Kujiya,16865824,16869392,14278032,14280192
ovl_En_Geg,16869392,16881728,14280192,14288480
ovl_Obj_Kinoko,16881728,16882736,14288480,14289424
ovl_Obj_Yasi,16882736,16883520,14289424,14290144
ovl_En_Tanron1,16883520,16890128,14290144,14294352
ovl_En_Tanron2,16890128,16897424,14294352,14299680
ovl_En_Tanron3,16897424,16902352,14299680,14303488
ovl_Obj_Chan,16902352,16907392,14303488,14307712
ovl_En_Zos,16907392,16915040,14307712,14312592
ovl_En_S_Goro,16915040,16928144,14312592,14320592
ovl_En_Nb,16928144,16935136,14320592,14325456
ovl_En_Ja,16935136,16943456,14325456,14331120
ovl_Bg_F40_Block,16943456,16947088,14331120,14333536
ovl_Bg_F40_Switch,16947088,16948992,14333536,14335040
ovl_En_Po_Composer,16948992,16956352,14335040,14339952
ovl_En_Guruguru,16956352,16960160,14339952,14342928
ovl_Oceff_Wipe5,16960160,16966192,14342928,14348848
ovl_En_Stone_heishi,16966192,16971104,14348848,14352560
ovl_Oceff_Wipe6,16971104,16972720,14352560,14353856
ovl_En_Scopenuts,16972720,16981952,14353856,14360240
ovl_En_Scopecrow,16981952,16985200,14360240,14362768
ovl_Oceff_Wipe7,16985200,16988880,14362768,14364640
ovl_Eff_Kamejima_Wave,16988880,16990576,14364640,14365952
ovl_En_Hg,16990576,16994896,14365952,14368944
ovl_En_Hgo,16994896,16998784,14368944,14371744
ovl_En_Zov,16998784,17005008,14371744,14376096
ovl_En_Ah,17005008,17010736,14376096,14379984
ovl_Obj_Hgdoor,17010736,17012416,14379984,14381248
ovl_Bg_Ikana_Bombwall,17012416,17015648,14381248,14383504
ovl_Bg_Ikana_Ray,17015648,17016368,14383504,14384064
ovl_Bg_Ikana_Shutter,17016368,17018272,14384064,14385184
ovl_Bg_Haka_Bombwall,17018272,17020192,14385184,14386736
ovl_Bg_Haka_Tomb,17020192,17021104,14386736,14387440
ovl_En_Sc_Ruppe,17021104,17022640,14387440,14388704
ovl_Bg_Iknv_Doukutu,17022640,17025616,14388704,14390864
ovl_Bg_Iknv_Obj,17025616,17027664,14390864,14392352
ovl_En_Pamera,17027664,17037776,14392352,14398448
ovl_Obj_HsStump,17037776,17039328,14398448,14399808
ovl_En_Hidden_Nuts,17039328,17043984,14399808,14403104
ovl_En_Zow,17043984,17051520,14403104,14408256
ovl_En_Talk,17051520,17051968,14408256,14408608
ovl_En_Al,17051968,17060992,14408608,14414560
ovl_En_Tab,17060992,17067040,14414560,14418848
ovl_En_Nimotsu,17067040,17067984,14418848,14419696
ovl_En_Hit_Tag,17067984,17068544,14419696,14420176
ovl_En_Ruppecrow,17068544,17074976,14420176,14424560
ovl_En_Tanron4,17074976,17078480,14424560,14426976
ovl_En_Tanron5,17078480,17084384,14426976,14431216
ovl_En_Tanron6,17084384,17084784,14431216,14431568
ovl_En_Daiku2,17084784,17091232,14431568,14436336
ovl_En_Muto,17091232,17093776,14436336,14438432
ovl_En_Baisen,17093776,17096384,14438432,14440528
ovl_En_Heishi,17096384,17097904,14440528,14441840
ovl_En_Demo_heishi,17097904,17099456,14441840,14443184
ovl_En_Dt,17099456,17106112,14443184,14448096
ovl_En_Cha,17106112,17107168,14448096,14448992
ovl_Obj_Dinner,17107168,17107552,14448992,14449328
ovl_Eff_Lastday,17107552,17109472,14449328,14450512
ovl_Bg_Ikana_Dharma,17109472,17111920,14450512,14452640
ovl_En_Akindonuts,17111920,17128736,14452640,14462704
ovl_Eff_Stk,17128736,17129696,14462704,14463568
ovl_En_Ig,17129696,17139888,14463568,14470512
ovl_En_Rg,17139888,17148832,14470512,14477312
ovl_En_Osk,17148832,17155168,14477312,14481088
ovl_En_Sth2,17155168,17166464,14481088,14488096
ovl_En_Yb,17166464,17171456,14488096,14491712
ovl_En_Rz,17171456,17178400,14491712,14496400
ovl_En_Scopecoin,17178400,17179232,14496400,14497088
ovl_En_Bjt,17179232,17182960,14497088,14499760
ovl_En_Bomjima,17182960,17194528,14499760,14507648
ovl_En_Bomjimb,17194528,17204400,14507648,14514592
ovl_En_Bombers,17204400,17209520,14514592,14518480
ovl_En_Bombers2,17209520,17213936,14518480,14521872
ovl_En_Bombal,17213936,17216656,14521872,14524128
ovl_Obj_Moon_Stone,17216656,17218080,14524128,14525296
ovl_Obj_Mu_Pict,17218080,17219728,14525296,14526464
ovl_Bg_Ikninside,17219728,17221312,14526464,14527824
ovl_Eff_Zoraband,17221312,17222304,14527824,14528688
ovl_Obj_Kepn_Koya,17222304,17222656,14528688,14528976
ovl_Obj_Usiyane,17222656,17225440,14528976,14531392
ovl_En_Nnh,17225440,17226240,14531392,14532032
ovl_Obj_Kzsaku,17226240,17227200,14532032,14532800
ovl_Obj_Milk_Bin,17227200,17227856,14532800,14533344
ovl_En_Kitan,17227856,17231440,14533344,14535968
ovl_Bg_Astr_Bombwall,17231440,17233600,14535968,14537728
ovl_Bg_Iknin_Susceil,17233600,17236496,14537728,14539728
ovl_En_Bsb,17236496,17256272,14539728,14553440
ovl_En_Recepgirl,17256272,17258224,14553440,14554944
ovl_En_Thiefbird,17258224,17270944,14554944,14564000
ovl_En_Jgame_Tsn,17270944,17277536,14564000,14568512
ovl_Obj_Jgame_Light,17277536,17281360,14568512,14570848
ovl_Obj_Yado,17281360,17282016,14570848,14571392
ovl_Demo_Syoten,17282016,17287536,14571392,14575280
ovl_Demo_Moonend,17287536,17289344,14575280,14576624
ovl_Bg_Lbfshot,17289344,17289632,14576624,14576864
ovl_Bg_Last_Bwall,17289632,17292016,14576864,14578768
ovl_En_And,17292016,17293824,14578768,14580224
ovl_En_Invadepoh_Demo,17293824,17300640,14580224,14584336
ovl_Obj_Danpeilift,17300640,17302816,14584336,14586112
ovl_En_Fall2,17302816,17304688,14586112,14587584
ovl_Dm_Al,17304688,17306352,14587584,14588912
ovl_Dm_An,17306352,17310448,14588912,14591936
ovl_Dm_Ah,17310448,17313200,14591936,14594016
ovl_Dm_Nb,17313200,17314160,14594016,14594848
ovl_En_Drs,17314160,17315184,14594848,14595728
ovl_En_Ending_Hero,17315184,17316032,14595728,14596512
ovl_Dm_Bal,17316032,17318576,14596512,14598400
ovl_En_Paper,17318576,17320912,14598400,14600320
ovl_En_Hint_Skb,17320912,17330736,14600320,14606784
ovl_Dm_Tag,17330736,17333280,14606784,14608608
ovl_En_Bh,17333280,17334544,14608608,14609664
ovl_En_Ending_Hero2,17334544,17335104,14609664,14610176
ovl_En_Ending_Hero3,17335104,17335664,14610176,14610688
ovl_En_Ending_Hero4,17335664,17336224,14610688,14611200
ovl_En_Ending_Hero5,17336224,17337200,14611200,14612048
ovl_En_Ending_Hero6,17337200,17338944,14612048,14613536
ovl_Dm_Gm,17338944,17343040,14613536,14616560
ovl_Obj_Swprize,17343040,17344384,14616560,14617584
ovl_En_Invisible_Ruppe,17344384,17345184,14617584,14618160
ovl_Obj_Ending,17345184,17345568,14618160,14618464
ovl_En_Rsn,17345568,17346432,14618464,14619152
gameplay_keep,17346560,17946080,14619152,14932096
gameplay_field_keep,17948672,17986192,14932096,14959120
gameplay_dangeon_keep,17989632,18133632,14959120,15041568
gameplay_object_exchange_static,18137088,18137104,18137088,0
object_link_boy,18141184,18196624,15041568,15067536
object_link_child,18198528,18322000,15067536,15126192
object_link_goron,18325504,18422416,15126192,15175264
object_link_zora,18423808,18500672,15175264,15210208
object_link_nuts,18501632,18549296,15210208,15234752
object_mask_ki_tan,18550784,18553552,15234752,15236496
object_mask_rabit,18554880,18559904,15236496,15238640
object_mask_skj,18563072,18568928,15238640,15242752
object_mask_truth,18571264,18576032,15242752,15245344
object_mask_gibudo,18579456,18582944,15245344,15248880
object_mask_json,18583552,18588512,15248880,15252096
object_mask_kerfay,18591744,18597312,15252096,15255472
object_mask_bigelf,18599936,18613424,15255472,15262512
object_mask_kyojin,18616320,18619552,15262512,15264672
object_mask_romerny,18620416,18627088,15264672,15268720
object_mask_posthat,18628608,18631504,15268720,15270480
object_mask_zacho,18632704,18638480,15270480,15273808
object_mask_stone,18640896,18645056,15273808,15276384
object_mask_bree,18649088,18656672,15276384,15280848
object_mask_gero,18657280,18669200,15280848,15287312
object_mask_yofukasi,18669568,18676384,15287312,15290576
object_mask_meoto,18677760,18685152,15290576,15293680
object_mask_dancer,18685952,18692944,15293680,15297904
object_mask_bakuretu,18694144,18698752,15297904,15300928
object_mask_bu_san,18702336,18707440,15300928,15304096
object_mask_goron,18710528,18716592,15304096,15307824
object_mask_zora,18718720,18722960,15307824,15310640
object_mask_nuts,18726912,18735328,15310640,15315584
object_mask_boy,18739200,18747600,15315584,15320992
object_box,18751488,18784544,15320992,15337312
object_okuta,18788352,18806400,15337312,15347136
object_wallmaster,18808832,18849904,15347136,15374032
object_dy_obj,18853888,18970816,15374032,15450512
object_firefly,18972672,18979008,15450512,15454240
object_dodongo,18980864,19020096,15454240,15481952
object_niw,19021824,19031360,15481952,15486800
object_tite,19034112,19049008,15486800,15496832
object_ph,19050496,19057808,15496832,15500352
object_dinofos,19058688,19113536,15500352,15542048
object_zl1,19116032,19198912,15542048,15586192
object_bubble,19202048,19206336,15586192,15588080
object_test3,19210240,19273728,15588080,15615088
object_famos,19275776,19291712,15615088,15624272
object_st,19292160,19315632,15624272,15637328
object_thiefbird,19316736,19342304,15637328,15652480
object_bombf,19345408,19352064,15652480,15656480
object_am,19353600,19377456,15656480,15668816
object_dekubaba,19378176,19392960,15668816,15679040
object_warp1,19394560,19430400,15679040,15707408
object_b_heart,19431424,19433024,15707408,15708592
object_dekunuts,19435520,19449744,15708592,15717488
object_bb,19451904,19458624,15717488,15721344
object_death,19460096,19512272,15721344,15757424
object_hata,19513344,19525600,15757424,15763408
object_wood02,19525632,19564480,15763408,15787680
object_trap,19566592,19575776,15787680,15794704
object_vm,19578880,19595120,15794704,15803040
object_efc_star_field,19595264,19601360,15803040,15807216
object_rd,19603456,19677568,15807216,15854800
object_yukimura_obj,19681280,19689632,15854800,15860160
object_horse_link_child,19693568,19752176,15860160,15904096
object_syokudai,19755008,19770512,15904096,15912912
object_efc_tw,19771392,19776240,15912912,15917936
object_gi_key,19779584,19782176,15917936,15919168
object_mir_ray,19783680,19787104,15919168,15921776
object_ctower_rot,19787776,19887552,15921776,15981184
object_bdoor,19890176,19921824,15981184,16001328
object_sb,19922944,19934368,16001328,16006928
object_gi_melody,19935232,19938592,16006928,16008416
object_gi_heart,19939328,19939824,16008416,16008816
object_gi_compass,19943424,19946768,16008816,16010496
object_gi_bosskey,19947520,19951632,16010496,16012368
object_gi_nuts,19955712,19960256,16012368,16015312
object_gi_hearts,19963904,19969968,16015312,16017712
object_gi_arrowcase,19972096,19975344,16017712,16019392
object_gi_bombpouch,19976192,19979872,16019392,16021088
object_in,19980288,20098992,16021088,16091008
object_os_anime,20099072,20110480,16091008,16100080
object_gi_bottle,20111360,20113648,16100080,16101376
object_gi_stick,20115456,20117184,16101376,16102688
object_gi_map,20119552,20124000,16102688,16106016
object_oF1d_map,20127744,20213136,16106016,16157520
object_ru2,20213760,20277456,16157520,16191552
object_gi_magicpot,20279296,20283856,16191552,16193696
object_gi_bomb_1,20287488,20290736,16193696,16195248
object_ma2,20291584,20383536,16195248,16258416
object_gi_purse,20385792,20392816,16258416,16264800
object_rr,20393984,20397568,16264800,16267280
object_gi_arrow,20398080,20405008,16267280,16269984
object_gi_bomb_2,20406272,20407968,16269984,16271184
object_gi_shield_2,20410368,20418240,16271184,16275072
object_gi_hookshot,20418560,20423760,16275072,16278752
object_gi_ocarina,20426752,20429744,16278752,16280592
object_gi_milk,20430848,20436080,16280592,16283008
object_ma1,20439040,20551552,16283008,16361568
object_ny,20553728,20562736,16361568,16365824
object_fr,20566016,20612432,16365824,16383776
object_gi_bow,20615168,20620016,16383776,16386624
object_gi_glasses,20623360,20627840,16386624,16388688
object_gi_liquid,20631552,20637904,16388688,16391392
object_ani,20639744,20687040,16391392,16424416
object_gi_shield_3,20688896,20696064,16424416,16429536
object_gi_bean,20697088,20699328,16429536,16431040
object_gi_fish,20701184,20703568,16431040,16432512
object_gi_longsword,20705280,20707520,16432512,16433952
object_zo,20709376,20780096,16433952,16479152
object_umajump,20783104,20788624,16479152,16482144
object_mastergolon,20791296,20791568,16482144,16482368
object_masterzoora,20795392,20797344,16482368,16484464
object_aob,20799488,20830064,16484464,16498992
object_ik,20832256,20911792,16498992,16550512
object_ahg,20914176,20937136,16550512,16561824
object_cne,20938752,20949456,16561824,16566448
object_bji,20951040,20974448,16566448,16578144
object_bba,20975616,21016736,16578144,16600384
object_an1,21020672,21102128,16600384,16658688
object_boj,21102592,21182400,16658688,16724768
object_fz,21184512,21198032,16724768,16729392
object_bob,21200896,21221152,16729392,16736960
object_ge1,21221376,21271008,16736960,16763248
object_yabusame_point,21274624,21278288,16763248,16764720
object_d_hsblock,21278720,21284704,16764720,16769504
object_d_lift,21286912,21295920,16769504,16777472
object_mamenoki,21299200,21309088,16777472,16785536
object_goroiwa,21311488,21353888,16785536,16807600
object_toryo,21356544,21385568,16807600,16821520
object_daiku,21389312,21443392,16821520,16858032
object_nwc,21446656,21453984,16858032,16862736
object_gm,21454848,21454864,16862736,16862768
object_ms,21458944,21474768,16862768,16871120
object_hs,21475328,21500528,16871120,16884288
object_lightswitch,21504000,21513248,16884288,16889552
object_kusa,21516288,21517184,16889552,16890144
object_tsubo,21520384,21527024,16890144,16895824
object_kanban,21528576,21534640,16895824,16897504
object_owl,21536768,21603792,16897504,16928912
object_mk,21606400,21634224,16928912,16944688
object_fu,21635072,21662880,16944688,16959136
object_gi_ki_tan_mask,21663744,21667312,16959136,16961136
object_gi_mask18,21667840,21674176,16961136,16965648
object_gi_rabit_mask,21676032,21679872,16965648,16967680
object_gi_truth_mask,21680128,21686368,16967680,16970848
object_stream,21688320,21691008,16970848,16972304
object_mm,21692416,21748320,16972304,17009280
object_js,21749760,21776928,17009280,17024752
object_cs,21778432,21846912,17024752,17066608
object_gi_soldout,21848064,21849296,17066608,17067264
object_mag,21852160,21982800,17067264,17118144
object_gi_golonmask,21983232,21990688,17118144,17121552
object_gi_zoramask,21991424,21997408,17121552,17124512
object_ka,21999616,22032832,17124512,17140016
object_zg,22036480,22041088,17140016,17140736
object_gi_m_arrow,22044672,22048384,17140736,17142464
object_ds2,22048768,22065776,17142464,17150976
object_fish,22069248,22156784,17150976,17195776
object_gi_sutaru,22159360,22160976,17195776,17196688
object_ssh,22163456,22191504,17196688,17211616
object_bigslime,22192128,22270976,17211616,17268768
object_bg,22274048,22346608,17268768,17306048
object_bombiwa,22347776,22375024,17306048,17328656
object_hintnuts,22376448,22389056,17328656,17337376
object_rs,22392832,22430256,17337376,17360304
object_gla,22433792,22475616,17360304,17386032
object_geldb,22478848,22524160,17386032,17413216
object_dog,22528000,22561024,17413216,17430176
object_kibako2,22564864,22569408,17430176,17433872
object_dns,22573056,22586624,17433872,17443520
object_dnk,22589440,22600576,17443520,17450624
object_gi_insect,22601728,22604784,17450624,17452480
object_gi_ghost,22605824,22609328,17452480,17454928
object_gi_soul,22609920,22613936,17454928,17457008
object_f40_obj,22614016,22632048,17457008,17470320
object_gi_rupy,22634496,22636608,17470320,17471392
object_po_composer,22638592,22677824,17471392,17498800
object_mu,22679552,22727392,17498800,17534160
object_wf,22728704,22770656,17534160,17558992
object_skb,22773760,22801824,17558992,17580176
object_gs,22802432,22805120,17580176,17582976
object_ps,22806528,22837520,17582976,17598736
object_omoya_obj,22839296,22846208,17598736,17603536
object_crow,22847488,22851792,17603536,17605504
object_cow,22855680,22875824,17605504,17616096
object_gi_sword_1,22876160,22880800,17616096,17618944
object_zl4,22884352,23035744,17618944,17725984
object_grasshopper,23035904,23056992,17725984,17740384
object_boyo,23060480,23064208,17740384,17742976
object_fwall,23064576,23088288,17742976,17751568
object_jso,23089152,23135744,17751568,17783696
object_knight,23138304,23280832,17783696,17900896
object_icicle,23281664,23286464,17900896,17905872
object_spdweb,23289856,23299760,17905872,17911216
object_boss01,23302144,23442784,17911216,18014560
object_boss02,23445504,23525792,18014560,18046240
object_boss03,23527424,23583424,18046240,18076048
object_boss04,23584768,23602688,18076048,18085936
object_boss05,23605248,23636256,18085936,18106848
object_boss07,23638016,23927600,18106848,18295040
object_raf,23928832,23942208,18295040,18301792
object_funen,23945216,23946688,18301792,18302880
object_raillift,23949312,23981744,18302880,18323232
object_numa_obj,23982080,24064432,18323232,18366816
object_flowerpot,24068096,24073792,18366816,18370784
object_spinyroll,24076288,24080304,18370784,18373840
object_ice_block,24080384,24087264,18373840,18378304
object_keikoku_demo,24088576,24142640,18378304,18418944
object_slime,24145920,24153200,18418944,18423840
object_pr,24154112,24171344,18423840,18434688
object_f52_obj,24174592,24181728,18434688,18439280
object_f53_obj,24182784,24197744,18439280,18450048
object_kibako,24199168,24206080,18450048,18453952
object_sek,24207360,24226416,18453952,18470672
object_gmo,24227840,24236272,18470672,18475888
object_bat,24240128,24243360,18475888,18476896
object_sekihil,24244224,24257584,18476896,18484992
object_sekihig,24260608,24273936,18484992,18493200
object_sekihin,24276992,24290320,18493200,18501424
object_sekihiz,24293376,24297536,18501424,18504896
object_wiz,24301568,24347440,18504896,18534912
object_ladder,24350720,24354976,18534912,18536816
object_mkk,24358912,24360208,18536816,18537392
object_keikoku_obj,24363008,24384032,18537392,18551296
object_sichitai_obj,24387584,24398096,18551296,18560128
object_dekucity_ana_obj,24399872,24404224,18560128,18564208
object_rat,24408064,24414320,18564208,18567536
object_water_effect,24416256,24433680,18567536,18578544
object_dblue_object,24436736,24538720,18578544,18627936
object_bal,24539136,24593856,18627936,18663376
object_warp_uzu,24596480,24605776,18663376,18668192
object_driftice,24608768,24615648,18668192,18672448
object_fall,24616960,24660800,18672448,18700048
object_hanareyama_obj,24662016,24681920,18700048,18707104
object_crace_object,24682496,24686128,18707104,18710112
object_dnq,24686592,24749344,18710112,18756160
object_obj_tokeidai,24752128,24824960,18756160,18805456
object_eg,24825856,24904176,18805456,18861136
object_tru,24907776,25019872,18861136,18949648
object_trt,25022464,25087744,18949648,18988032
object_hakugin_obj,25088000,25154624,18988032,19043536
object_horse_game_check,25157632,25172304,19043536,19053472
object_stk,25174016,25293792,19053472,19135520
object_mnk,25296896,25417008,19135520,19215968
object_gi_bottle_red,25419776,25423824,19215968,19218464
object_tokei_tobira,25423872,25429440,19218464,19223280
object_az,25432064,25542096,19223280,19275344
object_twig,25542656,25551056,19275344,19281248
object_dekucity_obj,25554944,25573056,19281248,19296032
object_po_fusen,25575424,25584896,19296032,19300720
object_racetsubo,25587712,25594016,19300720,19304688
object_ha,25595904,25682160,19304688,19349504
object_bigokuta,25686016,25713616,19349504,19364992
object_open_obj,25714688,25785456,19364992,19406848
object_fu_kaiten,25788416,25802800,19406848,19416768
object_fu_mato,25804800,25817680,19416768,19423024
object_mtoride,25821184,25891008,19423024,19466448
object_osn,25894912,26027360,19466448,19557616
object_tokei_step,26030080,26032544,19557616,19559584
object_lotus,26034176,26036816,19559584,19561664
object_tl,26038272,26071632,19561664,19585680
object_dkjail_obj,26075136,26079712,19585680,19588736
object_visiblock,26083328,26086144,19588736,19590512
object_tsn,26087424,26125072,19590512,19610528
object_ds2n,26128384,26161536,19610528,19625472
object_fsn,26165248,26247968,19625472,19669920
object_shn,26251264,26321440,19669920,19706928
object_bigicicle,26324992,26336624,19706928,19711552
object_gi_bottle_15,26337280,26345472,19711552,19716224
object_tk,26345472,26393088,19716224,19744640
object_market_obj,26394624,26529232,19744640,19831344
object_gi_reserve00,26529792,26537072,19831344,19836240
object_gi_reserve01,26537984,26543632,19836240,19840816
object_lightblock,26546176,26549168,19840816,19843504
object_takaraya_objects,26550272,26553936,19843504,19844992
object_wdhand,26554368,26562096,19844992,19850528
object_sdn,26562560,26619024,19850528,19892768
object_snowwd,26619904,26630816,19892768,19898992
object_giant,26632192,26728800,19898992,19981712
object_comb,26730496,26734800,19981712,19984656
object_hana,26738688,26740560,19984656,19985200
object_boss_hakugin,26742784,26829888,19985200,20033488
object_meganeana_obj,26832896,26838480,20033488,20038608
object_gi_nutsmask,26841088,26848304,20038608,20042928
object_stk2,26849280,27089168,20042928,20275664
object_spot11_obj,27090944,27098864,20275664,20282752
object_danpei_object,27099136,27115024,20282752,20292016
object_dhouse,27115520,27148992,20292016,20312304
object_hakaisi,27152384,27164656,20312304,20319152
object_po,27164672,27185376,20319152,20332432
object_snowman,27189248,27219760,20332432,20347792
object_po_sisters,27222016,27248080,20347792,20364416
object_pp,27250688,27327232,20364416,20401712
object_goronswitch,27328512,27339184,20401712,20410176
object_delf,27340800,27427120,20410176,20465248
object_botihasira,27430912,27438096,20465248,20469952
object_gi_bigbomb,27439104,27445552,20469952,20473424
object_pst,27447296,27454096,20473424,20478624
object_bsmask,27455488,27507600,20478624,20509808
object_spidertent,27508736,27517888,20509808,20513712
object_zoraegg,27521024,27543984,20513712,20529040
object_kbt,27545600,27607264,20529040,20566768
object_gg,27611136,27676896,20566768,20604944
object_maruta,27680768,27693024,20604944,20610640
object_ghaka,27693056,27708672,20610640,20619824
object_oyu,27709440,27711936,20619824,20621952
object_dnp,27713536,27788352,20621952,20683456
object_dai,27791360,27869408,20683456,20733056
object_kgy,27873280,27941792,20733056,20779552
object_fb,27942912,27971248,20779552,20798336
object_taisou,27971584,28002176,20798336,20829248
object_gk,28004352,28075808,20829248,20877120
object_haka_obj,28078080,28108864,20877120,20899520
object_dnt,28110848,28156624,20899520,20931920
object_yukiyama,28160000,28186736,20931920,20951088
object_icefloe,28188672,28191936,20951088,20953296
object_gi_gold_dust,28192768,28197184,20953296,20956608
object_gi_bottle_16,28200960,28205856,20956608,20959936
object_gi_bottle_22,28209152,28216000,20959936,20964400
object_bee,28217344,28222368,20964400,20966592
object_ot,28225536,28244800,20966592,20976448
object_utubo,28246016,28265168,20976448,20986464
object_dora,28266496,28287504,20986464,21001264
object_gi_loach,28291072,28296256,21001264,21004736
object_gi_seahorse,28299264,28305360,21004736,21008416
object_bigpo,28307456,28331040,21008416,21024432
object_hariko,28332032,28333088,21024432,21025200
object_dno,28336128,28394000,21025200,21070272
object_sinkai_kabe,28397568,28397696,21070272,21070368
object_kin2_obj,28401664,28435392,21070368,21089184
object_ishi,28438528,28441184,21089184,21091168
object_hakugin_demo,28442624,28455824,21091168,21104928
object_jg,28459008,28570144,21104928,21186256
object_gi_sword_2,28573696,28579168,21186256,21189376
object_gi_sword_3,28581888,28586656,21189376,21192448
object_gi_sword_4,28590080,28595296,21192448,21196144
object_um,28598272,28704288,21196144,21247408
object_rb,28704768,28712688,21247408,21252560
object_mbar_obj,28712960,28719584,21252560,21257504
object_ikana_obj,28721152,28810144,21257504,21302032
object_kz,28811264,28875008,21302032,21348416
object_tokei_turret,28876800,28889408,21348416,21355168
object_zog,28893184,29061504,21355168,21485104
object_rotlift,29065216,29085216,21485104,21498880
object_posthouse_obj,29085696,29096320,21498880,21503792
object_gi_mask09,29097984,29103968,21503792,21507392
object_gi_mask14,29106176,29114240,21507392,21512496
object_gi_mask15,29114368,29121376,21512496,21517680
object_inibs_object,29122560,29183712,21517680,21551840
object_tree,29184000,29191008,21551840,21556464
object_kaizoku_obj,29192192,29239456,21556464,21584672
object_gi_reserve_b_00,29241344,29245488,21584672,21587232
object_gi_reserve_c_00,29249536,29253856,21587232,21589520
object_zob,29257728,29327712,21589520,21632528
object_milkbar,29331456,29403312,21632528,21681056
object_dmask,29405184,29422272,21681056,21691568
object_gi_reserve_c_01,29425664,29429504,21691568,21693984
object_zod,29429760,29485504,21693984,21721744
object_kumo30,29487104,29500272,21721744,21732400
object_obj_yasi,29503488,29508704,21732400,21736240
object_tanron1,29511680,29511696,21736240,21736272
object_tanron2,29515776,29520544,21736272,21738288
object_tanron3,29523968,29528736,21738288,21740304
object_gi_magicmushroom,29532160,29535712,21740304,21742816
object_obj_chan,29536256,29549808,21742816,21751536
object_gi_mask10,29552640,29560000,21751536,21755728
object_zos,29560832,29653392,21755728,21822480
object_an2,29655040,29672160,21822480,21837856
object_an3,29675520,29686368,21837856,21847792
object_f40_switch,29687808,29691376,21847792,21850064
object_lodmoon,29691904,29707808,21850064,21859968
object_tro,29708288,29718880,21859968,21863152
object_gi_mask12,29720576,29724416,21863152,21865648
object_gi_mask23,29724672,29730064,21865648,21868832
object_gi_bottle_21,29732864,29740192,21868832,21873360
object_gi_camera,29741056,29747296,21873360,21877632
object_kamejima,29749248,29834912,21877632,21937808
object_nb,29835264,29871184,21937808,21958384
object_harfgibud,29872128,29963776,21958384,22020144
object_zov,29966336,30057072,22020144,22082768
object_ah,30060544,30101120,22082768,22104288
object_hgdoor,30101504,30108992,22104288,22109872
object_dor01,30109696,30115408,22109872,22113056
object_dor02,30117888,30123536,22113056,22117520
object_dor03,30126080,30131408,22117520,22121504
object_dor04,30134272,30140000,22121504,22125456
object_last_obj,30142464,30161696,22125456,22140960
object_redead_obj,30162944,30165936,22140960,22143648
object_ikninside_obj,30167040,30224000,22143648,22184224
object_iknv_obj,30224384,30302608,22184224,22233152
object_pamera,30306304,30364032,22233152,22265744
object_hsstump,30367744,30372320,22265744,22269728
object_zm,30375936,30427280,22269728,22306752
object_al,30429184,30485488,22306752,22341504
object_tab,30486528,30521024,22341504,22360576
object_secom_obj,30523392,30534896,22360576,22368528
object_dt,30535680,30582032,22368528,22393264
object_gi_mask03,30584832,30592688,22393264,22398112
object_cha,30593024,30600720,22398112,22404304
object_obj_dinner,30601216,30611008,22404304,22409920
object_gi_reserve_b_01,30613504,30619360,22409920,22413904
object_lastday,30621696,30632464,22413904,22422416
object_bai,30633984,30667184,22422416,22441456
object_ikn_demo,30670848,30727360,22441456,22483760
object_gi_fieldmap,30728192,30734368,22483760,22488576
object_big_fwall,30736384,30739136,22488576,22490736
object_hunsui,30740480,30746944,22490736,22492944
object_uch,30748672,30768736,22492944,22504064
object_tanron4,30769152,30772864,22504064,22505456
object_tanron5,30773248,30778016,22505456,22507472
object_in2,30781440,30830672,22507472,22540592
object_yb,30834688,30859104,22540592,22551280
object_rz,30859264,30914800,22551280,22582736
object_bjt,30916608,30925728,22582736,22588816
object_taru,30928896,30936288,22588816,22593552
object_moonston,30937088,30941744,22593552,22597920
object_gi_schedule,30945280,30951616,22597920,22602272
object_gi_stonemask,30953472,30958416,22602272,22605280
object_zoraband,30961664,30965568,22605280,22608624
object_kepn_koya,30965760,30998672,22608624,22629344
object_obj_usiyane,31002624,31011552,22629344,22634832
object_gi_mask05,31014912,31021760,22634832,22638768
object_gi_mask11,31023104,31030928,22638768,22643056
object_gi_mask20,31031296,31037504,22643056,22646992
object_nnh,31039488,31051424,22646992,22654000
object_kzsaku,31051776,31056208,22654000,22655424
object_obj_milk_bin,31059968,31066624,22655424,22659024
object_random_obj,31068160,31073008,22659024,22662000
object_kujiya,31076352,31101360,22662000,22675376
object_kitan,31105024,31137728,22675376,22691952
object_gi_mask06,31137792,31144160,22691952,22695200
object_gi_mask16,31145984,31154128,22695200,22699632
object_astr_obj,31154176,31163600,22699632,22704976
object_bsb,31166464,31220704,22704976,22751936
object_fall2,31223808,31258784,22751936,22771328
object_sth,31260672,31273488,22771328,22776848
object_gi_mssa,31277056,31282288,22776848,22779968
object_smtower,31285248,31291280,22779968,22785184
object_gi_mask21,31293440,31298480,22785184,22787440
object_yado_obj,31301632,31306480,22787440,22790976
object_syoten,31309824,31329696,22790976,22801840
object_moonend,31330304,31406592,22801840,22846544
object_ob,31408128,31506096,22846544,22904304
object_gi_bottle_04,31506432,31511136,22904304,22907072
object_and,31514624,31589088,22907072,22947968
object_obj_danpeilift,31592448,31595472,22947968,22950160
object_drs,31596544,31619728,22950160,22964208
object_msmo,31621120,31626912,22964208,22967328
object_an4,31629312,31664336,22967328,23000992
object_wdor01,31666176,31671984,23000992,23005008
object_wdor02,31674368,31680176,23005008,23009472
object_wdor03,31682560,31688368,23009472,23012880
object_wdor04,31690752,31696496,23012880,23016976
object_wdor05,31698944,31704688,23016976,23020576
object_stk3,31707136,31731552,23020576,23045584
object_kinsta1_obj,31731712,31736560,23045584,23049360
object_kinsta2_obj,31739904,31745264,23049360,23052848
object_bh,31748096,31755888,23052848,23056816
object_gi_mask17,31756288,31763536,23056816,23061104
object_gi_mask22,31764480,31770336,23061104,23064960
object_lbfshot,31772672,31778064,23064960,23069216
object_fusen,31780864,31790160,23069216,23075200
object_ending_obj,31793152,31827936,23075200,23097696
object_gi_mask13,31830016,31835648,23097696,23100224
scene_texture_01,31838208,31857920,23100224,23114192
scene_texture_02,31858688,31866112,23114192,23119168
scene_texture_03,31866880,31885312,23119168,23129424
scene_texture_04,31887360,31908352,23129424,23141920
scene_texture_05,31911936,31938560,23141920,23158272
scene_texture_06,31940608,31962208,23158272,23171440
scene_texture_07,31965184,31965200,23171440,23171472
scene_texture_08,31969280,32002048,23171472,23190320
nintendo_rogo_static,32002048,32013760,23190320,23196320
title_static,32014336,32216880,23196320,23327888
memerrmsg,32219136,32223872,23327888,23329808
locerrmsg,32227328,32228992,23329808,23330752
parameter_static,32231424,32279328,23330752,23346512
week_static,32280576,32284464,23346512,0
daytelop_static,32284672,32324352,23350400,23358304
ger_daytelop_static,32325632,32365312,23358304,23367712
fra_daytelop_static,32366592,32406272,23367712,23375248
esp_daytelop_static,32407552,32447232,23375248,23383168
d2_fine_static,32448512,32497664,23383168,23391920
d2_cloud_static,32497664,32546816,23391920,23414256
d2_fine_pal_static,32546816,32547328,23414256,23414656
elf_message_field,32550912,32551024,23414656,23414800
elf_message_ydan,32555008,32555024,23414800,23414832
Z2_20SICHITAI2,32559104,32626224,23414832,23467328
Z2_20SICHITAI2_room_00,32628736,32739904,23467328,23528192
Z2_20SICHITAI2_room_01,32743424,32818720,23528192,23572432
Z2_20SICHITAI2_room_02,32821248,32874656,23572432,23604080
Z2_WITCH_SHOP,32878592,32922560,23604080,23632288
Z2_WITCH_SHOP_room_00,32923648,32963168,23632288,23648000
Z2_LAST_BS,32964608,32995456,23648000,23666592
Z2_LAST_BS_room_00,32997376,33032800,23666592,23679808
Z2_HAKASHITA,33034240,33085056,23679808,23715440
Z2_HAKASHITA_room_00,33087488,33120320,23715440,23730880
Z2_HAKASHITA_room_01,33124352,33154608,23730880,23746528
Z2_HAKASHITA_room_02,33157120,33185760,23746528,23759248
Z2_HAKASHITA_room_03,33185792,33203824,23759248,23768496
Z2_HAKASHITA_room_04,33206272,33229248,23768496,23780944
Z2_AYASHIISHOP,33230848,33244320,23780944,23790320
Z2_AYASHIISHOP_room_00,33247232,33319552,23790320,23823904
Z2_AYASHIISHOP_room_01,33320960,33342752,23823904,23831984
Z2_OMOYA,33345536,33392656,23831984,23865312
Z2_OMOYA_room_00,33394688,33433056,23865312,23881088
Z2_OMOYA_room_01,33435648,33501264,23881088,23910736
Z2_OMOYA_room_02,33505280,33546160,23910736,23930272
Z2_BOWLING,33546240,33562784,23930272,23942464
Z2_BOWLING_room_00,33566720,33586512,23942464,23949904
Z2_SONCHONOIE,33587200,33617152,23949904,23968320
Z2_SONCHONOIE_room_00,33619968,33658320,23968320,23984352
Z2_SONCHONOIE_room_01,33660928,33689472,23984352,23998576
Z2_SONCHONOIE_room_02,33689600,33730928,23998576,24018496
Z2_SONCHONOIE_room_03,33734656,33774960,24018496,24036080
Z2_IKANA,33775616,33899392,24036080,24097808
Z2_IKANA_room_00,33902592,34072432,24097808,24208912
Z2_IKANA_room_01,34074624,34075792,24208912,24209440
Z2_IKANA_room_02,34078720,34093872,24209440,24219040
Z2_IKANA_room_03,34095104,34106720,24219040,24227152
Z2_IKANA_room_04,34107392,34142320,24227152,24249328
Z2_KAIZOKU,34144256,34217248,24249328,24297856
Z2_KAIZOKU_room_00,34217984,34299712,24297856,24320784
Z2_MILK_BAR,34299904,34354128,24320784,24354032
Z2_MILK_BAR_room_00,34357248,34402176,24354032,24371072
Z2_INISIE_N,34402304,34477616,24371072,24414912
Z2_INISIE_N_room_00,34480128,34540096,24414912,24441568
Z2_INISIE_N_room_01,34541568,34583808,24441568,24460768
Z2_INISIE_N_room_02,34586624,34617072,24460768,24472048
Z2_INISIE_N_room_03,34619392,34662464,24472048,24489264
Z2_INISIE_N_room_04,34664448,34694448,24489264,24501024
Z2_INISIE_N_room_05,34697216,34697648,24501024,24501296
Z2_INISIE_N_room_06,34701312,34701744,24501296,24501568
Z2_INISIE_N_room_07,34705408,34720528,24501568,24507920
Z2_INISIE_N_room_08,34721792,34741328,24507920,24515920
Z2_INISIE_N_room_09,34742272,34775696,24515920,24532112
Z2_INISIE_N_room_10,34779136,34798128,24532112,24542128
Z2_INISIE_N_room_11,34799616,34800080,24542128,24542448
Z2_TAKARAYA,34803712,34842752,24542448,24567664
Z2_TAKARAYA_room_00,34844672,34877056,24567664,24580304
Z2_INISIE_R,34877440,34951296,24580304,24621584
Z2_INISIE_R_room_00,34955264,35009648,24621584,24646032
Z2_INISIE_R_room_01,35012608,35051088,24646032,24663616
Z2_INISIE_R_room_02,35053568,35087376,24663616,24676208
Z2_INISIE_R_room_03,35090432,35135088,24676208,24694608
Z2_INISIE_R_room_04,35135488,35161760,24694608,24706000
Z2_INISIE_R_room_05,35164160,35164768,24706000,24706416
Z2_INISIE_R_room_06,35168256,35168832,24706416,24706784
Z2_INISIE_R_room_07,35172352,35172816,24706784,24707088
Z2_INISIE_R_room_08,35176448,35193904,24707088,24713360
Z2_INISIE_R_room_09,35196928,35197392,24713360,24713696
Z2_INISIE_R_room_10,35201024,35223504,24713696,24724928
Z2_INISIE_R_room_11,35225600,35242752,24724928,24732432
Z2_OKUJOU,35246080,35356576,24732432,24781664
Z2_OKUJOU_room_00,35356672,35368832,24781664,24786240
Z2_OPENINGDAN,35368960,35413600,24786240,24810208
Z2_OPENINGDAN_room_00,35414016,35461328,24810208,24835616
Z2_OPENINGDAN_room_01,35463168,35489456,24835616,24848576
Z2_MITURIN,35491840,35586960,24848576,24907616
Z2_MITURIN_room_00,35590144,35630160,24907616,24925104
Z2_MITURIN_room_01,35631104,35666032,24925104,24940768
Z2_MITURIN_room_02,35667968,35695840,24940768,24954592
Z2_MITURIN_room_03,35696640,35737024,24954592,24971568
Z2_MITURIN_room_04,35737600,35746896,24971568,24976672
Z2_MITURIN_room_05,35749888,35774528,24976672,24987104
Z2_MITURIN_room_06,35778560,35790864,24987104,24993856
Z2_MITURIN_room_07,35794944,35809120,24993856,25001424
Z2_MITURIN_room_08,35811328,35837744,25001424,25015408
Z2_MITURIN_room_09,35840000,35884512,25015408,25036288
Z2_MITURIN_room_10,35885056,35905200,25036288,25043920
Z2_MITURIN_room_11,35905536,35933600,25043920,25058448
Z2_MITURIN_room_12,35934208,35949712,25058448,25070784
Z2_13HUBUKINOMITI,35950592,35982832,25070784,25098176
Z2_13HUBUKINOMITI_room_00,35983360,36001056,25098176,25109936
Z2_CASTLE,36003840,36067440,25109936,25150240
Z2_CASTLE_room_00,36069376,36167744,25150240,25205872
Z2_CASTLE_room_01,36171776,36196960,25205872,25218672
Z2_CASTLE_room_02,36200448,36222784,25218672,25233136
Z2_CASTLE_room_03,36225024,36246896,25233136,25245664
Z2_CASTLE_room_04,36249600,36284128,25245664,25264032
Z2_CASTLE_room_05,36286464,36302960,25264032,25272176
Z2_CASTLE_room_06,36306944,36316608,25272176,25277040
Z2_CASTLE_room_07,36319232,36329072,25277040,25281568
Z2_CASTLE_room_08,36331520,36335376,25281568,25283728
Z2_CASTLE_room_09,36335616,36339472,25283728,25285872
Z2_DEKUTES,36339712,36376208,25285872,25312384
Z2_DEKUTES_room_00,36376576,36393824,25312384,25319136
Z2_MITURIN_BS,36397056,36409776,25319136,25331424
Z2_MITURIN_BS_room_00,36413440,36420784,25331424,25333760
Z2_SYATEKI_MIZU,36421632,36460224,25333760,25359248
Z2_SYATEKI_MIZU_room_00,36462592,36487504,25359248,25368624
Z2_HAKUGIN,36491264,36604368,25368624,25443776
Z2_HAKUGIN_room_00,36605952,36639792,25443776,25467248
Z2_HAKUGIN_room_01,36642816,36670736,25467248,25489264
Z2_HAKUGIN_room_02,36671488,36721824,25489264,25522976
Z2_HAKUGIN_room_03,36724736,36747344,25522976,25538640
Z2_HAKUGIN_room_04,36749312,36886432,25538640,25620400
Z2_HAKUGIN_room_05,36888576,36918944,25620400,25640160
Z2_HAKUGIN_room_06,36921344,36936272,25640160,25651840
Z2_HAKUGIN_room_07,36937728,36965040,25651840,25673504
Z2_HAKUGIN_room_08,36966400,36986832,25673504,25686960
Z2_HAKUGIN_room_09,36986880,37020736,25686960,25709488
Z2_HAKUGIN_room_10,37023744,37037184,25709488,25718560
Z2_HAKUGIN_room_11,37040128,37052208,25718560,25726944
Z2_HAKUGIN_room_12,37052416,37072144,25726944,25741312
Z2_HAKUGIN_room_13,37072896,37090048,25741312,25755680
Z2_ROMANYMAE,37093376,37107376,25755680,25765936
Z2_ROMANYMAE_room_00,37109760,37122912,25765936,25773520
Z2_PIRATE,37126144,37209680,25773520,25823104
Z2_PIRATE_room_00,37212160,37224384,25823104,25828048
Z2_PIRATE_room_01,37224448,37244416,25828048,25835456
Z2_PIRATE_room_02,37244928,37266560,25835456,25842752
Z2_PIRATE_room_03,37269504,37366112,25842752,25881552
Z2_PIRATE_room_04,37367808,37380448,25881552,25887344
Z2_PIRATE_room_05,37384192,37448480,25887344,25905696
Z2_PIRATE_room_06,37449728,37465344,25905696,25913376
Z2_PIRATE_room_07,37466112,37538304,25913376,25942096
Z2_PIRATE_room_08,37539840,37554144,25942096,25948688
Z2_PIRATE_room_09,37556224,37596464,25948688,25966656
Z2_PIRATE_room_10,37597184,37641312,25966656,25985824
Z2_PIRATE_room_11,37642240,37682288,25985824,26003504
Z2_PIRATE_room_12,37683200,37738032,26003504,26025680
Z2_PIRATE_room_13,37740544,37757424,26025680,26033344
Z2_PIRATE_room_14,37761024,37766464,26033344,26036816
Z2_SYATEKI_MORI,37769216,37842128,26036816,26085040
Z2_SYATEKI_MORI_room_00,37842944,37867600,26085040,26096176
Z2_SINKAI,37871616,37912224,26096176,26130000
Z2_SINKAI_room_00,37912576,37944400,26130000,26148016
Z2_YOUSEI_IZUMI,37945344,38089664,26148016,26211504
Z2_YOUSEI_IZUMI_room_00,38092800,38113504,26211504,26220448
Z2_YOUSEI_IZUMI_room_01,38117376,38137952,26220448,26229296
Z2_YOUSEI_IZUMI_room_02,38141952,38162560,26229296,26238128
Z2_YOUSEI_IZUMI_room_03,38166528,38187104,26238128,26246992
Z2_YOUSEI_IZUMI_room_04,38191104,38211728,26246992,26255872
Z2_KINSTA1,38215680,38259808,26255872,26284016
Z2_KINSTA1_room_00,38260736,38269472,26284016,26287376
Z2_KINSTA1_room_01,38273024,38314240,26287376,26303920
Z2_KINSTA1_room_02,38318080,38340128,26303920,26315328
Z2_KINSTA1_room_03,38342656,38360784,26315328,26323088
Z2_KINSTA1_room_04,38363136,38400080,26323088,26336880
Z2_KINSTA1_room_05,38404096,38412080,26336880,26341168
Z2_KINDAN2,38412288,38477376,26341168,26381584
Z2_KINDAN2_room_00,38477824,38505024,26381584,26396736
Z2_KINDAN2_room_01,38506496,38556432,26396736,26415040
Z2_KINDAN2_room_02,38559744,38601536,26415040,26432624
Z2_KINDAN2_room_03,38604800,38642720,26432624,26448144
Z2_KINDAN2_room_04,38645760,38664896,26448144,26456288
Z2_KINDAN2_room_05,38666240,38698480,26456288,26471280
Z2_TENMON_DAI,38699008,38733696,26471280,26493936
Z2_TENMON_DAI_room_00,38735872,38810400,26493936,26525568
Z2_TENMON_DAI_room_01,38813696,38914736,26525568,26573936
Z2_LAST_DEKU,38916096,38932368,26573936,26585408
Z2_LAST_DEKU_room_00,38932480,38988544,26585408,26626400
Z2_LAST_DEKU_room_01,38989824,39008160,26626400,26640464
Z2_22DEKUCITY,39010304,39064096,26640464,26677072
Z2_22DEKUCITY_room_00,39067648,39139920,26677072,26709584
Z2_22DEKUCITY_room_01,39141376,39201104,26709584,26734832
Z2_22DEKUCITY_room_02,39202816,39277808,26734832,26768672
Z2_KAJIYA,39280640,39311824,26768672,26791136
Z2_KAJIYA_room_00,39313408,39368992,26791136,26812640
Z2_00KEIKOKU,39370752,39601536,26812640,26954848
Z2_00KEIKOKU_room_00,39604224,39770208,26954848,27029504
Z2_POSTHOUSE,39772160,39810992,27029504,27055776
Z2_POSTHOUSE_room_00,39813120,39848208,27055776,27068896
Z2_LABO,39849984,39906368,27068896,27106192
Z2_LABO_room_00,39907328,39941792,27106192,27121184
Z2_DANPEI2TEST,39944192,39967824,27121184,27139472
Z2_DANPEI2TEST_room_00,39968768,40062048,27139472,27180160
Z2_DANPEI2TEST_room_01,40062976,40086704,27180160,27188688
Z2_16GORON_HOUSE,40087552,40141248,27188688,27226880
Z2_16GORON_HOUSE_room_00,40144896,40195536,27226880,27250080
Z2_16GORON_HOUSE_room_01,40198144,40227696,27250080,27263984
Z2_33ZORACITY,40230912,40290160,27263984,27312800
Z2_33ZORACITY_room_00,40292352,40333392,27312800,27332496
Z2_8ITEMSHOP,40337408,40378992,27332496,27360176
Z2_8ITEMSHOP_room_00,40382464,40434224,27360176,27379520
Z2_F01,40435712,40551520,27379520,27458848
Z2_F01_room_00,40554496,40608448,27458848,27485936
Z2_INISIE_BS,40611840,40623120,27485936,27493184
Z2_INISIE_BS_room_00,40624128,40624560,27493184,27493440
Z2_30GYOSON,40628224,40754640,27493440,27581472
Z2_30GYOSON_room_00,40755200,40874752,27581472,27636800
Z2_31MISAKI,40878080,40980368,27636800,27711136
Z2_31MISAKI_room_00,40980480,41075824,27711136,27757472
Z2_TAKARAKUJI,41078784,41088528,27757472,27765600
Z2_TAKARAKUJI_room_00,41091072,41102928,27765600,27770128
Z2_TORIDE,41103360,41152592,27770128,27809952
Z2_TORIDE_room_00,41156608,41210368,27809952,27832480
Z2_FISHERMAN,41213952,41251152,27832480,27861040
Z2_FISHERMAN_room_00,41254912,41289024,27861040,27875248
Z2_GORONSHOP,41291776,41341744,27875248,27910832
Z2_GORONSHOP_room_00,41345024,41383328,27910832,27926592
Z2_DEKU_KING,41385984,41458624,27926592,27971776
Z2_DEKU_KING_room_00,41459712,41497824,27971776,27988624
Z2_LAST_GORON,41500672,41539008,27988624,28011872
Z2_LAST_GORON_room_00,41541632,41631376,28011872,28063520
Z2_LAST_GORON_room_01,41631744,41649344,28063520,28077568
Z2_24KEMONOMITI,41652224,41683792,28077568,28101664
Z2_24KEMONOMITI_room_00,41684992,41710048,28101664,28115168
Z2_F01_B,41713664,41761056,28115168,28153872
Z2_F01_B_room_00,41762816,41792128,28153872,28166512
Z2_F01C,41795584,41853616,28166512,28206528
Z2_F01C_room_00,41857024,41880112,28206528,28215984
Z2_BOTI,41881600,41939408,28215984,28261328
Z2_BOTI_room_00,41943040,41992672,28261328,28288048
Z2_BOTI_room_01,41996288,42031904,28288048,28310384
Z2_HAKUGIN_BS,42033152,42065840,28310384,28335232
Z2_HAKUGIN_BS_room_00,42065920,42091088,28335232,28345936
Z2_20SICHITAI,42094592,42165600,28345936,28401696
Z2_20SICHITAI_room_00,42168320,42290064,28401696,28471616
Z2_20SICHITAI_room_01,42291200,42374400,28471616,28522336
Z2_20SICHITAI_room_02,42377216,42435808,28522336,28559408
Z2_21MITURINMAE,42438656,42483696,28559408,28591264
Z2_21MITURINMAE_room_00,42483712,42548288,28591264,28615408
Z2_LAST_ZORA,42549248,42633248,28615408,28680384
Z2_LAST_ZORA_room_00,42635264,42694496,28680384,28701680
Z2_11GORONNOSATO2,42696704,42723072,28701680,28722608
Z2_11GORONNOSATO2_room_00,42725376,42817264,28722608,28781376
Z2_11GORONNOSATO2_room_01,42819584,42829472,28781376,28786944
Z2_SEA,42831872,42948416,28786944,28861696
Z2_SEA_room_00,42950656,43010656,28861696,28885888
Z2_SEA_room_01,43012096,43045792,28885888,28898512
Z2_SEA_room_02,43048960,43057344,28898512,28902304
Z2_SEA_room_03,43061248,43070528,28902304,28906080
Z2_SEA_room_04,43073536,43109264,28906080,28922032
Z2_SEA_room_05,43110400,43131632,28922032,28933456
Z2_SEA_room_06,43134976,43183504,28933456,28955968
Z2_SEA_room_07,43184128,43204800,28955968,28967120
Z2_SEA_room_08,43208704,43250688,28967120,28983136
Z2_SEA_room_09,43253760,43272944,28983136,28990080
Z2_SEA_room_10,43274240,43309856,28990080,29004912
Z2_SEA_room_11,43311104,43354864,29004912,29024000
Z2_SEA_room_12,43356160,43390320,29024000,29037696
Z2_SEA_room_13,43393024,43407248,29037696,29044656
Z2_SEA_room_14,43409408,43416384,29044656,29048528
Z2_SEA_room_15,43417600,43424112,29048528,29050832
Z2_35TAKI,43425792,43526144,29050832,29134512
Z2_35TAKI_room_00,43528192,43629840,29134512,29188032
Z2_REDEAD,43630592,43683888,29188032,29221456
Z2_REDEAD_room_00,43687936,43709168,29221456,29230080
Z2_REDEAD_room_01,43712512,43748240,29230080,29244064
Z2_REDEAD_room_02,43749376,43782272,29244064,29256848
Z2_REDEAD_room_03,43786240,43817264,29256848,29268720
Z2_REDEAD_room_04,43819008,43848768,29268720,29281168
Z2_REDEAD_room_05,43851776,43889568,29281168,29295344
Z2_REDEAD_room_06,43892736,43921056,29295344,29307088
Z2_REDEAD_room_07,43921408,43946176,29307088,29316560
Z2_REDEAD_room_08,43950080,43959904,29316560,29320496
Z2_REDEAD_room_09,43962368,43972656,29320496,29324656
Z2_REDEAD_room_10,43974656,43985408,29324656,29328976
Z2_REDEAD_room_11,43986944,44025728,29328976,29351952
Z2_REDEAD_room_12,44027904,44031888,29351952,29353440
Z2_REDEAD_room_13,44032000,44038288,29353440,29355760
Z2_BANDROOM,44040192,44087472,29355760,29387456
Z2_BANDROOM_room_00,44089344,44163024,29387456,29432496
Z2_BANDROOM_room_01,44163072,44209952,29432496,29459584
Z2_BANDROOM_room_02,44212224,44271024,29459584,29492608
Z2_BANDROOM_room_03,44273664,44316528,29492608,29519872
Z2_BANDROOM_room_04,44318720,44357200,29519872,29541536
Z2_11GORONNOSATO,44359680,44381952,29541536,29558672
Z2_11GORONNOSATO_room_00,44384256,44465248,29558672,29606896
Z2_11GORONNOSATO_room_01,44466176,44477024,29606896,29613520
Z2_GORON_HAKA,44478464,44513168,29613520,29638144
Z2_GORON_HAKA_room_00,44515328,44547504,29638144,29652704
Z2_SECOM,44548096,44575248,29652704,29669264
Z2_SECOM_room_00,44576768,44589808,29669264,29676960
Z2_SECOM_room_01,44593152,44657072,29676960,29704944
Z2_10YUKIYAMANOMURA,44658688,44717648,29704944,29745456
Z2_10YUKIYAMANOMURA_room_00,44720128,44766912,29745456,29768688
Z2_TOUGITES,44769280,44795840,29768688,29787360
Z2_TOUGITES_room_00,44797952,44815824,29787360,29795648
Z2_DANPEI,44818432,44886784,29795648,29841680
Z2_DANPEI_room_00,44888064,44932032,29841680,29863536
Z2_DANPEI_room_01,44933120,44966528,29863536,29878704
Z2_DANPEI_room_02,44969984,45021392,29878704,29902272
Z2_DANPEI_room_03,45023232,45063952,29902272,29924336
Z2_DANPEI_room_04,45064192,45085872,29924336,29935104
Z2_DANPEI_room_05,45088768,45129328,29935104,29954496
Z2_DANPEI_room_06,45129728,45175376,29954496,29973712
Z2_DANPEI_room_07,45178880,45234960,29973712,29999312
Z2_DANPEI_room_08,45236224,45261840,29999312,30013888
Z2_IKANAMAE,45264896,45297808,30013888,30041168
Z2_IKANAMAE_room_00,45301760,45321168,30041168,30051472
Z2_DOUJOU,45322240,45352240,30051472,30073888
Z2_DOUJOU_room_00,45355008,45380832,30073888,30084304
Z2_MUSICHOUSE,45383680,45488128,30084304,30153664
Z2_MUSICHOUSE_room_00,45490176,45541984,30153664,30174720
Z2_IKNINSIDE,45543424,45588496,30174720,30202992
Z2_IKNINSIDE_room_00,45592576,45603296,30202992,30206896
Z2_IKNINSIDE_room_01,45604864,45635648,30206896,30221104
Z2_MAP_SHOP,45637632,45666336,30221104,30242096
Z2_MAP_SHOP_room_00,45670400,45693024,30242096,30250112
Z2_F40,45694976,45777664,30250112,30312624
Z2_F40_room_00,45780992,45829744,30312624,30336176
Z2_F41,45830144,45910768,30336176,30397328
Z2_F41_room_00,45912064,45959520,30397328,30419984
Z2_10YUKIYAMANOMURA2,45961216,45989984,30419984,30438832
Z2_10YUKIYAMANOMURA2_room_00,45993984,46118032,30438832,30513760
Z2_10YUKIYAMANOMURA2_room_01,46120960,46128688,30513760,30518096
Z2_14YUKIDAMANOMITI,46129152,46152944,30518096,30535824
Z2_14YUKIDAMANOMITI_room_00,46153728,46171568,30535824,30547120
Z2_12HAKUGINMAE,46174208,46204256,30547120,30570880
Z2_12HAKUGINMAE_room_00,46206976,46235824,30570880,30588464
Z2_17SETUGEN,46239744,46279600,30588464,30613984
Z2_17SETUGEN_room_00,46280704,46311152,30613984,30628736
Z2_17SETUGEN2,46313472,46349008,30628736,30657376
Z2_17SETUGEN2_room_00,46350336,46379488,30657376,30672208
Z2_SEA_BS,46383104,46404336,30672208,30690432
Z2_SEA_BS_room_00,46407680,46430416,30690432,30698608
Z2_RANDOM,46432256,46477536,30698608,30729616
Z2_RANDOM_room_00,46481408,46492448,30729616,30734480
Z2_RANDOM_room_01,46493696,46532432,30734480,30749440
Z2_RANDOM_room_02,46534656,46563792,30749440,30763904
Z2_RANDOM_room_03,46567424,46596848,30763904,30778496
Z2_RANDOM_room_04,46600192,46613952,30778496,30785088
Z2_RANDOM_room_05,46616576,46631936,30785088,30793104
Z2_YADOYA,46632960,46695552,30793104,30827312
Z2_YADOYA_room_00,46698496,46798016,30827312,30868656
Z2_YADOYA_room_01,46800896,46834480,30868656,30882896
Z2_YADOYA_room_02,46837760,46862048,30882896,30891968
Z2_YADOYA_room_03,46862336,46883008,30891968,30899232
Z2_YADOYA_room_04,46886912,46916912,30899232,30909248
Z2_KONPEKI_ENT,46919680,46948896,30909248,30927952
Z2_KONPEKI_ENT_room_00,46952448,46977952,30927952,30939648
Z2_INSIDETOWER,46981120,47013696,30939648,30951344
Z2_INSIDETOWER_room_00,47013888,47077904,30951344,30990672
Z2_INSIDETOWER_room_01,47079424,47079856,30990672,30990928
Z2_26SARUNOMORI,47083520,47133920,30990928,31025072
Z2_26SARUNOMORI_room_00,47136768,47150576,31025072,31032448
Z2_26SARUNOMORI_room_01,47153152,47166944,31032448,31039712
Z2_26SARUNOMORI_room_02,47169536,47186528,31039712,31049936
Z2_26SARUNOMORI_room_03,47190016,47200112,31049936,31055088
Z2_26SARUNOMORI_room_04,47202304,47215696,31055088,31062208
Z2_26SARUNOMORI_room_05,47218688,47228784,31062208,31067360
Z2_26SARUNOMORI_room_06,47230976,47247408,31067360,31076128
Z2_26SARUNOMORI_room_07,47251456,47261552,31076128,31081312
Z2_26SARUNOMORI_room_08,47263744,47277360,31081312,31088704
Z2_LOST_WOODS,47280128,47344080,31088704,31119888
Z2_LOST_WOODS_room_00,47345664,47378672,31119888,31142464
Z2_LOST_WOODS_room_01,47382528,47422752,31142464,31170928
Z2_LOST_WOODS_room_02,47423488,47431104,31170928,31173520
Z2_LAST_LINK,47431680,47461136,31173520,31197232
Z2_LAST_LINK_room_00,47464448,47477184,31197232,31205152
Z2_LAST_LINK_room_01,47480832,47490560,31205152,31210880
Z2_LAST_LINK_room_02,47493120,47505136,31210880,31219056
Z2_LAST_LINK_room_03,47505408,47520592,31219056,31229616
Z2_LAST_LINK_room_04,47521792,47528336,31229616,31233056
Z2_LAST_LINK_room_05,47529984,47546160,31233056,31245152
Z2_LAST_LINK_room_06,47546368,47549248,31245152,31246240
Z2_LAST_LINK_room_07,47550464,47553344,31246240,31247328
Z2_SOUGEN,47554560,47599568,31247328,31277824
Z2_SOUGEN_room_00,47599616,47631072,31277824,31291968
Z2_BOMYA,47632384,47683952,31291968,31322736
Z2_BOMYA_room_00,47685632,47718112,31322736,31335120
Z2_KYOJINNOMA,47718400,47779248,31335120,31352384
Z2_KYOJINNOMA_room_00,47779840,47786544,31352384,31354768
Z2_KOEPONARACE,47788032,47830160,31354768,31389728
Z2_KOEPONARACE_room_00,47833088,47866944,31389728,31407088
Z2_GORONRACE,47869952,47933072,31407088,31456720
Z2_GORONRACE_room_00,47935488,47991664,31456720,31490848
Z2_TOWN,47992832,48117616,31490848,31577920
Z2_TOWN_room_00,48119808,48215712,31577920,31617808
Z2_ICHIBA,48218112,48307776,31617808,31680496
Z2_ICHIBA_room_00,48308224,48352000,31680496,31697104
Z2_BACKTOWN,48353280,48422624,31697104,31745648
Z2_BACKTOWN_room_00,48422912,48464256,31745648,31762592
Z2_CLOCKTOWER,48467968,48608864,31762592,31858224
Z2_CLOCKTOWER_room_00,48611328,48691376,31858224,31886864
Z2_ALLEY,48693248,48748640,31886864,31927872
Z2_ALLEY_room_00,48750592,48786672,31927872,31943680
SPOT00,48787456,48838512,31943680,31957760
SPOT00_room_00,48840704,48843024,31957760,31958864
KAKUSIANA,48844800,48909520,31958864,32007680
KAKUSIANA_room_00,48910336,48925328,32007680,32016000
KAKUSIANA_room_01,48926720,48953648,32016000,32036624
KAKUSIANA_room_02,48955392,48964000,32036624,32041680
KAKUSIANA_room_03,48967680,48976544,32041680,32047632
KAKUSIANA_room_04,48979968,48986528,32047632,32051104
KAKUSIANA_room_05,48988160,48994032,32051104,32054800
KAKUSIANA_room_06,48996352,49005360,32054800,32059632
KAKUSIANA_room_07,49008640,49019520,32059632,32067616
KAKUSIANA_room_08,49020928,49033568,32067616,32075488
KAKUSIANA_room_09,49037312,49046032,32075488,32080480
KAKUSIANA_room_10,49049600,49054624,32080480,32083360
KAKUSIANA_room_11,49057792,49067504,32083360,32090384
KAKUSIANA_room_12,49070080,49095904,32090384,32106032
KAKUSIANA_room_13,49098752,49112928,32106032,32113584
KAKUSIANA_room_14,49115136,49124048,32113584,32118464
bump_texture_static,49127424,49128448,32118464,32119136
anime_model_1_static,49131520,49131536,49131520,0
anime_model_2_static,49135616,49135632,49135616,0
anime_model_3_static,49139712,49139728,49139712,0
anime_model_4_static,49143808,49143824,49143808,0
anime_model_5_static,49147904,49147920,49147904,0
anime_model_6_static,49152000,49152016,49152000,0
anime_texture_1_static,49156096,49156112,49156096,0
anime_texture_2_static,49160192,49160208,49160192,0
anime_texture_3_static,49164288,49164304,49164288,0
anime_texture_4_static,49168384,49168400,49168384,0
anime_texture_5_static,49172480,49172496,49172480,0
anime_texture_6_static,49176576,49176592,49176576,0
softsprite_matrix_static,49180672,49180736,49180672,0
