makerom,0,4176,0,0
boot,4176,47008,4176,0
dmadata,47008,71408,47008,0
Audiobank,71408,251056,71408,0
Audioseq,251056,577328,251056,0
Audiotable,577328,5104320,577328,0
kanji,5104320,5612992,5104320,0
link_animetion,5615616,8129584,5612992,0
icon_item_static,8130560,8689824,8126960,0
icon_item_24_static,8691712,8737792,8686224,0
icon_item_field_static,8740864,8788272,8732304,8757552
icon_item_dungeon_static,8790016,8797568,8757552,8758944
icon_item_gameover_static,8798208,8811264,8758944,8762848
icon_item_jpn_static,8814592,8871040,8762848,8780768
icon_item_nes_static,8871936,8928384,8780768,8797120
item_name_static,8929280,9181184,8797120,0
map_name_static,9183232,9320448,9049024,0
do_action_static,9322496,9344768,9186240,0
message_static,9347072,9363840,9208512,0
message_texture_static,9367552,9372160,9225280,0
cn_font_static,9375744,9620096,9229888,0
jpn_message_data_static,9621504,9859920,9474240,0
cn_message_data_static,9863168,10021712,9712656,0
staff_message_data_static,10022912,10026832,9871200,0
map_grand_static,10027008,10085200,9875120,0
map_48x85_static,10088448,10227168,9933312,0
map_i_static,10227712,11202832,10072032,0
code,11206656,12292000,11047152,11567232
ovl_title,12292000,12294352,11567232,11568720
ovl_select,12294352,12305744,11568720,11574416
ovl_opening,12305744,12306080,11574416,11574688
ovl_file_choose,12306080,12374384,11574688,11605168
ovl_kaleido_scope,12374384,12489120,11605168,11652640
ovl_player_actor,12489120,12646576,11652640,11737312
ovl_map_mark_data,12646576,12674064,11737312,11738112
ovl_En_Test,12674064,12696768,11738112,11749152
ovl_En_GirlA,12696768,12707296,11749152,11753456
ovl_En_Part,12707296,12713024,11753456,11756928
ovl_En_Light,12713024,12716608,11756928,11759056
ovl_En_Door,12716608,12720256,11759056,11761552
ovl_En_Box,12720256,12727248,11761552,11765680
ovl_En_Poh,12727248,12744128,11765680,11774816
ovl_En_Okuta,12744128,12753824,11774816,11780528
ovl_En_Bom,12753824,12757616,11780528,11783008
ovl_En_Wallmas,12757616,12764288,11783008,11786880
ovl_En_Dodongo,12764288,12775968,11786880,11793616
ovl_En_Firefly,12775968,12784528,11793616,11798528
ovl_En_Horse,12784528,12834288,11798528,11823904
ovl_En_Arrow,12834288,12840176,11823904,11827456
ovl_En_Elf,12840176,12859056,11827456,11837808
ovl_En_Niw,12859056,12872160,11837808,11845696
ovl_En_Tite,12872160,12883840,11845696,11851776
ovl_En_Reeba,12883840,12890608,11851776,11855888
ovl_En_Peehat,12890608,12904688,11855888,11863472
ovl_En_Holl,12904688,12908736,11863472,11866000
ovl_En_Scene_Change,12908736,12909040,11866000,11866208
ovl_En_Zf,12909040,12936400,11866208,11880672
ovl_En_Hata,12936400,12937824,11880672,11881728
ovl_Boss_Dodongo,12937824,12977504,11881728,11903328
ovl_Boss_Goma,12977504,13001984,11903328,11915840
ovl_En_Zl1,13001984,13017872,11915840,11922688
ovl_En_Viewer,13017872,13029808,11922688,11929568
ovl_En_Goma,13029808,13041248,11929568,11936048
ovl_Bg_Pushbox,13041248,13042016,11936048,11936592
ovl_En_Bubble,13042016,13047168,11936592,11939888
ovl_Door_Shutter,13047168,13056064,11939888,11945296
ovl_En_Dodojr,13056064,13063904,11945296,11949920
ovl_En_Bdfire,13063904,13066880,11949920,11951856
ovl_En_Boom,13066880,13069136,11951856,11953392
ovl_En_Torch2,13069136,13079216,11953392,11959632
ovl_En_Bili,13079216,13088128,11959632,11964864
ovl_En_Tp,13088128,13095920,11964864,11969680
ovl_En_St,13095920,13107296,11969680,11976368
ovl_En_Bw,13107296,13120496,11976368,11983920
ovl_En_Eiyer,13120496,13127760,11983920,11988304
ovl_En_River_Sound,13127760,13130208,11988304,11989968
ovl_En_Horse_Normal,13130208,13139968,11989968,11995312
ovl_En_Ossan,13139968,13166048,11995312,12007296
ovl_Bg_Treemouth,13166048,13171776,12007296,12009920
ovl_Bg_Dodoago,13171776,13175168,12009920,12012128
ovl_Bg_Hidan_Dalm,13175168,13177296,12012128,12013488
ovl_Bg_Hidan_Hrock,13177296,13179392,12013488,12014864
ovl_En_Horse_Ganon,13179392,13182848,12014864,12017104
ovl_Bg_Hidan_Rock,13182848,13187200,12017104,12019840
ovl_Bg_Hidan_Rsekizou,13187200,13190240,12019840,12021696
ovl_Bg_Hidan_Sekizou,13190240,13195440,12021696,12024976
ovl_Bg_Hidan_Sima,13195440,13199280,12024976,12027488
ovl_Bg_Hidan_Syoku,13199280,13200400,12027488,12028160
ovl_En_Xc,13200400,13226864,12028160,12039168
ovl_Bg_Hidan_Curtain,13226864,13229584,12039168,12040928
ovl_Bg_Spot00_Hanebasi,13229584,13233952,12040928,12043888
ovl_En_Mb,13233952,13250896,12043888,12053168
ovl_En_Bombf,13250896,13256160,12053168,12056608
ovl_Bg_Hidan_Firewall,13256160,13258048,12056608,12057904
ovl_Bg_Dy_Yoseizo,13258048,13269808,12057904,12064736
ovl_En_Zl2,13269808,13287984,12064736,12072112
ovl_Bg_Hidan_Fslift,13287984,13289216,12072112,12072880
ovl_En_OE2,13289216,13289440,12072880,12073008
ovl_Bg_Ydan_Hasi,13289440,13291408,12073008,12074304
ovl_Bg_Ydan_Maruta,13291408,13293168,12074304,12075472
ovl_Boss_Ganondrof,13293168,13313024,12075472,12086496
ovl_En_Am,13313024,13322240,12086496,12091744
ovl_En_Dekubaba,13322240,13337264,12091744,12099984
ovl_En_M_Fire1,13337264,13337680,12099984,12100288
ovl_En_M_Thunder,13337680,13343312,12100288,12103792
ovl_Bg_Ddan_Jd,13343312,13344928,12103792,12104864
ovl_Bg_Breakwall,13344928,13348624,12104864,12107280
ovl_En_Jj,13348624,13354208,12107280,12109968
ovl_En_Horse_Zelda,13354208,13357008,12109968,12111856
ovl_Bg_Ddan_Kd,13357008,13359296,12111856,12113312
ovl_Door_Warp1,13359296,13376448,12113312,12121760
ovl_Obj_Syokudai,13376448,13379584,12121760,12123936
ovl_Item_B_Heart,13379584,13380624,12123936,12124672
ovl_En_Dekunuts,13380624,13386768,12124672,12128096
ovl_Bg_Menkuri_Kaiten,13386768,13387168,12128096,12128400
ovl_Bg_Menkuri_Eye,13387168,13388336,12128400,12129216
ovl_En_Vali,13388336,13398256,12129216,12135008
ovl_Bg_Mizu_Movebg,13398256,13402736,12135008,12137712
ovl_Bg_Mizu_Water,13402736,13406016,12137712,12139632
ovl_Arms_Hook,13406016,13409456,12139632,12141856
ovl_En_fHG,13409456,13420000,12141856,12147840
ovl_Bg_Mori_Hineri,13420000,13423408,12147840,12149952
ovl_En_Bb,13423408,13438992,12149952,12159312
ovl_Bg_Toki_Hikari,13438992,13442480,12159312,12161136
ovl_En_Yukabyun,13442480,13444032,12161136,12162272
ovl_Bg_Toki_Swd,13444032,13449744,12162272,12164528
ovl_En_Fhg_Fire,13449744,13459632,12164528,12170528
ovl_Bg_Mjin,13459632,13460640,12170528,12171248
ovl_Bg_Hidan_Kousi,13460640,13462064,12171248,12172160
ovl_Door_Toki,13462064,13462416,12172160,12172416
ovl_Bg_Hidan_Hamstep,13462416,13466176,12172416,12174816
ovl_En_Bird,13466176,13467392,12174816,12175648
ovl_En_Wood02,13467392,13471952,12175648,12178624
ovl_En_Lightbox,13471952,13473104,12178624,12179456
ovl_En_Pu_box,13473104,13473936,12179456,12180064
ovl_En_Trap,13473936,13478704,12180064,12182704
ovl_En_Arow_Trap,13478704,13479040,12182704,12182992
ovl_En_Vase,13479040,13479296,12182992,12183184
ovl_En_Ta,13479296,13494080,12183184,12190832
ovl_En_Tk,13494080,13501808,12190832,12195600
ovl_Bg_Mori_Bigst,13501808,13504160,12195600,12196992
ovl_Bg_Mori_Elevator,13504160,13506960,12196992,12198576
ovl_Bg_Mori_Kaitenkabe,13506960,13508608,12198576,12199712
ovl_Bg_Mori_Rakkatenjo,13508608,13511040,12199712,12201168
ovl_En_Vm,13511040,13517376,12201168,12204976
ovl_Demo_Effect,13517376,13540832,12204976,12217744
ovl_Demo_Kankyo,13540832,13556352,12217744,12225664
ovl_Bg_Hidan_Fwbig,13556352,13559648,12225664,12227872
ovl_En_Floormas,13559648,13572928,12227872,12234848
ovl_En_Heishi1,13572928,13578320,12234848,12237952
ovl_En_Rd,13578320,13588752,12237952,12243616
ovl_En_Po_Sisters,13588752,13608448,12243616,12254448
ovl_Bg_Heavy_Block,13608448,13614832,12254448,12258368
ovl_Bg_Po_Event,13614832,13622560,12258368,12263216
ovl_Obj_Mure,13622560,13626672,12263216,12265616
ovl_En_Sw,13626672,13640864,12265616,12274240
ovl_Boss_Fd,13640864,13670400,12274240,12290800
ovl_Object_Kankyo,13670400,13683328,12290800,12298416
ovl_En_Du,13683328,13690128,12298416,12302368
ovl_En_Fd,13690128,13701552,12302368,12309456
ovl_En_Horse_Link_Child,13701552,13709232,12309456,12313424
ovl_Door_Ana,13709232,13710880,12313424,12314576
ovl_Bg_Spot02_Objects,13710880,13715840,12314576,12317600
ovl_Bg_Haka,13715840,13717568,12317600,12318816
ovl_Magic_Wind,13717568,13724992,12318816,12324640
ovl_Magic_Fire,13724992,13733952,12324640,12331808
ovl_En_Ru1,13733952,13764320,12331808,12345120
ovl_Boss_Fd2,13764320,13779984,12345120,12354512
ovl_En_Fd_Fire,13779984,13783328,12354512,12356816
ovl_En_Dh,13783328,13790208,12356816,12361072
ovl_En_Dha,13790208,13794304,12361072,12363600
ovl_En_Rl,13794304,13798112,12363600,12365536
ovl_En_Encount1,13798112,13801024,12365536,12367536
ovl_Demo_Du,13801024,13815328,12367536,12373536
ovl_Demo_Im,13815328,13831568,12373536,12380320
ovl_Demo_Tre_Lgt,13831568,13833376,12380320,12381568
ovl_En_Fw,13833376,13839456,12381568,12385680
ovl_Bg_Vb_Sima,13839456,13841280,12385680,12386992
ovl_En_Vb_Ball,13841280,13845808,12386992,12389872
ovl_Bg_Haka_Megane,13845808,13846832,12389872,12390576
ovl_Bg_Haka_MeganeBG,13846832,13848560,12390576,12391696
ovl_Bg_Haka_Ship,13848560,13851200,12391696,12393440
ovl_Bg_Haka_Sgami,13851200,13854304,12393440,12395472
ovl_En_Heishi2,13854304,13863008,12395472,12399984
ovl_En_Encount2,13863008,13867664,12399984,12403008
ovl_En_Fire_Rock,13867664,13872032,12403008,12405680
ovl_En_Brob,13872032,13876368,12405680,12408336
ovl_Mir_Ray,13876368,13882688,12408336,12412592
ovl_Bg_Spot09_Obj,13882688,13884000,12412592,12413408
ovl_Bg_Spot18_Obj,13884000,13886256,12413408,12414752
ovl_Boss_Va,13886256,13945792,12414752,12446704
ovl_Bg_Haka_Tubo,13945792,13948384,12446704,12448464
ovl_Bg_Haka_Trap,13948384,13953968,12448464,12451936
ovl_Bg_Haka_Huta,13953968,13956688,12451936,12453728
ovl_Bg_Haka_Zou,13956688,13961280,12453728,12456672
ovl_Bg_Spot17_Funen,13961280,13961872,12456672,12457120
ovl_En_Syateki_Itm,13961872,13965360,12457120,12459312
ovl_En_Syateki_Man,13965360,13968880,12459312,12461488
ovl_En_Tana,13968880,13969568,12461488,12461968
ovl_En_Nb,13969568,13987440,12461968,12469616
ovl_Boss_Mo,13987440,14035264,12469616,12497664
ovl_En_Sb,14035264,14040448,12497664,12500592
ovl_En_Bigokuta,14040448,14051456,12500592,12506944
ovl_En_Karebaba,14051456,14057840,12506944,12510736
ovl_Bg_Bdan_Objects,14057840,14062656,12510736,12513616
ovl_Demo_Sa,14062656,14073696,12513616,12518336
ovl_Demo_Go,14073696,14077104,12518336,12520304
ovl_En_In,14077104,14088784,12520304,12527440
ovl_En_Tr,14088784,14095184,12527440,12531344
ovl_Bg_Spot16_Bombstone,14095184,14100640,12531344,12534928
ovl_Bg_Hidan_Kowarerukabe,14100640,14104448,12534928,12537056
ovl_Bg_Bombwall,14104448,14106688,12537056,12538528
ovl_En_Ru2,14106688,14118336,12538528,12543424
ovl_Obj_Dekujr,14118336,14119936,12543424,12544528
ovl_Bg_Mizu_Uzu,14119936,14120400,12544528,12544880
ovl_Bg_Spot06_Objects,14120400,14125520,12544880,12548160
ovl_Bg_Ice_Objects,14125520,14129424,12548160,12550336
ovl_Bg_Haka_Water,14129424,14131472,12550336,12551584
ovl_En_Ma2,14131472,14135664,12551584,12554272
ovl_En_Bom_Chu,14135664,14141456,12554272,12558096
ovl_En_Horse_Game_Check,14141456,14145760,12558096,12560736
ovl_Boss_Tw,14145760,14223920,12560736,12602592
ovl_En_Rr,14223920,14233440,12602592,12608336
ovl_En_Ba,14233440,14241328,12608336,12612752
ovl_En_Bx,14241328,14244144,12612752,12614752
ovl_En_Anubice,14244144,14248928,12614752,12617744
ovl_En_Anubice_Fire,14248928,14252448,12617744,12620160
ovl_Bg_Mori_Hashigo,14252448,14254688,12620160,12621568
ovl_Bg_Mori_Hashira4,14254688,14256096,12621568,12622496
ovl_Bg_Mori_Idomizu,14256096,14257696,12622496,12623552
ovl_Bg_Spot16_Doughnut,14257696,14259168,12623552,12624576
ovl_Bg_Bdan_Switch,14259168,14264336,12624576,12627136
ovl_En_Ma1,14264336,14269168,12627136,12630128
ovl_Boss_Ganon,14269168,14409120,12630128,12707232
ovl_Boss_Sst,14409120,14459696,12707232,12733872
ovl_En_Ny,14459696,14466160,12733872,12737856
ovl_En_Fr,14466160,14477056,12737856,12744368
ovl_Item_Shield,14477056,14479632,12744368,12746096
ovl_Bg_Ice_Shelter,14479632,14484304,12746096,12749056
ovl_En_Ice_Hono,14484304,14488896,12749056,12751840
ovl_Item_Ocarina,14488896,14490896,12751840,12753088
ovl_Magic_Dark,14490896,14497120,12753088,12757408
ovl_Demo_6K,14497120,14508736,12757408,12764640
ovl_En_Anubice_Tag,14508736,14509456,12764640,12765168
ovl_Bg_Haka_Gate,14509456,14513696,12765168,12767888
ovl_Bg_Spot15_Saku,14513696,14514528,12767888,12768496
ovl_Bg_Jya_Goroiwa,14514528,14516448,12768496,12769824
ovl_Bg_Jya_Zurerukabe,14516448,14518160,12769824,12770944
ovl_Bg_Jya_Cobra,14518160,14525648,12770944,12775600
ovl_Bg_Jya_Kanaami,14525648,14526592,12775600,12776240
ovl_Fishing,14526592,14601488,12776240,12813344
ovl_Obj_Oshihiki,14601488,14608320,12813344,12817360
ovl_Bg_Gate_Shutter,14608320,14609488,12817360,12818112
ovl_Eff_Dust,14609488,14614560,12818112,12820704
ovl_Bg_Spot01_Fusya,14614560,14615232,12820704,12821216
ovl_Bg_Spot01_Idohashira,14615232,14618304,12821216,12823152
ovl_Bg_Spot01_Idomizu,14618304,14619104,12823152,12823760
ovl_Bg_Po_Syokudai,14619104,14621520,12823760,12825376
ovl_Bg_Ganon_Otyuka,14621520,14631312,12825376,12831904
ovl_Bg_Spot15_Rrbox,14631312,14634864,12831904,12834048
ovl_Bg_Umajump,14634864,14635264,12834048,12834352
ovl_En_Insect,14635264,14644768,12834352,12839712
ovl_En_Butte,14644768,14650352,12839712,12843120
ovl_En_Fish,14650352,14658816,12843120,12847664
ovl_Bg_Spot08_Iceblock,14658816,14662976,12847664,12850096
ovl_Item_Etcetera,14662976,14665232,12850096,12851488
ovl_Arrow_Fire,14665232,14673136,12851488,12857584
ovl_Arrow_Ice,14673136,14681072,12857584,12863136
ovl_Arrow_Light,14681072,14689024,12863136,12868816
ovl_Obj_Kibako,14689024,14692352,12868816,12870720
ovl_Obj_Tsubo,14692352,14696432,12870720,12873168
ovl_En_Wonder_Item,14696432,14699584,12873168,12875040
ovl_En_Ik,14699584,14717584,12875040,12883936
ovl_Demo_Ik,14717584,14722976,12883936,12886736
ovl_En_Skj,14722976,14737632,12886736,12894432
ovl_En_Skjneedle,14737632,14738416,12894432,12895008
ovl_En_G_Switch,14738416,14744592,12895008,12899024
ovl_Demo_Ext,14744592,14746976,12899024,12900560
ovl_Demo_Shd,14746976,14756208,12900560,12906032
ovl_En_Dns,14756208,14761216,12906032,12908800
ovl_Elf_Msg,14761216,14762736,12908800,12909744
ovl_En_Honotrap,14762736,14768208,12909744,12913184
ovl_En_Tubo_Trap,14768208,14771440,12913184,12915136
ovl_Obj_Ice_Poly,14771440,14773920,12915136,12916816
ovl_Bg_Spot03_Taki,14773920,14776256,12916816,12918272
ovl_Bg_Spot07_Taki,14776256,14777776,12918272,12919232
ovl_En_Fz,14777776,14785984,12919232,12924128
ovl_En_Po_Relay,14785984,14791888,12924128,12927904
ovl_Bg_Relay_Objects,14791888,14793856,12927904,12929200
ovl_En_Diving_Game,14793856,14800432,12929200,12933120
ovl_En_Kusa,14800432,14805776,12933120,12936416
ovl_Obj_Bean,14805776,14815904,12936416,12941824
ovl_Obj_Bombiwa,14815904,14817296,12941824,12942832
ovl_Obj_Switch,14817296,14824944,12942832,12946928
ovl_Obj_Elevator,14824944,14825904,12946928,12947568
ovl_Obj_Lift,14825904,14828496,12947568,12949328
ovl_Obj_Hsblock,14828496,14829984,12949328,12950320
ovl_En_Okarina_Tag,14829984,14835360,12950320,12952944
ovl_En_Yabusame_Mark,14835360,14837104,12952944,12954064
ovl_En_Goroiwa,14837104,14846256,12954064,12959568
ovl_En_Ex_Ruppy,14846256,14850544,12959568,12962288
ovl_En_Toryo,14850544,14853760,12962288,12964256
ovl_En_Daiku,14853760,14859712,12964256,12968128
ovl_En_Nwc,14859712,14862304,12968128,12969952
ovl_En_Blkobj,14862304,14863680,12969952,12970912
ovl_Item_Inbox,14863680,14864032,12970912,12971152
ovl_En_Ge1,14864032,14872272,12971152,12975552
ovl_Obj_Blockstop,14872272,14872688,12975552,12975872
ovl_En_Sda,14872688,14878368,12975872,12979104
ovl_En_Clear_Tag,14878368,14914064,12979104,12994336
ovl_En_Niw_Lady,14914064,14920464,12994336,12998192
ovl_En_Gm,14920464,14923840,12998192,13000368
ovl_En_Ms,14923840,14925616,13000368,13001584
ovl_En_Hs,14925616,14928592,13001584,13003360
ovl_Bg_Ingate,14928592,14929504,13003360,13004016
ovl_En_Kanban,14929504,14942128,13004016,13010528
ovl_En_Heishi3,14942128,14944640,13010528,13012064
ovl_En_Syateki_Niw,14944640,14952976,13012064,13017184
ovl_En_Attack_Niw,14952976,14957680,13017184,13020064
ovl_Bg_Spot01_Idosoko,14957680,14958208,13020064,13020448
ovl_En_Sa,14958208,14967024,13020448,13025248
ovl_En_Wonder_Talk,14967024,14968704,13025248,13026384
ovl_Bg_Gjyo_Bridge,14968704,14969968,13026384,13027296
ovl_En_Ds,14969968,14973072,13027296,13029136
ovl_En_Mk,14973072,14976800,13029136,13031280
ovl_En_Bom_Bowl_Man,14976800,14982240,13031280,13034672
ovl_En_Bom_Bowl_Pit,14982240,14984656,13034672,13036240
ovl_En_Owl,14984656,14999920,13036240,13043680
ovl_En_Ishi,14999920,15037120,13043680,13047712
ovl_Obj_Hana,15037120,15037904,13047712,13048256
ovl_Obj_Lightswitch,15037904,15043072,13048256,13051248
ovl_Obj_Mure2,15043072,15045664,13051248,13052848
ovl_En_Go,15045664,15063648,13052848,13062496
ovl_En_Fu,15063648,15067040,13062496,13064720
ovl_En_Changer,15067040,15069568,13064720,13066272
ovl_Bg_Jya_Megami,15069568,15074160,13066272,13069472
ovl_Bg_Jya_Lift,15074160,15075520,13069472,13070400
ovl_Bg_Jya_Bigmirror,15075520,15077648,13070400,13071888
ovl_Bg_Jya_Bombchuiwa,15077648,15080528,13071888,13073728
ovl_Bg_Jya_Amishutter,15080528,15081440,13073728,13074240
ovl_Bg_Jya_Bombiwa,15081440,15082912,13074240,13075280
ovl_Bg_Spot18_Basket,15082912,15086992,13075280,13077856
ovl_En_Ganon_Organ,15086992,15115728,13077856,13089952
ovl_En_Siofuki,15115728,15119232,13089952,13092144
ovl_En_Stream,15119232,15120656,13092144,13093152
ovl_En_Mm,15120656,15126384,13093152,13096816
ovl_En_Ko,15126384,15143088,13096816,13104880
ovl_En_Kz,15143088,15148624,13104880,13108352
ovl_En_Weather_Tag,15148624,15152448,13108352,13109920
ovl_Bg_Sst_Floor,15152448,15153824,13109920,13110960
ovl_En_Ani,15153824,15157264,13110960,13113024
ovl_En_Ex_Item,15157264,15161744,13113024,13115680
ovl_Bg_Jya_Ironobj,15161744,15165248,13115680,13117712
ovl_En_Js,15165248,15167760,13117712,13119232
ovl_En_Jsjutan,15167760,15187680,13119232,13125600
ovl_En_Cs,15187680,15192336,13125600,13128576
ovl_En_Md,15192336,15202176,13128576,13133536
ovl_En_Hy,15202176,15216832,13133536,13141296
ovl_En_Ganon_Mant,15216832,15233776,13141296,13147648
ovl_En_Okarina_Effect,15233776,15234736,13147648,13148288
ovl_En_Mag,15234736,15247088,13148288,13153840
ovl_Door_Gerudo,15247088,15248608,13153840,13154912
ovl_Elf_Msg2,15248608,15249744,13154912,13155552
ovl_Demo_Gt,15249744,15271776,13155552,13164960
ovl_En_Po_Field,15271776,15286624,13164960,13173712
ovl_Efc_Erupc,15286624,15289424,13173712,13175616
ovl_Bg_Zg,15289424,15290528,13175616,13176352
ovl_En_Heishi4,15290528,15294368,13176352,13178640
ovl_En_Zl3,15294368,15326704,13178640,13192384
ovl_Boss_Ganon2,15326704,15397184,13192384,13229184
ovl_En_Kakasi,15397184,15400576,13229184,13231360
ovl_En_Takara_Man,15400576,15402816,13231360,13232928
ovl_Obj_Makeoshihiki,15402816,15403984,13232928,13233744
ovl_Oceff_Spot,15403984,15407872,13233744,13236672
ovl_End_Title,15407872,15430976,13236672,13244016
ovl_En_Torch,15430976,15431216,13244016,13244224
ovl_Demo_Ec,15431216,15445648,13244224,13249072
ovl_Shot_Sun,15445648,15447376,13249072,13250288
ovl_En_Dy_Extra,15447376,15448816,13250288,13251328
ovl_En_Wonder_Talk2,15448816,15450512,13251328,13252512
ovl_En_Ge2,15450512,15457072,13252512,13256336
ovl_Obj_Roomtimer,15457072,15457664,13256336,13256784
ovl_En_Ssh,15457664,15467376,13256784,13262496
ovl_En_Sth,15467376,15483952,13262496,13272384
ovl_Oceff_Wipe,15483952,15487408,13272384,13275040
ovl_Effect_Ss_Dust,15487408,15489520,13275040,13276464
ovl_Effect_Ss_KiraKira,15489520,15491168,13276464,13277648
ovl_Effect_Ss_Bomb,15491168,15492240,13277648,13278464
ovl_Effect_Ss_Bomb2,15492240,15494544,13278464,13279888
ovl_Effect_Ss_Blast,15494544,15495456,13279888,13280608
ovl_Effect_Ss_G_Spk,15495456,15496912,13280608,13281680
ovl_Effect_Ss_D_Fire,15496912,15498176,13281680,13282656
ovl_Effect_Ss_Bubble,15498176,15499328,13282656,13283504
ovl_Effect_Ss_G_Ripple,15499328,15500704,13283504,13284528
ovl_Effect_Ss_G_Splash,15500704,15501904,13284528,13285312
ovl_Effect_Ss_G_Magma,15501904,15502512,13285312,13285792
ovl_Effect_Ss_G_Fire,15502512,15503168,13285792,13286288
ovl_Effect_Ss_Lightning,15503168,15504912,13286288,13287616
ovl_Effect_Ss_Dt_Bubble,15504912,15506336,13287616,13288640
ovl_Effect_Ss_Hahen,15506336,15507936,13288640,13289696
ovl_Effect_Ss_Stick,15507936,15508864,13289696,13290384
ovl_Effect_Ss_Sibuki,15508864,15510608,13290384,13291648
ovl_Effect_Ss_Sibuki2,15510608,15511424,13291648,13292288
ovl_Effect_Ss_G_Magma2,15511424,15512720,13292288,13293280
ovl_Effect_Ss_Stone1,15512720,15513616,13293280,13293968
ovl_Effect_Ss_HitMark,15513616,15514976,13293968,13294944
ovl_Effect_Ss_Fhg_Flash,15514976,15518944,13294944,13297120
ovl_Effect_Ss_K_Fire,15518944,15520032,13297120,13297968
ovl_Effect_Ss_Solder_Srch_Ball,15520032,15520464,13297968,13298320
ovl_Effect_Ss_Kakera,15520464,15524704,13298320,13300928
ovl_Effect_Ss_Ice_Piece,15524704,15525792,13300928,13301776
ovl_Effect_Ss_En_Ice,15525792,15528032,13301776,13303392
ovl_Effect_Ss_Fire_Tail,15528032,15529824,13303392,13304720
ovl_Effect_Ss_En_Fire,15529824,15531696,13304720,13306096
ovl_Effect_Ss_Extra,15531696,15532656,13306096,13306848
ovl_Effect_Ss_Fcircle,15532656,15533856,13306848,13307776
ovl_Effect_Ss_Dead_Db,15533856,15535104,13307776,13308768
ovl_Effect_Ss_Dead_Dd,15535104,15536528,13308768,13309824
ovl_Effect_Ss_Dead_Ds,15536528,15537680,13309824,13310704
ovl_Effect_Ss_Dead_Sound,15537680,15538000,13310704,13310976
ovl_Oceff_Storm,15538000,15545088,13310976,13317024
ovl_En_Weiyer,15545088,15551744,13317024,13320784
ovl_Bg_Spot05_Soko,15551744,15552544,13320784,13321344
ovl_Bg_Jya_1flift,15552544,15554224,13321344,13322416
ovl_Bg_Jya_Haheniron,15554224,15556256,13322416,13323792
ovl_Bg_Spot12_Gate,15556256,15557296,13323792,13324480
ovl_Bg_Spot12_Saku,15557296,15558512,13324480,13325296
ovl_En_Hintnuts,15558512,15565216,13325296,13329120
ovl_En_Nutsball,15565216,15566784,13329120,13330272
ovl_Bg_Spot00_Break,15566784,15567200,13330272,13330592
ovl_En_Shopnuts,15567200,15571056,13330592,13332848
ovl_En_It,15571056,15571456,13332848,13333120
ovl_En_GeldB,15571456,15592880,13333120,13344160
ovl_Oceff_Wipe2,15592880,15598880,13344160,13347296
ovl_Oceff_Wipe3,15598880,15604848,13347296,13351456
ovl_En_Niw_Girl,15604848,15607616,13351456,13353424
ovl_En_Dog,15607616,15612144,13353424,13356112
ovl_En_Si,15612144,15613424,13356112,13356992
ovl_Bg_Spot01_Objects2,15613424,15614640,13356992,13357872
ovl_Obj_Comb,15614640,15616784,13357872,13359424
ovl_Bg_Spot11_Bakudankabe,15616784,15618384,13359424,13360560
ovl_Obj_Kibako2,15618384,15620112,13360560,13361760
ovl_En_Dnt_Demo,15620112,15623472,13361760,13363984
ovl_En_Dnt_Jiji,15623472,15628880,13363984,13366768
ovl_En_Dnt_Nomal,15628880,15640656,13366768,13372816
ovl_En_Guest,15640656,15643120,13372816,13374528
ovl_Bg_Bom_Guard,15643120,15643664,13374528,13374960
ovl_En_Hs2,15643664,15645168,13374960,13375984
ovl_Demo_Kekkai,15645168,15650016,13375984,13379120
ovl_Bg_Spot08_Bakudankabe,15650016,15651712,13379120,13380320
ovl_Bg_Spot17_Bakudankabe,15651712,15653488,13380320,13381568
ovl_Obj_Mure3,15653488,15655488,13381568,13382896
ovl_En_Tg,15655488,15657248,13382896,13384096
ovl_En_Mu,15657248,15659584,13384096,13385728
ovl_En_Go2,15659584,15684224,13385728,13399136
ovl_En_Wf,15684224,15701392,13399136,13408240
ovl_En_Skb,15701392,15707776,13408240,13412128
ovl_Demo_Gj,15707776,15723312,13412128,13418144
ovl_Demo_Geff,15723312,15725392,13418144,13419392
ovl_Bg_Gnd_Firemeiro,15725392,15726752,13419392,13420320
ovl_Bg_Gnd_Darkmeiro,15726752,15728736,13420320,13421568
ovl_Bg_Gnd_Soulmeiro,15728736,15730880,13421568,13423056
ovl_Bg_Gnd_Nisekabe,15730880,15731248,13423056,13423344
ovl_Bg_Gnd_Iceblock,15731248,15735584,13423344,13425664
ovl_Bg_Ydan_Sp,15735584,15741504,13425664,13429328
ovl_En_Gb,15741504,15747440,13429328,13433056
ovl_En_Gs,15747440,15755232,13433056,13437904
ovl_Bg_Mizu_Bwall,15755232,15760560,13437904,13440896
ovl_Bg_Mizu_Shutter,15760560,15762608,13440896,13442224
ovl_En_Daiku_Kakariko,15762608,15767664,13442224,13445440
ovl_Bg_Bowl_Wall,15767664,15770096,13445440,13447168
ovl_En_Wall_Tubo,15770096,15771360,13447168,13448048
ovl_En_Po_Desert,15771360,15774880,13448048,13450448
ovl_En_Crow,15774880,15780672,13450448,13454080
ovl_Door_Killer,15780672,15786160,13454080,13457600
ovl_Bg_Spot11_Oasis,15786160,15788000,13457600,13458912
ovl_Bg_Spot18_Futa,15788000,15788416,13458912,13459232
ovl_Bg_Spot18_Shutter,15788416,15789776,13459232,13460128
ovl_En_Ma3,15789776,15793792,13460128,13462688
ovl_En_Cow,15793792,15799008,13462688,13465552
ovl_Bg_Ice_Turara,15799008,15801104,13465552,13466992
ovl_Bg_Ice_Shutter,15801104,15802240,13466992,13467712
ovl_En_Kakasi2,15802240,15804064,13467712,13468896
ovl_En_Kakasi3,15804064,15808384,13468896,13471552
ovl_Oceff_Wipe4,15808384,15812448,13471552,13474160
ovl_En_Eg,15812448,15812880,13474160,13474480
ovl_Bg_Menkuri_Nisekabe,15812880,15813216,13474480,13474736
ovl_En_Zo,15813216,15822880,13474736,13480352
ovl_Effect_Ss_Ice_Smoke,15822880,15824128,13480352,13481264
ovl_Obj_Makekinsuta,15824128,15824464,13481264,13481552
ovl_En_Ge3,15824464,15827600,13481552,13483488
ovl_Obj_Timeblock,15827600,15830752,13483488,13485424
ovl_Obj_Hamishi,15830752,15832880,13485424,13486912
ovl_En_Zl4,15832880,15851872,13486912,13495088
ovl_En_Mm2,15851872,15855392,13495088,13497328
ovl_Bg_Jya_Block,15855392,15856016,13497328,13497840
ovl_Obj_Warp2block,15856016,15858880,13497840,13499728
gameplay_keep,15859712,16235744,13499728,13673344
gameplay_field_keep,16236544,16290608,13673344,13706448
gameplay_dangeon_keep,16293888,16390896,13706448,13759952
gameplay_object_exchange_static,16392192,16392208,13759952,13759968
object_link_boy,16396288,16623616,13759968,13844416
object_link_child,16625664,16809856,13844416,13916416
object_box,16809984,16834560,13916416,13927712
object_human,16834560,16912768,13927712,13953232
object_okuta,16916480,16931968,13953232,13960096
object_poh,16932864,16953568,13960096,13971968
object_wallmaster,16957440,16998512,13971968,13994416
object_dy_obj,17002496,17122608,13994416,14060080
object_firefly,17125376,17131712,14060080,14063376
object_dodongo,17133568,17172800,14063376,14086976
object_fire,17174528,17191072,14086976,14092816
object_niw,17195008,17204544,14092816,14097072
object_tite,17207296,17222192,14097072,14106144
object_reeba,17223680,17231600,14106144,14110704
object_peehat,17231872,17239184,14110704,14113888
object_kingdodongo,17240064,17434848,14113888,14223520
object_horse,17436672,17493776,14223520,14261952
object_zf,17494016,17585056,14261952,14316448
object_goma,17588224,17711616,14316448,14396880
object_zl1,17715200,17798080,14396880,14435536
object_gol,17801216,17818144,14435536,14445424
object_bubble,17821696,17825984,14445424,14446992
object_dodojr,17829888,17838320,14446992,14452464
object_torch2,17842176,17860464,14452464,14459520
object_bl,17862656,17885264,14459520,14467488
object_tp,17887232,17894640,14467488,14471936
object_oA1,17895424,17913616,14471936,14480208
object_st,17915904,17939376,14480208,14490928
object_bw,17940480,17949280,14490928,14495696
object_ei,17952768,17966112,14495696,14502448
object_horse_normal,17969152,18010048,14502448,14531792
object_oB1,18010112,18036400,14531792,14541584
object_o_anime,18038784,18047312,14541584,14547888
object_spot04_objects,18051072,18056896,14547888,14550608
object_ddan_objects,18059264,18093920,14550608,14569968
object_hidan_objects,18096128,18193696,14569968,14612048
object_horse_ganon,18194432,18243728,14612048,14642128
object_oA2,18247680,18269904,14642128,14646640
object_spot00_objects,18272256,18279440,14646640,14649072
object_mb,18280448,18362784,14649072,14698944
object_bombf,18366464,18373120,14698944,14702368
object_sk2,18374656,18434048,14702368,14742944
object_oE1,18436096,18462736,14742944,14754144
object_oE_anime,18464768,18485344,14754144,14771280
object_oE2,18489344,18512496,14771280,14781088
object_ydan_objects,18513920,18550912,14781088,14805872
object_gnd,18554880,18632704,14805872,14859056
object_am,18632704,18656080,14859056,14869872
object_dekubaba,18657280,18672064,14869872,14878816
object_oA3,18673664,18682160,14878816,14882896
object_oA4,18685952,18691888,14882896,14885296
object_oA5,18694144,18699952,14885296,14887632
object_oA6,18702336,18708992,14887632,14890288
object_oA7,18710528,18715984,14890288,14892512
object_jj,18718720,18766528,14892512,14917232
object_oA8,18767872,18773936,14917232,14919520
object_oA9,18776064,18777376,14919520,14920368
object_oB2,18780160,18796768,14920368,14927728
object_oB3,18800640,18818192,14927728,14935392
object_oB4,18821120,18827376,14935392,14937936
object_horse_zelda,18829312,18858336,14937936,14954176
object_opening_demo1,18862080,18882656,14954176,14970432
object_warp1,18886656,18898096,14970432,14977904
object_b_heart,18898944,18900544,14977904,14978976
object_dekunuts,18903040,18916960,14978976,14986224
object_oE3,18919424,18948384,14986224,14998304
object_oE4,18952192,18972624,14998304,15006784
object_menkuri_objects,18972672,19008272,15006784,15027936
object_oE5,19009536,19031488,15027936,15037632
object_oE6,19034112,19045968,15037632,15043216
object_oE7,19046400,19057248,15043216,15049008
object_oE8,19058688,19071952,15049008,15055024
object_oE9,19075072,19087120,15055024,15059696
object_oE10,19087360,19098064,15059696,15064864
object_oE11,19099648,19112432,15064864,15070080
object_oE12,19116032,19130304,15070080,15076512
object_vali,19132416,19150928,15076512,15085248
object_oA10,19152896,19164848,15085248,15090208
object_oA11,19165184,19170752,15090208,15092704
object_mizu_objects,19173376,19219232,15092704,15116144
object_fhg,19222528,19291616,15116144,15155696
object_ossan,19292160,19331920,15155696,15171120
object_mori_hineri1,19333120,19354864,15171120,15178048
object_Bb,19357696,19364416,15178048,15181424
object_toki_objects,19365888,19399760,15181424,15194976
object_yukabyun,19402752,19408112,15194976,15197232
object_zl2,19410944,19479936,15197232,15224640
object_mjin,19480576,19485328,15224640,15226880
object_mjin_flash,19488768,19492864,15226880,15229040
object_mjin_dark,19492864,19496960,15229040,15231712
object_mjin_flame,19496960,19501056,15231712,15234016
object_mjin_ice,19501056,19505152,15234016,15236672
object_mjin_soul,19505152,19509248,15236672,15239376
object_mjin_wind,19509248,19513344,15239376,15242032
object_mjin_oka,19513344,19520352,15242032,15246480
object_haka_objects,19521536,19642032,15246480,15297408
object_spot06_objects,19644416,19656096,15297408,15304560
object_ice_objects,19656704,19692880,15304560,15327504
object_relay_objects,19693568,19707440,15327504,15335680
object_mori_hineri1a,19709952,19723456,15335680,15339856
object_mori_hineri2,19726336,19743744,15339856,15345472
object_mori_hineri2a,19746816,19771568,15345472,15353504
object_mori_objects,19775488,19810832,15353504,15367296
object_mori_tex,19812352,19852800,15367296,15386496
object_spot08_obj,19853312,19875328,15386496,15396864
object_warp2,19877888,19877904,15396864,15396880
object_hata,19881984,19894240,15396880,15402160
object_bird,19894272,19902880,15402160,15407280
object_wood02,19906560,19941328,15407280,15425024
object_lightbox,19943424,19951424,15425024,15427056
object_pu_box,19951616,19957248,15427056,15429344
object_trap,19959808,19968992,15429344,15435600
object_vase,19972096,19977616,15435600,15439248
object_im,19980288,20054576,15439248,15471264
object_ta,20058112,20116464,15471264,15500432
object_tk,20119552,20168272,15500432,15526848
object_xc,20168704,20286240,15526848,15599424
object_vm,20287488,20303728,15599424,15606864
object_bv,20303872,20426160,15606864,15657184
object_hakach_objects,20426752,20454128,15657184,15674240
object_efc_crystal_light,20455424,20458144,15674240,15676512
object_efc_fire_ball,20459520,20462848,15676512,15679392
object_efc_flash,20463616,20463632,15679392,15679408
object_efc_lgt_shower,20467712,20472528,15679408,15682752
object_efc_star_field,20475904,20482000,15682752,15686304
object_god_lgt,20484096,20501328,15686304,15696432
object_light_ring,20504576,20509312,15696432,15697632
object_triforce_spot,20512768,20523280,15697632,15704032
object_medal,20525056,20545856,15704032,15710240
object_bdan_objects,20549632,20602128,15710240,15738784
object_sd,20602880,20653792,15738784,15761728
object_rd,20656128,20717552,15761728,15795344
object_po_sisters,20717568,20775872,15795344,15824144
object_heavy_object,20779008,20785888,15824144,15826944
object_gndd,20787200,20859392,15826944,15860800
object_fd,20860928,20927088,15860800,15890064
object_du,20930560,21005872,15890064,15931856
object_fw,21008384,21040608,15931856,15950400
object_horse_link_child,21041152,21076768,15950400,15972064
object_spot02_objects,21078016,21169696,15972064,16016128
object_haka,21172224,21177440,16016128,16019776
object_ru1,21180416,21260928,16019776,16071280
object_syokudai,21262336,21277840,16071280,16078832
object_fd2,21278720,21351056,16078832,16120720
object_dh,21352448,21389504,16120720,16145840
object_rl,21393408,21424976,16145840,16159648
object_efc_tw,21426176,21431024,16159648,16164192
object_demo_tre_lgt,21434368,21434384,16164192,16164208
object_gi_key,21438464,21441056,16164208,16165280
object_mir_ray,21442560,21449984,16165280,16166512
object_brob,21450752,21457568,16166512,16169536
object_gi_jewel,21458944,21472896,16169536,16176912
object_spot09_obj,21475328,21575824,16176912,16222752
object_spot18_obj,21577728,21629456,16222752,16248816
object_bdoor,21630976,21661120,16248816,16262992
object_spot17_obj,21663744,21669936,16262992,16267104
object_shop_dungen,21671936,21686816,16267104,16274880
object_nb,21688320,21787104,16274880,16330432
object_mo,21790720,21822576,16330432,16345296
object_sb,21823488,21834912,16345296,16350192
object_gi_melody,21835776,21839136,16350192,16351488
object_gi_heart,21839872,21840368,16351488,16351824
object_gi_compass,21843968,21847312,16351824,16353232
object_gi_bosskey,21848064,21852176,16353232,16354880
object_gi_medal,21856256,21877616,16354880,16360448
object_gi_nuts,21880832,21885376,16360448,16363040
object_sa,21889024,21975600,16363040,16414400
object_gi_hearts,21979136,21985200,16414400,16416576
object_gi_arrowcase,21987328,21990576,16416576,16418032
object_gi_bombpouch,21991424,21995104,16418032,16419456
object_in,21995520,22096976,16419456,16468624
object_tr,22097920,22175280,16468624,16503504
object_spot16_obj,22175744,22181120,16503504,16507056
object_oE1s,22183936,22209888,16507056,16518240
object_oE4s,22212608,22232576,16518240,16526624
object_os_anime,22233088,22275648,16526624,16557600
object_gi_bottle,22278144,22280432,16557600,16558704
object_gi_stick,22282240,22283968,16558704,16559808
object_gi_map,22286336,22290784,16559808,16562704
object_oF1d_map,22294528,22361504,16562704,16598416
object_ru2,22364160,22427856,16598416,16628576
object_gi_shield_1,22429696,22433104,16628576,16630992
object_dekujr,22433792,22447376,16630992,16637216
object_gi_magicpot,22450176,22454736,16637216,16639088
object_gi_bomb_1,22458368,22461616,16639088,16640400
object_oF1s,22462464,22497440,16640400,16655392
object_ma2,22499328,22540016,16655392,16675616
object_gi_purse,22540288,22547312,16675616,16681344
object_hni,22548480,22593392,16681344,16712736
object_tw,22593536,22830000,16712736,16838304
object_rr,22831104,22834688,16838304,16840528
object_bxa,22835200,22846448,16840528,16847344
object_anubice,22847488,22862240,16847344,16855120
object_gi_gerudo,22863872,22868800,16855120,16857904
object_gi_arrow,22872064,22878992,16857904,16860320
object_gi_bomb_2,22880256,22881952,16860320,16861360
object_gi_egg,22884352,22889248,16861360,16863424
object_gi_scale,22892544,22896112,16863424,16865024
object_gi_shield_2,22896640,22900848,16865024,16867136
object_gi_hookshot,22904832,22910304,16867136,16869648
object_gi_ocarina,22913024,22916016,16869648,16871232
object_gi_milk,22917120,22922352,16871232,16873296
object_ma1,22925312,22961536,16873296,16889472
object_ganon,22962176,23027968,16889472,16914000
object_sst,23031808,23136176,16914000,16945360
object_ny,23138304,23146864,16945360,16948688
object_fr,23150592,23196848,16948688,16964496
object_gi_pachinko,23199744,23202912,16964496,16966096
object_gi_boomerang,23203840,23207328,16966096,16967840
object_gi_bow,23207936,23211312,16967840,16969648
object_gi_glasses,23212032,23216512,16969648,16971440
object_gi_liquid,23220224,23226576,16971440,16973792
object_ani,23228416,23258880,16973792,16987248
object_demo_6k,23261184,23276448,16987248,16995792
object_gi_shield_3,23277568,23282368,16995792,16997440
object_gi_letter,23285760,23289344,16997440,16999280
object_spot15_obj,23289856,23297280,16999280,17002704
object_jya_obj,23298048,23413056,17002704,17046128
object_gi_clothes,23416832,23423072,17046128,17049264
object_gi_bean,23425024,23427264,17049264,17050528
object_gi_fish,23429120,23431504,17050528,17051792
object_gi_saw,23433216,23436160,17051792,17053280
object_gi_hammer,23437312,23440576,17053280,17054768
object_gi_grass,23441408,23444496,17054768,17056480
object_gi_longsword,23445504,23447744,17056480,17057744
object_spot01_objects,23449600,23458960,17057744,17063792
object_md,23461888,23503184,17063792,17084528
object_km1,23506944,23529920,17084528,17093280
object_kw1,23531520,23558368,17093280,17103392
object_zo,23560192,23609408,17103392,17125280
object_kz,23613440,23647968,17125280,17138736
object_umajump,23650304,23655536,17138736,17141216
object_masterkokiri,23658496,23659712,17141216,17142256
object_masterkokirihead,23662592,23674016,17142256,17146800
object_mastergolon,23674880,23675152,17146800,17146992
object_masterzoora,23678976,23680928,17146992,17148832
object_aob,23683072,23705264,17148832,17156208
object_ik,23707648,23840208,17156208,17238368
object_ahg,23842816,23865776,17238368,17248384
object_cne,23867392,23878096,17248384,17252336
object_gi_niwatori,23879680,23886320,17252336,17256064
object_skj,23887872,23924272,17256064,17278720
object_gi_bottle_letter,23924736,23927936,17278720,17280384
object_bji,23928832,23945616,17280384,17287168
object_bba,23949312,23966352,17287168,17293760
object_gi_ocarina_0,23969792,23972880,17293760,17295488
object_ds,23973888,23992192,17295488,17304912
object_ane,23994368,24022960,17304912,17315424
object_boj,24023040,24046784,17315424,17325776
object_spot03_object,24047616,24053344,17325776,17328720
object_spot07_object,24055808,24083760,17328720,17343152
object_fz,24084480,24098000,17343152,17347184
object_bob,24100864,24121120,17347184,17353904
object_ge1,24121344,24163504,17353904,17370688
object_yabusame_point,24166400,24170064,17370688,17371888
object_gi_boots_2,24170496,24177600,17371888,17375168
object_gi_seed,24178688,24181440,17375168,17376736
object_gnd_magic,24182784,24187520,17376736,17380656
object_d_elevator,24190976,24195984,17380656,17384768
object_d_hsblock,24199168,24205152,17384768,17388976
object_d_lift,24207360,24213504,17388976,17393920
object_mamenoki,24215552,24225504,17393920,17400912
object_goroiwa,24227840,24234144,17400912,17403920
object_toryo,24236032,24265056,17403920,17416224
object_daiku,24268800,24303728,17416224,17433760
object_nwc,24305664,24309152,17433760,17436144
object_blkobj,24309760,24389776,17436144,17476224
object_gm,24391680,24392400,17476224,17476768
object_ms,24395776,24411600,17476768,17484208
object_hs,24412160,24437360,17484208,17495744
object_ingate,24440832,24445424,17495744,17497248
object_lightswitch,24449024,24458272,17497248,17501872
object_kusa,24461312,24462208,17501872,17502384
object_tsubo,24465408,24472048,17502384,17507232
object_gi_gloves,24473600,24480096,17507232,17510016
object_gi_coin,24481792,24483920,17510016,17510992
object_kanban,24485888,24491952,17510992,17512496
object_gjyo_objects,24494080,24499696,17512496,17515408
object_owl,24502272,24568000,17515408,17542448
object_mk,24571904,24595968,17542448,17552816
object_fu,24596480,24624288,17552816,17565472
object_gi_ki_tan_mask,24625152,24628720,17565472,17567232
object_gi_redead_mask,24629248,24631952,17567232,17568384
object_gi_skj_mask,24633344,24636640,17568384,17570064
object_gi_rabit_mask,24637440,24641280,17570064,17571808
object_gi_truth_mask,24641536,24647776,17571808,17574624
object_ganon_objects,24649728,24654192,17574624,17576624
object_siofuki,24657920,24661424,17576624,17578096
object_stream,24662016,24664704,17578096,17579344
object_mm,24666112,24698992,17579344,17595360
object_fa,24702976,24718224,17595360,17600896
object_os,24719360,24737392,17600896,17609936
object_gi_eye_lotion,24739840,24742256,17609936,17611088
object_gi_powder,24743936,24746880,17611088,17612592
object_gi_mushroom,24748032,24751312,17612592,17613952
object_gi_ticketstone,24752128,24756896,17613952,17616528
object_gi_brokensword,24760320,24762768,17616528,17617744
object_js,24764416,24788784,17617744,17628816
object_cs,24788992,24823120,17628816,17643696
object_gi_prescription,24825856,24828960,17643696,17644832
object_gi_bracelet,24829952,24833008,17644832,17646144
object_gi_soldout,24834048,24835280,17646144,17646672
object_gi_frog,24838144,24842512,17646672,17648800
object_mag,24846336,24976448,17648800,17686736
object_door_gerudo,24977408,24979872,17686736,17687680
object_gt,24981504,25060848,17687680,17725584
object_efc_erupc,25063424,25073904,17725584,17730944
object_zl2_anime1,25075712,25122320,17730944,17761184
object_zl2_anime2,25124864,25168608,17761184,17792608
object_gi_golonmask,25169920,25175984,17792608,17796096
object_gi_zoramask,25178112,25183792,17796096,17799088
object_gi_gerudomask,25186304,25191424,17799088,17802384
object_ganon2,25194496,25409520,17802384,17938128
object_ka,25411584,25438144,17938128,17946048
object_ts,25440256,25460720,17946048,17954768
object_zg,25460736,25465344,17954768,17955392
object_gi_hoverboots,25468928,25476720,17955392,17959312
object_gi_m_arrow,25477120,25480832,17959312,17960848
object_ds2,25481216,25498224,17960848,17968320
object_ec,25501696,25553200,17968320,18007360
object_fish,25554944,25642480,18007360,18046384
object_gi_sutaru,25645056,25646672,18046384,18047184
object_gi_goddess,25649152,25652304,18047184,18048384
object_ssh,25653248,25676800,18048384,18059632
object_bigokuta,25677824,25705424,18059632,18073616
object_bg,25706496,25735872,18073616,18086912
object_spot05_objects,25739264,25744112,18086912,18089824
object_spot12_obj,25747456,25756608,18089824,18094032
object_bombiwa,25759744,25762560,18094032,18096224
object_hintnuts,25763840,25776448,18096224,18103840
object_rs,25780224,25798784,18103840,18112384
object_spot00_break,25800704,25808416,18112384,18117216
object_gla,25808896,25849584,18117216,18139056
object_shopnuts,25849856,25867664,18139056,18149088
object_geldb,25870336,25917168,18149088,18175120
object_gr,25919488,25959568,18175120,18186272
object_dog,25960448,25989792,18186272,18198848
object_jya_iron,25993216,26003040,18198848,18202112
object_jya_door,26005504,26014336,18202112,18205264
object_spot01_objects2,26017792,26017808,18205264,18205280
object_spot11_obj,26021888,26028688,18205280,18209616
object_kibako2,26030080,26034368,18209616,18212608
object_dns,26038272,26052560,18212608,18220880
object_dnk,26054656,26066480,18220880,18227392
object_gi_fire,26066944,26071008,18227392,18229648
object_gi_insect,26071040,26074096,18229648,18231232
object_gi_butterfly,26075136,26078160,18231232,18232784
object_gi_ghost,26079232,26082736,18232784,18234960
object_gi_soul,26083328,26087344,18234960,18236768
object_bowl,26087424,26100976,18236768,18241536
object_po_field,26103808,26131008,18241536,18256432
object_demo_kekkai,26132480,26193168,18256432,18287904
object_efc_doughnut,26193920,26198096,18287904,18289856
object_gi_dekupouch,26202112,26206288,18289856,18292144
object_ganon_anime1,26210304,26258496,18292144,18333648
object_ganon_anime2,26259456,26326320,18333648,18382016
object_ganon_anime3,26329088,26413040,18382016,18443984
object_gi_rupy,26415104,26417152,18443984,18444880
object_spot01_matoya,26419200,26434704,18444880,18454736
object_spot01_matoyab,26435584,26444256,18454736,18459536
object_po_composer,26447872,26476448,18459536,18474656
object_mu,26476544,26521168,18474656,18494752
object_wf,26521600,26563840,18494752,18515504
object_skb,26566656,26585104,18515504,18527440
object_gj,26587136,26629920,18527440,18556480
object_geff,26632192,26636208,18556480,18559472
object_haka_door,26636288,26650992,18559472,18564336
object_gs,26652672,26655360,18564336,18566800
object_ps,26656768,26708224,18566800,18589408
object_bwall,26710016,26714448,18589408,18591904
object_crow,26718208,26722512,18591904,18593616
object_cow,26726400,26746544,18593616,18602944
object_cob,26746880,26755600,18602944,18605856
object_gi_sword_1,26759168,26762528,18605856,18607424
object_door_killer,26763264,26770400,18607424,18609040
object_ouke_haka,26771456,26773872,18609040,18610896
object_timeblock,26775552,26778464,18610896,18613152
object_zl4,26779648,26897952,18613152,18681264
g_pn_01,26898432,26905344,18681264,18682944
g_pn_02,26906624,26913536,18682944,18684352
g_pn_03,26914816,26921728,18684352,18685968
g_pn_04,26923008,26929920,18685968,18687632
g_pn_05,26931200,26938112,18687632,18689136
g_pn_06,26939392,26946304,18689136,18691344
g_pn_07,26947584,26954496,18691344,18693728
g_pn_08,26955776,26962688,18693728,18695856
g_pn_09,26963968,26970880,18695856,18697920
g_pn_10,26972160,26979072,18697920,18699552
g_pn_11,26980352,26987264,18699552,18701968
g_pn_12,26988544,26995456,18701968,18703536
g_pn_13,26996736,27003648,18703536,18705520
g_pn_14,27004928,27011840,18705520,18707152
g_pn_15,27013120,27020032,18707152,18708432
g_pn_16,27021312,27028224,18708432,18710000
g_pn_17,27029504,27036416,18710000,18711216
g_pn_18,27037696,27044608,18711216,18712720
g_pn_19,27045888,27052800,18712720,18714512
g_pn_20,27054080,27060992,18714512,18716224
g_pn_21,27062272,27069184,18716224,18717856
g_pn_22,27070464,27077376,18717856,18719728
g_pn_23,27078656,27085568,18719728,18721120
g_pn_24,27086848,27093760,18721120,18722288
g_pn_25,27095040,27101952,18722288,18724064
g_pn_26,27103232,27110144,18724064,18726320
g_pn_27,27111424,27118336,18726320,18728224
g_pn_28,27119616,27126528,18728224,18729680
g_pn_29,27127808,27134720,18729680,18730608
g_pn_30,27136000,27142912,18730608,18731744
g_pn_31,27144192,27151104,18731744,18733568
g_pn_32,27152384,27159296,18733568,18735216
g_pn_33,27160576,27167488,18735216,18736656
g_pn_34,27168768,27175680,18736656,18738224
g_pn_35,27176960,27183872,18738224,18740352
g_pn_36,27185152,27192064,18740352,18742208
g_pn_37,27193344,27200256,18742208,18743904
g_pn_38,27201536,27208448,18743904,18745776
g_pn_39,27209728,27216640,18745776,18747744
g_pn_40,27217920,27224832,18747744,18749728
g_pn_41,27226112,27233024,18749728,18751184
g_pn_42,27234304,27241216,18751184,18752992
g_pn_43,27242496,27249408,18752992,18754640
g_pn_44,27250688,27257600,18754640,18756384
g_pn_45,27258880,27265792,18756384,18758016
g_pn_46,27267072,27273984,18758016,18759120
g_pn_47,27275264,27282176,18759120,18761568
g_pn_48,27283456,27290368,18761568,18762560
g_pn_49,27291648,27298560,18762560,18764656
g_pn_50,27299840,27306752,18764656,18766288
g_pn_51,27308032,27314944,18766288,18767856
g_pn_52,27316224,27323136,18767856,18769472
g_pn_53,27324416,27331328,18769472,18771328
g_pn_54,27332608,27339520,18771328,18772512
g_pn_55,27340800,27347712,18772512,18774336
g_pn_56,27348992,27355904,18774336,18776192
g_pn_57,27357184,27364096,18776192,18776576
z_select_static,27365376,27374080,18776576,18778304
nintendo_rogo_static,27377664,27389376,18778304,18782784
title_static,27389952,27624896,18782784,18893488
parameter_static,27627520,27642880,18893488,18897152
vr_fine0_static,27643904,27693056,18897152,18905968
vr_fine0_pal_static,27693056,27693312,18905968,0
vr_fine1_static,27697152,27746304,18906224,18926304
vr_fine1_pal_static,27746304,27746560,18926304,0
vr_fine2_static,27750400,27799552,18926560,18943520
vr_fine2_pal_static,27799552,27799808,18943520,0
vr_fine3_static,27803648,27852800,18943776,18955968
vr_fine3_pal_static,27852800,27853056,18955968,0
vr_cloud0_static,27856896,27906048,18956224,18978928
vr_cloud0_pal_static,27906048,27906304,18978928,0
vr_cloud1_static,27910144,27959296,18979184,19002656
vr_cloud1_pal_static,27959296,27959552,19002656,0
vr_cloud2_static,27963392,28012544,19002912,19027040
vr_cloud2_pal_static,28012544,28012800,19027040,0
vr_cloud3_static,28016640,28065792,19027296,19044144
vr_cloud3_pal_static,28065792,28066048,19044144,0
vr_holy0_static,28069888,28135424,19044400,19061696
vr_holy0_pal_static,28135424,28135680,19061696,0
vr_holy1_static,28139520,28205056,19061952,19078432
vr_holy1_pal_static,28205056,28205312,19078432,0
vr_MDVR_static,28209152,28471296,19078688,19244096
vr_MDVR_pal_static,28471296,28473344,19244096,0
vr_MNVR_static,28475392,28737536,19246144,19384320
vr_MNVR_pal_static,28737536,28739584,19384320,0
vr_RUVR_static,28741632,29003776,19386368,19577232
vr_RUVR_pal_static,29003776,29005824,19577232,0
vr_LHVR_static,29007872,29270016,19579280,19782496
vr_LHVR_pal_static,29270016,29272064,19782496,0
vr_KHVR_static,29274112,29536256,19784544,19981040
vr_KHVR_pal_static,29536256,29538304,19981040,0
vr_K3VR_static,29540352,29736960,19983088,20132864
vr_K3VR_pal_static,29736960,29738496,20132864,0
vr_K4VR_static,29741056,29937664,20134400,20284960
vr_K4VR_pal_static,29937664,29939200,20284960,0
vr_K5VR_static,29941760,30138368,20286496,20437872
vr_K5VR_pal_static,30138368,30139904,20437872,0
vr_SP1a_static,30142464,30273536,20439408,20492096
vr_SP1a_pal_static,30273536,30274560,20492096,0
vr_MLVR_static,30277632,30539776,20493120,20687312
vr_MLVR_pal_static,30539776,30541824,20687312,0
vr_KKRVR_static,30543872,30806016,20689360,20818544
vr_KKRVR_pal_static,30806016,30808064,20818544,0
vr_KR3VR_static,30810112,31006720,20820592,20922928
vr_KR3VR_pal_static,31006720,31008256,20922928,0
vr_IPVR_static,31010816,31272960,20924464,21053584
vr_IPVR_pal_static,31272960,31275008,21053584,0
vr_KSVR_static,31277056,31408128,21055632,21138848
vr_KSVR_pal_static,31408128,31409152,21138848,0
vr_GLVR_static,31412224,31543296,21139872,21233360
vr_GLVR_pal_static,31543296,31544320,21233360,0
vr_ZRVR_static,31547392,31678464,21234384,21315392
vr_ZRVR_pal_static,31678464,31679488,21315392,0
vr_DGVR_static,31682560,31813632,21316416,21392176
vr_DGVR_pal_static,31813632,31814656,21392176,0
vr_ALVR_static,31817728,31948800,21393200,21479344
vr_ALVR_pal_static,31948800,31949824,21479344,0
vr_NSVR_static,31952896,32083968,21480368,21559232
vr_NSVR_pal_static,32083968,32084992,21559232,0
vr_LBVR_static,32088064,32350208,21560256,21719696
vr_LBVR_pal_static,32350208,32352256,21719696,0
vr_TTVR_static,32354304,32550912,21721744,21844224
vr_TTVR_pal_static,32550912,32552448,21844224,0
vr_FCVR_static,32555008,32686080,21845760,21914320
vr_FCVR_pal_static,32686080,32687104,21914320,0
elf_message_field,32690176,32690288,21915344,21915472
elf_message_ydan,32694272,32694288,21915472,21915488
ydan_scene,32698368,32754192,21915488,21943456
ydan_room_0,32755712,32842480,21943456,21989792
ydan_room_1,32845824,32862544,21989792,22001360
ydan_room_2,32866304,32890416,22001360,22016288
ydan_room_3,32890880,32973216,22016288,22064736
ydan_room_4,32976896,32996304,22064736,22077056
ydan_room_5,32997376,33030944,22077056,22097008
ydan_room_6,33034240,33054400,22097008,22110176
ydan_room_7,33054720,33089808,22110176,22134560
ydan_room_8,33091584,33094912,22134560,22136384
ydan_room_9,33095680,33134752,22136384,22163568
ydan_room_10,33136640,33156480,22163568,22175152
ydan_room_11,33157120,33186160,22175152,22190384
ddan_scene,33189888,33276224,22190384,22233008
ddan_room_0,33280000,33392800,22233008,22278800
ddan_room_1,33394688,33434368,22278800,22297376
ddan_room_2,33435648,33467808,22297376,22313024
ddan_room_3,33468416,33525184,22313024,22338320
ddan_room_4,33525760,33564752,22338320,22354880
ddan_room_5,33566720,33591008,22354880,22366240
ddan_room_6,33591296,33600512,22366240,22371392
ddan_room_7,33603584,33634000,22371392,22384016
ddan_room_8,33636352,33674240,22384016,22403584
ddan_room_9,33677312,33723728,22403584,22424816
ddan_room_10,33726464,33758800,22424816,22441152
ddan_room_11,33759232,33767552,22441152,22445488
ddan_room_12,33771520,33806128,22445488,22462528
ddan_room_13,33808384,33817728,22462528,22467744
ddan_room_14,33820672,33830032,22467744,22472928
ddan_room_15,33832960,33843280,22472928,22478704
ddan_room_16,33845248,33867088,22478704,22492432
bdan_scene,33869824,33957824,22492432,22540464
bdan_room_0,33959936,33976432,22540464,22548048
bdan_room_1,33980416,34004624,22548048,22556160
bdan_room_2,34004992,34042320,22556160,22574544
bdan_room_3,34045952,34074976,22574544,22590576
bdan_room_4,34078720,34095184,22590576,22597360
bdan_room_5,34099200,34123808,22597360,22610848
bdan_room_6,34127872,34144832,22610848,22617040
bdan_room_7,34148352,34161952,22617040,22623152
bdan_room_8,34164736,34179200,22623152,22627552
bdan_room_9,34181120,34196592,22627552,22632992
bdan_room_10,34197504,34211888,22632992,22637344
bdan_room_11,34213888,34228224,22637344,22641712
bdan_room_12,34230272,34245840,22641712,22647216
bdan_room_13,34246656,34257744,22647216,22654496
bdan_room_14,34258944,34284000,22654496,22667056
bdan_room_15,34287616,34297568,22667056,22670144
Bmori1_scene,34299904,34389904,22670144,22713120
Bmori1_room_0,34390016,34446272,22713120,22743712
Bmori1_room_1,34447360,34470752,22743712,22753808
Bmori1_room_2,34471936,34535984,22753808,22779008
Bmori1_room_3,34537472,34552336,22779008,22785168
Bmori1_room_4,34553856,34566832,22785168,22789552
Bmori1_room_5,34570240,34584032,22789552,22795600
Bmori1_room_6,34586624,34624704,22795600,22808256
Bmori1_room_7,34627584,34705408,22808256,22842192
Bmori1_room_8,34705408,34802544,22842192,22881728
Bmori1_room_9,34803712,34845072,22881728,22898656
Bmori1_room_10,34848768,34870240,22898656,22910512
Bmori1_room_11,34873344,34917328,22910512,22925312
Bmori1_room_12,34918400,34952160,22925312,22940672
Bmori1_room_13,34955264,34990768,22940672,22956288
Bmori1_room_14,34992128,35015600,22956288,22966336
Bmori1_room_15,35016704,35026576,22966336,22971840
Bmori1_room_16,35028992,35049376,22971840,22979888
Bmori1_room_17,35049472,35086672,22979888,22993168
Bmori1_room_18,35090432,35095360,22993168,22995360
Bmori1_room_19,35098624,35099920,22995360,22996064
Bmori1_room_20,35102720,35107584,22996064,22998928
Bmori1_room_21,35110912,35116928,22998928,23001584
Bmori1_room_22,35119104,35126752,23001584,23004512
HIDAN_scene,35127296,35236208,23004512,23057200
HIDAN_room_0,35237888,35267264,23057200,23068592
HIDAN_room_1,35270656,35322336,23068592,23089312
HIDAN_room_2,35323904,35389392,23089312,23112336
HIDAN_room_3,35389440,35398880,23112336,23116720
HIDAN_room_4,35401728,35432592,23116720,23128768
HIDAN_room_5,35434496,35476016,23128768,23142416
HIDAN_room_6,35479552,35508128,23142416,23155040
HIDAN_room_7,35508224,35523040,23155040,23161504
HIDAN_room_8,35524608,35564224,23161504,23178560
HIDAN_room_9,35565568,35600240,23178560,23191632
HIDAN_room_10,35602432,35701920,23191632,23224032
HIDAN_room_11,35704832,35719104,23224032,23230032
HIDAN_room_12,35721216,35732352,23230032,23234384
HIDAN_room_13,35733504,35785696,23234384,23250704
HIDAN_room_14,35786752,35795552,23250704,23254688
HIDAN_room_15,35799040,35803600,23254688,23256736
HIDAN_room_16,35807232,35854704,23256736,23276544
HIDAN_room_17,35856384,35893568,23276544,23290304
HIDAN_room_18,35897344,35912576,23290304,23297280
HIDAN_room_19,35913728,35930592,23297280,23304576
HIDAN_room_20,35934208,35962128,23304576,23316592
HIDAN_room_21,35962880,35996864,23316592,23332400
HIDAN_room_22,35999744,36027136,23332400,23344160
HIDAN_room_23,36028416,36056352,23344160,23356240
HIDAN_room_24,36057088,36078912,23356240,23364992
HIDAN_room_25,36081664,36109024,23364992,23377248
HIDAN_room_26,36110336,36137120,23377248,23387232
MIZUsin_scene,36139008,36228336,23387232,23426752
MIZUsin_room_0,36229120,36318336,23426752,23465104
MIZUsin_room_1,36319232,36360544,23465104,23482368
MIZUsin_room_2,36364288,36387728,23482368,23493968
MIZUsin_room_3,36388864,36415248,23493968,23506144
MIZUsin_room_4,36417536,36442080,23506144,23518352
MIZUsin_room_5,36442112,36484592,23518352,23540592
MIZUsin_room_6,36487168,36532928,23540592,23562832
MIZUsin_room_7,36536320,36558160,23562832,23573312
MIZUsin_room_8,36560896,36617424,23573312,23602192
MIZUsin_room_9,36618240,36650976,23602192,23617904
MIZUsin_room_10,36651008,36675504,23617904,23628656
MIZUsin_room_11,36675584,36694448,23628656,23637840
MIZUsin_room_12,36696064,36724112,23637840,23650048
MIZUsin_room_13,36724736,36727296,23650048,23651280
MIZUsin_room_14,36728832,36757088,23651280,23663872
MIZUsin_room_15,36757504,36787248,23663872,23678832
MIZUsin_room_16,36790272,36805328,23678832,23687168
MIZUsin_room_17,36806656,36842016,23687168,23701984
MIZUsin_room_18,36843520,36860096,23701984,23710736
MIZUsin_room_19,36864000,36878640,23710736,23719184
MIZUsin_room_20,36880384,36906816,23719184,23732704
MIZUsin_room_21,36909056,36938912,23732704,23746752
MIZUsin_room_22,36941824,36978928,23746752,23763152
jyasinzou_scene,36982784,37088064,23763152,23816800
jyasinzou_room_0,37089280,37158720,23816800,23845712
jyasinzou_room_1,37158912,37196544,23845712,23861056
jyasinzou_room_2,37199872,37223440,23861056,23870048
jyasinzou_room_3,37224448,37239632,23870048,23877712
jyasinzou_room_4,37240832,37270128,23877712,23892192
jyasinzou_room_5,37273600,37371712,23892192,23933840
jyasinzou_room_6,37371904,37390336,23933840,23940704
jyasinzou_room_7,37392384,37414160,23940704,23949216
jyasinzou_room_8,37416960,37449840,23949216,23962304
jyasinzou_room_9,37453824,37477872,23962304,23971472
jyasinzou_room_10,37478400,37511584,23971472,23984640
jyasinzou_room_11,37515264,37519376,23984640,23986832
jyasinzou_room_12,37523456,37531744,23986832,23991152
jyasinzou_room_13,37535744,37558352,23991152,24002832
jyasinzou_room_14,37560320,37579920,24002832,24010960
jyasinzou_room_15,37580800,37614704,24010960,24024320
jyasinzou_room_16,37617664,37642640,24024320,24034176
jyasinzou_room_17,37646336,37684752,24034176,24047968
jyasinzou_room_18,37687296,37711024,24047968,24057584
jyasinzou_room_19,37711872,37735904,24057584,24066720
jyasinzou_room_20,37736448,37769664,24066720,24079888
jyasinzou_room_21,37773312,37791312,24079888,24087840
jyasinzou_room_22,37793792,37806288,24087840,24093840
jyasinzou_room_23,37810176,37847440,24093840,24110032
jyasinzou_room_24,37851136,37876912,24110032,24120080
jyasinzou_room_25,37879808,37968752,24120080,24159312
jyasinzou_room_26,37969920,38021920,24159312,24182944
jyasinzou_room_27,38023168,38045376,24182944,24189216
jyasinzou_room_28,38047744,38083104,24189216,24204304
HAKAdan_scene,38084608,38183872,24204304,24252928
HAKAdan_room_0,38187008,38232256,24252928,24265856
HAKAdan_room_1,38236160,38243008,24265856,24269104
HAKAdan_room_2,38244352,38287632,24269104,24287696
HAKAdan_room_3,38289408,38299968,24287696,24293520
HAKAdan_room_4,38301696,38308928,24293520,24296880
HAKAdan_room_5,38309888,38333024,24296880,24306464
HAKAdan_room_6,38334464,38364528,24306464,24318144
HAKAdan_room_7,38367232,38374064,24318144,24321376
HAKAdan_room_8,38375424,38396000,24321376,24329856
HAKAdan_room_9,38400000,38452064,24329856,24350640
HAKAdan_room_10,38453248,38483872,24350640,24363456
HAKAdan_room_11,38486016,38501696,24363456,24371328
HAKAdan_room_12,38502400,38524704,24371328,24380912
HAKAdan_room_13,38526976,38530992,24380912,24383296
HAKAdan_room_14,38531072,38553920,24383296,24393088
HAKAdan_room_15,38555648,38584944,24393088,24403408
HAKAdan_room_16,38588416,38598784,24403408,24408176
HAKAdan_room_17,38600704,38612176,24408176,24413776
HAKAdan_room_18,38612992,38666880,24413776,24428624
HAKAdan_room_19,38670336,38681888,24428624,24434672
HAKAdan_room_20,38682624,38690336,24434672,24438256
HAKAdan_room_21,38690816,38737072,24438256,24458096
HAKAdan_room_22,38739968,38750624,24458096,24464032
HAKAdanCH_scene,38752256,38802784,24464032,24489856
HAKAdanCH_room_0,38805504,38893040,24489856,24525392
HAKAdanCH_room_1,38895616,38941392,24525392,24541504
HAKAdanCH_room_2,38944768,38957456,24541504,24545968
HAKAdanCH_room_3,38961152,38968416,24545968,24549072
HAKAdanCH_room_4,38969344,38978640,24549072,24554064
HAKAdanCH_room_5,38981632,38992224,24554064,24559456
HAKAdanCH_room_6,38993920,39005824,24559456,24567104
ice_doukutu_scene,39006208,39077360,24567104,24615536
ice_doukutu_room_0,39079936,39114336,24615536,24635136
ice_doukutu_room_1,39116800,39167296,24635136,24664976
ice_doukutu_room_2,39170048,39193328,24664976,24680992
ice_doukutu_room_3,39194624,39227520,24680992,24700976
ice_doukutu_room_4,39231488,39261808,24700976,24720720
ice_doukutu_room_5,39264256,39299216,24720720,24741120
ice_doukutu_room_6,39301120,39318112,24741120,24751296
ice_doukutu_room_7,39321600,39344368,24751296,24762608
ice_doukutu_room_8,39346176,39352656,24762608,24765840
ice_doukutu_room_9,39354368,39388752,24765840,24783488
ice_doukutu_room_10,39391232,39408608,24783488,24795680
ice_doukutu_room_11,39411712,39434496,24795680,24808736
men_scene,39436288,39507248,24808736,24847968
men_room_0,39510016,39575440,24847968,24880288
men_room_1,39575552,39613072,24880288,24899296
men_room_2,39616512,39636864,24899296,24908016
men_room_3,39636992,39668768,24908016,24924496
men_room_4,39669760,39711056,24924496,24948160
men_room_5,39714816,39735520,24948160,24959984
men_room_6,39739392,39771968,24959984,24977408
men_room_7,39772160,39805744,24977408,24995856
men_room_8,39809024,39842320,24995856,25007472
men_room_9,39845888,39860464,25007472,25014624
men_room_10,39862272,39885920,25014624,25027888
ganontika_scene,39886848,40024000,25027888,25098480
ganontika_room_0,40026112,40063424,25098480,25109712
ganontika_room_1,40067072,40184240,25109712,25155184
ganontika_room_2,40185856,40216544,25155184,25168896
ganontika_room_3,40218624,40257936,25168896,25186720
ganontika_room_4,40259584,40291472,25186720,25199552
ganontika_room_5,40292352,40322368,25199552,25211584
ganontika_room_6,40325120,40389616,25211584,25230352
ganontika_room_7,40390656,40422544,25230352,25243584
ganontika_room_8,40423424,40460400,25243584,25256960
ganontika_room_9,40464384,40511632,25256960,25270176
ganontika_room_10,40513536,40541040,25270176,25280528
ganontika_room_11,40542208,40569168,25280528,25290768
ganontika_room_12,40570880,40616816,25290768,25307648
ganontika_room_13,40620032,40652096,25307648,25320960
ganontika_room_14,40652800,40694176,25320960,25334080
ganontika_room_15,40697856,40729920,25334080,25347408
ganontika_room_16,40730624,40742432,25347408,25351360
ganontika_room_17,40742912,40777376,25351360,25361680
ganontika_room_18,40779776,40830576,25361680,25377936
ganontika_room_19,40833024,40865088,25377936,25391200
spot00_scene,40865792,41038368,25391200,25480224
spot00_room_0,41041920,41128496,25480224,25510752
spot01_scene,41132032,41247056,25510752,25577936
spot01_room_0,41250816,41291488,25577936,25592928
spot02_scene,41291776,41340032,25592928,25617232
spot02_room_0,41340928,41350880,25617232,25620304
spot02_room_1,41353216,41475984,25620304,25684096
spot03_scene,41476096,41522528,25684096,25713024
spot03_room_0,41525248,41580928,25713024,25737776
spot03_room_1,41582592,41612544,25737776,25752672
spot04_scene,41615360,41685568,25752672,25791952
spot04_room_0,41689088,41800848,25791952,25846704
spot04_room_1,41803776,41837952,25846704,25864288
spot04_room_2,41840640,41861232,25864288,25874848
spot05_scene,41865216,41950560,25874848,25923184
spot05_room_0,41951232,41991936,25923184,25936944
spot06_scene,41992192,42103856,25936944,26003536
spot06_room_0,42106880,42149408,26003536,26020208
spot07_scene,42151936,42190880,26020208,26044512
spot07_room_0,42192896,42218224,26044512,26053744
spot07_room_1,42221568,42273184,26053744,26076320
spot08_scene,42274816,42346144,26076320,26122944
spot08_room_0,42348544,42381664,26122944,26135952
spot09_scene,42385408,42455392,26135952,26174928
spot09_room_0,42459136,42493888,26174928,26187888
spot10_scene,42496000,42562608,26187888,26224800
spot10_room_0,42565632,42575344,26224800,26228096
spot10_room_1,42577920,42611760,26228096,26244080
spot10_room_2,42614784,42634224,26244080,26252800
spot10_room_3,42635264,42658480,26252800,26263840
spot10_room_4,42659840,42669264,26263840,26266896
spot10_room_5,42672128,42700784,26266896,26278528
spot10_room_6,42700800,42715888,26278528,26286528
spot10_room_7,42717184,42726848,26286528,26289648
spot10_room_8,42729472,42739312,26289648,26292848
spot10_room_9,42741760,42757088,26292848,26300288
spot11_scene,42758144,42861792,26300288,26362768
spot11_room_0,42864640,42915776,26362768,26385248
spot12_scene,42917888,42983040,26385248,26420864
spot12_room_0,42983424,43054528,26420864,26452176
spot12_room_1,43057152,43106464,26452176,26476576
spot13_scene,43110400,43134512,26476576,26490816
spot13_room_0,43134976,43137296,26490816,26491968
spot13_room_1,43139072,43215424,26491968,26530720
spot15_scene,43216896,43316480,26530720,26589712
spot15_room_0,43319296,43372992,26589712,26609040
spot16_scene,43376640,43502224,26609040,26689488
spot16_room_0,43503616,43547920,26689488,26707936
spot17_scene,43548672,43613920,26707936,26746144
spot17_room_0,43614208,43640960,26746144,26757920
spot17_room_1,43642880,43717472,26757920,26787952
spot18_scene,43720704,43762768,26787952,26810768
spot18_room_0,43765760,43841488,26810768,26842944
spot18_room_1,43843584,43868672,26842944,26856832
spot18_room_2,43872256,43944368,26856832,26890160
spot18_room_3,43945984,44068080,26890160,26942720
market_day_scene,44068864,44078704,26942720,26946960
market_day_room_0,44081152,44103792,26946960,26951472
market_night_scene,44105728,44115504,26951472,26955648
market_night_room_0,44118016,44140448,26955648,26960016
kenjyanoma_scene,44142592,44157168,26960016,26964880
kenjyanoma_room_0,44158976,44237072,26964880,26999376
tokinoma_scene,44240896,44316576,26999376,27026720
tokinoma_room_0,44318720,44413408,27026720,27052672
tokinoma_room_1,44417024,44445904,27052672,27062480
link_home_scene,44449792,44456800,27062480,27065072
link_home_room_0,44457984,44620928,27065072,27091248
kokiri_shop_scene,44621824,44624256,27091248,27092400
kokiri_shop_room_0,44625920,44825744,27092400,27119664
kokiri_home_scene,44826624,44829888,27119664,27121168
kokiri_home_room_0,44830720,45009968,27121168,27151152
kakusiana_scene,45010944,45066272,27151152,27185744
kakusiana_room_0,45068288,45097632,27185744,27202032
kakusiana_room_1,45101056,45121936,27202032,27214864
kakusiana_room_2,45125632,45136064,27214864,27220624
kakusiana_room_3,45137920,45158704,27220624,27233456
kakusiana_room_4,45162496,45193568,27233456,27253728
kakusiana_room_5,45195264,45213408,27253728,27267072
kakusiana_room_6,45215744,45238896,27267072,27279568
kakusiana_room_7,45240320,45256656,27279568,27289680
kakusiana_room_8,45256704,45270576,27289680,27296608
kakusiana_room_9,45273088,45296336,27296608,27309136
kakusiana_room_10,45297664,45320752,27309136,27324672
kakusiana_room_11,45322240,45356720,27324672,27343104
kakusiana_room_12,45359104,45391440,27343104,27360944
kakusiana_room_13,45391872,45420240,27360944,27379984
entra_scene,45420544,45421536,27379984,27380480
entra_room_0,45424640,45579120,27380480,27406576
moribossroom_scene,45580288,45586688,27406576,27410976
moribossroom_room_0,45588480,45612736,27410976,27423696
moribossroom_room_1,45613056,45669040,27423696,27448736
syatekijyou_scene,45670400,45720256,27448736,27474624
syatekijyou_room_0,45723648,45754096,27474624,27482912
shop1_scene,45756416,45757168,27482912,27483280
shop1_room_0,45760512,45930416,27483280,27502256
hairal_niwa_scene,45932544,46003088,27502256,27541136
hairal_niwa_room_0,46006272,46049504,27541136,27553808
ganon_tou_scene,46051328,46070640,27553808,27565632
ganon_tou_room_0,46071808,46152432,27565632,27608832
market_alley_scene,46153728,46158416,27608832,27610768
market_alley_room_0,46161920,46642944,27610768,27670704
spot20_scene,46645248,46718400,27670704,27709712
spot20_room_0,46718976,46745296,27709712,27718432
market_ruins_scene,46747648,46753328,27718432,27720912
market_ruins_room_0,46755840,46766112,27720912,27722944
entra_n_scene,46768128,46769200,27722944,27723488
entra_n_room_0,46772224,46926704,27723488,27740960
enrui_scene,46927872,46928864,27740960,27741472
enrui_room_0,46931968,47086432,27741472,27763968
market_alley_n_scene,47087616,47092464,27763968,27766016
market_alley_n_room_0,47095808,47576816,27766016,27810128
hiral_demo_scene,47579136,47594832,27810128,27815184
hiral_demo_room_0,47595520,47597120,27815184,27815568
kokiri_home3_scene,47599616,47605664,27815568,27818224
kokiri_home3_room_0,47607808,47830544,27818224,27856752
malon_stable_scene,47833088,47834736,27856752,27857488
malon_stable_room_0,47837184,48026192,27857488,27883632
kakariko_scene,48029696,48033440,27883632,27885360
kakariko_room_0,48033792,48209856,27885360,27904800
bdan_boss_scene,48209920,48213568,27904800,27906752
bdan_boss_room_0,48214016,48226336,27906752,27913344
bdan_boss_room_1,48230400,48251072,27913344,27922752
FIRE_bs_scene,48254976,48274432,27922752,27932800
FIRE_bs_room_0,48275456,48292464,27932800,27940944
FIRE_bs_room_1,48295936,48324576,27940944,27953840
hut_scene,48324608,48325904,27953840,27954464
hut_room_0,48328704,48498080,27954464,27972080
daiyousei_izumi_scene,48500736,48558080,27972080,27995408
daiyousei_izumi_room_0,48558080,48572688,27995408,28000416
hakaana_scene,48574464,48577168,28000416,28001696
hakaana_room_0,48578560,48609488,28001696,28016992
yousei_izumi_tate_scene,48611328,48646160,28016992,28037840
yousei_izumi_tate_room_0,48648192,48665296,28037840,28043824
yousei_izumi_yoko_scene,48668672,48721312,28043824,28064224
yousei_izumi_yoko_room_0,48721920,48738320,28064224,28069936
golon_scene,48742400,48743328,28069936,28070432
golon_room_0,48746496,48902608,28070432,28086432
zoora_scene,48906240,48907152,28086432,28086912
zoora_room_0,48910336,49066464,28086912,28104928
drag_scene,49070080,49071088,28104928,28105424
drag_room_0,49074176,49253984,28105424,28127008
alley_shop_scene,49254400,49255856,28127008,28127728
alley_shop_room_0,49258496,49417264,28127728,28144512
night_shop_scene,49418240,49419888,28144512,28145344
night_shop_room_0,49422336,49588576,28145344,28163744
impa_scene,49590272,49593616,28163744,28165200
impa_room_0,49594368,49754016,28165200,28180976
labo_scene,49754112,49757936,28180976,28182624
labo_room_0,49758208,49940208,28182624,28207136
tent_scene,49942528,49944192,28207136,28207920
tent_room_0,49946624,50157216,28207920,28240224
nakaniwa_scene,50159616,50174496,28240224,28245440
nakaniwa_room_0,50176000,50273984,28245440,28296096
ddan_boss_scene,50274304,50284640,28296096,28303872
ddan_boss_room_0,50286592,50306608,28303872,28311936
ddan_boss_room_1,50307072,50322912,28311936,28320848
ydan_boss_scene,50323456,50329408,28320848,28324976
ydan_boss_room_0,50331648,50360304,28324976,28346080
ydan_boss_room_1,50360320,50386928,28346080,28359600
HAKAdan_bs_scene,50388992,50399104,28359600,28365776
HAKAdan_bs_room_0,50401280,50412000,28365776,28369472
HAKAdan_bs_room_1,50413568,50437968,28369472,28382096
MIZUsin_bs_scene,50438144,50444896,28382096,28385040
MIZUsin_bs_room_0,50446336,50463856,28385040,28394864
MIZUsin_bs_room_1,50466816,50512624,28394864,28414848
ganon_scene,50515968,50583472,28414848,28447680
ganon_room_0,50585600,50618064,28447680,28459328
ganon_room_1,50618368,50648944,28459328,28468624
ganon_room_2,50651136,50681936,28468624,28479824
ganon_room_3,50683904,50714416,28479824,28489872
ganon_room_4,50716672,50753744,28489872,28505120
ganon_room_5,50757632,50793232,28505120,28518512
ganon_room_6,50794496,50834336,28518512,28533616
ganon_room_7,50835456,50878368,28533616,28548480
ganon_room_8,50880512,50908128,28548480,28559104
ganon_room_9,50909184,50932000,28559104,28572384
ganon_boss_scene,50933760,50965536,28572384,28593504
ganon_boss_room_0,50966528,50990720,28593504,28598576
jyasinboss_scene,50991104,51027184,28598576,28614176
jyasinboss_room_0,51027968,51032016,28614176,28616032
jyasinboss_room_1,51032064,51064384,28616032,28629568
jyasinboss_room_2,51064832,51080640,28629568,28635328
jyasinboss_room_3,51081216,51128064,28635328,28660480
kokiri_home4_scene,51130368,51137200,28660480,28663648
kokiri_home4_room_0,51138560,51370320,28663648,28709184
kokiri_home5_scene,51372032,51377168,28709184,28711536
kokiri_home5_room_0,51380224,51580768,28711536,28745424
ganon_final_scene,51580928,51655040,28745424,28792912
ganon_final_room_0,51658752,51711664,28792912,28809696
kakariko3_scene,51712000,51714112,28809696,28810656
kakariko3_room_0,51716096,51889536,28810656,28833344
hakasitarelay_scene,51892224,51950192,28833344,28864928
hakasitarelay_room_0,51953664,51983040,28864928,28880320
hakasitarelay_room_1,51986432,52012832,28880320,28893264
hakasitarelay_room_2,52015104,52049072,28893264,28909680
hakasitarelay_room_3,52051968,52088032,28909680,28929456
hakasitarelay_room_4,52088832,52106368,28929456,28941168
hakasitarelay_room_5,52109312,52126800,28941168,28951824
hakasitarelay_room_6,52129792,52161200,28951824,28969408
shrine_scene,52162560,52167904,28969408,28971712
shrine_room_0,52170752,52509424,28971712,29019232
turibori_scene,52510720,52586208,29019232,29062688
turibori_room_0,52588544,52615008,29062688,29072896
shrine_n_scene,52617216,52622592,29072896,29075200
shrine_n_room_0,52625408,52964112,29075200,29110640
shrine_r_scene,52965376,52970640,29110640,29112864
shrine_r_room_0,52973568,53312240,29112864,29149248
hakaana2_scene,53313536,53366928,29149248,29183760
hakaana2_room_0,53370880,53397520,29183760,29192784
gerudoway_scene,53399552,53455136,29192784,29220192
gerudoway_room_0,53456896,53476672,29220192,29228464
gerudoway_room_1,53477376,53506736,29228464,29240752
gerudoway_room_2,53510144,53526096,29240752,29246272
gerudoway_room_3,53526528,53572368,29246272,29264048
gerudoway_room_4,53575680,53590304,29264048,29269392
gerudoway_room_5,53592064,53612096,29269392,29276096
hairal_niwa_n_scene,53612544,53649648,29276096,29298656
hairal_niwa_n_room_0,53653504,53667360,29298656,29302672
bowling_scene,53669888,53730080,29302672,29333184
bowling_room_0,53731328,53756384,29333184,29341344
hakaana_ouke_scene,53760000,53779168,29341344,29351200
hakaana_ouke_room_0,53780480,53823488,29351200,29367824
hakaana_ouke_room_1,53825536,53843968,29367824,29376800
hakaana_ouke_room_2,53846016,53870864,29376800,29390688
hylia_labo_scene,53874688,53944464,29390688,29425008
hylia_labo_room_0,53948416,53978576,29425008,29434528
souko_scene,53981184,54008848,29434528,29447968
souko_room_0,54009856,54048064,29447968,29465824
souko_room_1,54050816,54092848,29465824,29484528
souko_room_2,54095872,54129024,29484528,29499344
miharigoya_scene,54132736,54183248,29499344,29525440
miharigoya_room_0,54185984,54201776,29525440,29530240
mahouya_scene,54202368,54245920,29530240,29556016
mahouya_room_0,54247424,54274704,29556016,29564656
takaraya_scene,54276096,54305200,29564656,29577936
takaraya_room_0,54308864,54349248,29577936,29596640
takaraya_room_1,54349824,54358016,29596640,29600000
takaraya_room_2,54358016,54366256,29600000,29603392
takaraya_room_3,54370304,54380576,29603392,29608192
takaraya_room_4,54382592,54394912,29608192,29614208
takaraya_room_5,54398976,54411264,29614208,29620224
takaraya_room_6,54411264,54422272,29620224,29625280
ganon_sonogo_scene,54423552,54456080,29625280,29640544
ganon_sonogo_room_0,54456320,54488704,29640544,29652640
ganon_sonogo_room_1,54489088,54520752,29652640,29664432
ganon_sonogo_room_2,54521856,54557856,29664432,29680000
ganon_sonogo_room_3,54558720,54580800,29680000,29688096
ganon_sonogo_room_4,54583296,54619376,29688096,29703376
ganon_demo_scene,54620160,54657136,29703376,29729616
ganon_demo_room_0,54661120,54677840,29729616,29737216
face_shop_scene,54681600,54682480,29737216,29737680
face_shop_room_0,54685696,54875712,29737680,29766208
kinsuta_scene,54878208,54883856,29766208,29768976
kinsuta_room_0,54886400,54943904,29768976,29804560
ganontikasonogo_scene,54947840,54967040,29804560,29814032
ganontikasonogo_room_0,54968320,55065472,29814032,29852000
ganontikasonogo_room_1,55066624,55107360,29852000,29866336
bump_texture_static,55107584,55108608,29866336,29866928
anime_model_1_static,55111680,55111696,29866928,29866944
anime_model_2_static,55115776,55115792,29866944,29866960
anime_model_3_static,55119872,55119888,29866960,29866976
anime_model_4_static,55123968,55123984,29866976,29866992
anime_model_5_static,55128064,55128080,29866992,29867008
anime_model_6_static,55132160,55132176,29867008,29867024
anime_texture_1_static,55136256,55136272,29867024,29867040
anime_texture_2_static,55140352,55140368,29867040,29867056
anime_texture_3_static,55144448,55144464,29867056,29867072
anime_texture_4_static,55148544,55148560,29867072,29867088
anime_texture_5_static,55152640,55152656,29867088,29867104
anime_texture_6_static,55156736,55156752,29867104,29867120
softsprite_matrix_static,55160832,55160896,29867120,29867152
