makerom,0,4192,0,0
boot,4192,29040,4192,0
dmadata,29040,53456,29040,0
Audiobank,53456,233104,53456,0
Audioseq,233104,559376,233104,0
Audiotable,559376,5086368,559376,0
link_animetion,5086368,7600336,5086368,0
icon_item_static,7602176,8166560,7600336,0
icon_item_24_static,8167424,8213504,8164720,0
icon_item_field_static,8216576,8263984,8210800,8238032
icon_item_dungeon_static,8265728,8273280,8238032,8239600
icon_item_gameover_static,8273920,8289408,8239600,8246320
icon_item_nes_static,8290304,8346752,8246320,8269328
icon_item_ger_static,8347648,8407936,8269328,8291856
icon_item_fra_static,8409088,8471680,8291856,8314672
item_name_static,8474624,8852480,8314672,0
map_name_static,8855552,9061376,8692528,0
do_action_static,9064448,9097856,8898352,0
message_static,9101312,9118080,8931760,0
message_texture_static,9121792,9126400,8948528,0
nes_font_static,9129984,9147904,8953136,0
nes_message_data_static,9150464,9379968,8971056,0
ger_message_data_static,9383936,9628112,9200560,0
fra_message_data_static,9629696,9855424,9444736,0
staff_message_data_static,9859072,9862992,9670464,0
map_grand_static,9863168,9921360,9674384,0
map_48x85_static,9924608,10063328,9732576,0
map_i_static,10063872,11038992,9871296,0
code,11042816,12100144,10846416,11479008
ovl_title,12100144,12102272,11479008,11480608
ovl_select,12102272,12113664,11480608,11487488
ovl_opening,12113664,12114016,11487488,11487792
ovl_file_choose,12114016,12174448,11487792,11522000
ovl_kaleido_scope,12174448,12291632,11522000,11583168
ovl_player_actor,12291632,12449088,11583168,11686416
ovl_map_mark_data,12449088,12476448,11686416,11687360
ovl_En_Test,12476448,12499152,11687360,11700880
ovl_Arms_Hook,12499152,12502592,11700880,11703584
ovl_Arrow_Fire,12502592,12510496,11703584,11710432
ovl_Arrow_Ice,12510496,12518432,11710432,11716688
ovl_Arrow_Light,12518432,12526384,11716688,11723088
ovl_Bg_Bdan_Objects,12526384,12531200,11723088,11726464
ovl_Bg_Bdan_Switch,12531200,12536368,11726464,11729456
ovl_Bg_Bom_Guard,12536368,12536912,11729456,11729952
ovl_Bg_Bombwall,12536912,12539152,11729952,11731712
ovl_Bg_Bowl_Wall,12539152,12541584,11731712,11733792
ovl_Bg_Breakwall,12541584,12545280,11733792,11736704
ovl_Bg_Ddan_Jd,12545280,12546896,11736704,11737984
ovl_Bg_Ddan_Kd,12546896,12549184,11737984,11739744
ovl_Bg_Dodoago,12549184,12552576,11739744,11742400
ovl_Bg_Dy_Yoseizo,12552576,12564336,11742400,11750400
ovl_Bg_Ganon_Otyuka,12564336,12574128,11750400,11757856
ovl_Bg_Gate_Shutter,12574128,12575296,11757856,11758752
ovl_Bg_Gjyo_Bridge,12575296,12576560,11758752,11759824
ovl_Bg_Gnd_Darkmeiro,12576560,12578544,11759824,11761296
ovl_Bg_Gnd_Firemeiro,12578544,12579904,11761296,11762416
ovl_Bg_Gnd_Iceblock,12579904,12584240,11762416,11765296
ovl_Bg_Gnd_Nisekabe,12584240,12584608,11765296,11765632
ovl_Bg_Gnd_Soulmeiro,12584608,12586752,11765632,11767424
ovl_Bg_Haka,12586752,12588480,11767424,11768880
ovl_Bg_Haka_Gate,12588480,12592720,11768880,11772176
ovl_Bg_Haka_Huta,12592720,12595440,11772176,11774320
ovl_Bg_Haka_Megane,12595440,12596464,11774320,11775168
ovl_Bg_Haka_MeganeBG,12596464,12598192,11775168,11776528
ovl_Bg_Haka_Sgami,12598192,12601296,11776528,11778960
ovl_Bg_Haka_Ship,12601296,12603936,11778960,11781056
ovl_Bg_Haka_Trap,12603936,12609520,11781056,11785168
ovl_Bg_Haka_Tubo,12609520,12612112,11785168,11787280
ovl_Bg_Haka_Water,12612112,12614160,11787280,11788752
ovl_Bg_Haka_Zou,12614160,12618752,11788752,11792208
ovl_Bg_Heavy_Block,12618752,12625136,11792208,11796880
ovl_Bg_Hidan_Curtain,12625136,12627856,11796880,11798976
ovl_Bg_Hidan_Dalm,12627856,12629984,11798976,11800608
ovl_Bg_Hidan_Firewall,12629984,12631872,11800608,11802208
ovl_Bg_Hidan_Fslift,12631872,12633104,11802208,11803152
ovl_Bg_Hidan_Fwbig,12633104,12636400,11803152,11805808
ovl_Bg_Hidan_Hamstep,12636400,12640160,11805808,11808672
ovl_Bg_Hidan_Hrock,12640160,12642256,11808672,11810320
ovl_Bg_Hidan_Kousi,12642256,12643680,11810320,11811408
ovl_Bg_Hidan_Kowarerukabe,12643680,12647488,11811408,11813920
ovl_Bg_Hidan_Rock,12647488,12651840,11813920,11817216
ovl_Bg_Hidan_Rsekizou,12651840,12654880,11817216,11819488
ovl_Bg_Hidan_Sekizou,12654880,12660080,11819488,11823440
ovl_Bg_Hidan_Sima,12660080,12663920,11823440,11826464
ovl_Bg_Hidan_Syoku,12663920,12665040,11826464,11827248
ovl_Bg_Ice_Objects,12665040,12668944,11827248,11829872
ovl_Bg_Ice_Shelter,12668944,12673616,11829872,11833440
ovl_Bg_Ice_Shutter,12673616,12674752,11833440,11834304
ovl_Bg_Ice_Turara,12674752,12676848,11834304,11836032
ovl_Bg_Ingate,12676848,12677760,11836032,11836832
ovl_Bg_Jya_1flift,12677760,12679440,11836832,11838112
ovl_Bg_Jya_Amishutter,12679440,12680352,11838112,11838704
ovl_Bg_Jya_Bigmirror,12680352,12682480,11838704,11840512
ovl_Bg_Jya_Block,12682480,12683104,11840512,11841120
ovl_Bg_Jya_Bombchuiwa,12683104,12685984,11841120,11843344
ovl_Bg_Jya_Bombiwa,12685984,12687456,11843344,11844592
ovl_Bg_Jya_Cobra,12687456,12694944,11844592,11850096
ovl_Bg_Jya_Goroiwa,12694944,12696864,11850096,11851728
ovl_Bg_Jya_Haheniron,12696864,12698896,11851728,11853392
ovl_Bg_Jya_Ironobj,12698896,12702400,11853392,11855792
ovl_Bg_Jya_Kanaami,12702400,12703344,11855792,11856544
ovl_Bg_Jya_Lift,12703344,12704704,11856544,11857648
ovl_Bg_Jya_Megami,12704704,12709296,11857648,11861456
ovl_Bg_Jya_Zurerukabe,12709296,12711008,11861456,11862816
ovl_Bg_Menkuri_Eye,12711008,12712176,11862816,11863824
ovl_Bg_Menkuri_Kaiten,12712176,12712576,11863824,11864176
ovl_Bg_Menkuri_Nisekabe,12712576,12712912,11864176,11864464
ovl_Bg_Mizu_Bwall,12712912,12718240,11864464,11868000
ovl_Bg_Mizu_Movebg,12718240,12722720,11868000,11871296
ovl_Bg_Mizu_Shutter,12722720,12724768,11871296,11872896
ovl_Bg_Mizu_Uzu,12724768,12725232,11872896,11873280
ovl_Bg_Mizu_Water,12725232,12728512,11873280,11875584
ovl_Bg_Mjin,12728512,12729520,11875584,11876448
ovl_Bg_Mori_Bigst,12729520,12731872,11876448,11878096
ovl_Bg_Mori_Elevator,12731872,12734672,11878096,11879968
ovl_Bg_Mori_Hashigo,12734672,12736912,11879968,11881632
ovl_Bg_Mori_Hashira4,12736912,12738320,11881632,11882736
ovl_Bg_Mori_Hineri,12738320,12741728,11882736,11885264
ovl_Bg_Mori_Idomizu,12741728,12743328,11885264,11886528
ovl_Bg_Mori_Kaitenkabe,12743328,12744976,11886528,11887888
ovl_Bg_Mori_Rakkatenjo,12744976,12747408,11887888,11889616
ovl_Bg_Po_Event,12747408,12755136,11889616,11895328
ovl_Bg_Po_Syokudai,12755136,12757552,11895328,11897296
ovl_Bg_Pushbox,12757552,12758320,11897296,11897952
ovl_Bg_Relay_Objects,12758320,12760288,11897952,11899520
ovl_Bg_Spot00_Break,12760288,12760704,11899520,11899888
ovl_Bg_Spot00_Hanebasi,12760704,12765072,11899888,11903408
ovl_Bg_Spot01_Fusya,12765072,12765744,11903408,11904000
ovl_Bg_Spot01_Idohashira,12765744,12768816,11904000,11906352
ovl_Bg_Spot01_Idomizu,12768816,12769616,11906352,11907072
ovl_Bg_Spot01_Idosoko,12769616,12770144,11907072,11907520
ovl_Bg_Spot01_Objects2,12770144,12771360,11907520,11908560
ovl_Bg_Spot02_Objects,12771360,12776320,11908560,11912112
ovl_Bg_Spot03_Taki,12776320,12778656,11912112,11913872
ovl_Bg_Spot05_Soko,12778656,12779456,11913872,11914528
ovl_Bg_Spot06_Objects,12779456,12784576,11914528,11918384
ovl_Bg_Spot07_Taki,12784576,12786096,11918384,11919520
ovl_Bg_Spot08_Bakudankabe,12786096,12787792,11919520,11920976
ovl_Bg_Spot08_Iceblock,12787792,12791952,11920976,11923952
ovl_Bg_Spot09_Obj,12791952,12793264,11923952,11924928
ovl_Bg_Spot11_Bakudankabe,12793264,12794864,11924928,11926304
ovl_Bg_Spot11_Oasis,12794864,12796704,11926304,11927888
ovl_Bg_Spot12_Gate,12796704,12797744,11927888,11928672
ovl_Bg_Spot12_Saku,12797744,12798960,11928672,11929632
ovl_Bg_Spot15_Rrbox,12798960,12802512,11929632,11932208
ovl_Bg_Spot15_Saku,12802512,12803344,11932208,11932928
ovl_Bg_Spot16_Bombstone,12803344,12808800,11932928,11937248
ovl_Bg_Spot16_Doughnut,12808800,12810272,11937248,11938480
ovl_Bg_Spot17_Bakudankabe,12810272,12812048,11938480,11939984
ovl_Bg_Spot17_Funen,12812048,12812640,11939984,11940512
ovl_Bg_Spot18_Basket,12812640,12816720,11940512,11943600
ovl_Bg_Spot18_Futa,12816720,12817136,11943600,11943952
ovl_Bg_Spot18_Obj,12817136,12819392,11943952,11945568
ovl_Bg_Spot18_Shutter,12819392,12820752,11945568,11946624
ovl_Bg_Sst_Floor,12820752,12822128,11946624,11947888
ovl_Bg_Toki_Hikari,12822128,12825616,11947888,11949984
ovl_Bg_Toki_Swd,12825616,12831328,11949984,11952608
ovl_Bg_Treemouth,12831328,12837056,11952608,11955680
ovl_Bg_Umajump,12837056,12837456,11955680,11956048
ovl_Bg_Vb_Sima,12837456,12839280,11956048,11957664
ovl_Bg_Ydan_Hasi,12839280,12841248,11957664,11959232
ovl_Bg_Ydan_Maruta,12841248,12843008,11959232,11960640
ovl_Bg_Ydan_Sp,12843008,12848928,11960640,11964960
ovl_Bg_Zg,12848928,12850032,11964960,11965856
ovl_Boss_Dodongo,12850032,12889712,11965856,11991152
ovl_Boss_Fd,12889712,12919248,11991152,12010864
ovl_Boss_Fd2,12919248,12934912,12010864,12021968
ovl_Boss_Ganon,12934912,13074864,12021968,12109824
ovl_Boss_Ganon2,13074864,13145344,12109824,12152240
ovl_Boss_Ganondrof,13145344,13165200,12152240,12165408
ovl_Boss_Goma,13165200,13189680,12165408,12180272
ovl_Boss_Mo,13189680,13237504,12180272,12213584
ovl_Boss_Sst,13237504,13288080,12213584,12245168
ovl_Boss_Tw,13288080,13366240,12245168,12295840
ovl_Boss_Va,13366240,13425776,12295840,12334288
ovl_Demo_6K,13425776,13437392,12334288,12342816
ovl_Demo_Du,13437392,13451696,12342816,12349888
ovl_Demo_Ec,13451696,13466128,12349888,12355808
ovl_Demo_Effect,13466128,13489584,12355808,12371024
ovl_Demo_Ext,13489584,13491968,12371024,12372864
ovl_Demo_Geff,13491968,13494048,12372864,12374384
ovl_Demo_Gj,13494048,13509584,12374384,12381664
ovl_Demo_Go,13509584,13512992,12381664,12384032
ovl_Demo_Gt,13512992,13535024,12384032,12395168
ovl_Demo_Ik,13535024,13540416,12395168,12398512
ovl_Demo_Im,13540416,13556656,12398512,12406608
ovl_Demo_Kankyo,13556656,13572176,12406608,12415840
ovl_Demo_Kekkai,13572176,13577024,12415840,12419568
ovl_Demo_Sa,13577024,13588064,12419568,12425040
ovl_Demo_Shd,13588064,13597296,12425040,12431216
ovl_Demo_Tre_Lgt,13597296,13599104,12431216,12432736
ovl_Door_Ana,13599104,13600752,12432736,12434112
ovl_Door_Gerudo,13600752,13602272,12434112,12435392
ovl_Door_Killer,13602272,13607760,12435392,12439616
ovl_Door_Shutter,13607760,13616656,12439616,12446000
ovl_Door_Toki,13616656,13617008,12446000,12446288
ovl_Door_Warp1,13617008,13634160,12446288,12456144
ovl_Efc_Erupc,13634160,13636960,12456144,12458432
ovl_Eff_Dust,13636960,13642032,12458432,12461488
ovl_Effect_Ss_Blast,13642032,13642944,12461488,12462368
ovl_Effect_Ss_Bomb,13642944,13644016,12462368,12463360
ovl_Effect_Ss_Bomb2,13644016,13646320,12463360,12465072
ovl_Effect_Ss_Bubble,13646320,13647472,12465072,12466096
ovl_Effect_Ss_D_Fire,13647472,13648736,12466096,12467280
ovl_Effect_Ss_Dead_Db,13648736,13649984,12467280,12468480
ovl_Effect_Ss_Dead_Dd,13649984,13651408,12468480,12469792
ovl_Effect_Ss_Dead_Ds,13651408,13652560,12469792,12470864
ovl_Effect_Ss_Dead_Sound,13652560,13652880,12470864,12471184
ovl_Effect_Ss_Dt_Bubble,13652880,13654304,12471184,12472432
ovl_Effect_Ss_Dust,13654304,13656416,12472432,12474144
ovl_Effect_Ss_En_Fire,13656416,13658288,12474144,12475824
ovl_Effect_Ss_En_Ice,13658288,13660528,12475824,12477792
ovl_Effect_Ss_Extra,13660528,13661488,12477792,12478720
ovl_Effect_Ss_Fcircle,13661488,13662688,12478720,12479856
ovl_Effect_Ss_Fhg_Flash,13662688,13666656,12479856,12482432
ovl_Effect_Ss_Fire_Tail,13666656,13668448,12482432,12484048
ovl_Effect_Ss_G_Fire,13668448,13669104,12484048,12484656
ovl_Effect_Ss_G_Magma,13669104,13669712,12484656,12485232
ovl_Effect_Ss_G_Magma2,13669712,13671008,12485232,12486448
ovl_Effect_Ss_G_Ripple,13671008,13672384,12486448,12487696
ovl_Effect_Ss_G_Spk,13672384,13673840,12487696,12489008
ovl_Effect_Ss_G_Splash,13673840,13675040,12489008,12489968
ovl_Effect_Ss_Hahen,13675040,13676640,12489968,12491232
ovl_Effect_Ss_HitMark,13676640,13678000,12491232,12492432
ovl_Effect_Ss_Ice_Piece,13678000,13679088,12492432,12493456
ovl_Effect_Ss_Ice_Smoke,13679088,13680336,12493456,12494544
ovl_Effect_Ss_K_Fire,13680336,13681424,12494544,12495568
ovl_Effect_Ss_Kakera,13681424,13685664,12495568,12498704
ovl_Effect_Ss_KiraKira,13685664,13687312,12498704,12500144
ovl_Effect_Ss_Lightning,13687312,13689056,12500144,12501760
ovl_Effect_Ss_Sibuki,13689056,13690800,12501760,12503296
ovl_Effect_Ss_Sibuki2,13690800,13691616,12503296,12504064
ovl_Effect_Ss_Solder_Srch_Ball,13691616,13692048,12504064,12504480
ovl_Effect_Ss_Stick,13692048,13692976,12504480,12505328
ovl_Effect_Ss_Stone1,13692976,13693872,12505328,12506176
ovl_Elf_Msg,13693872,13695392,12506176,12507296
ovl_Elf_Msg2,13695392,13696528,12507296,12508064
ovl_En_Am,13696528,13705744,12508064,12514272
ovl_En_Ani,13705744,13709184,12514272,12516720
ovl_En_Anubice,13709184,13713968,12516720,12520256
ovl_En_Anubice_Fire,13713968,13717488,12520256,12523168
ovl_En_Anubice_Tag,13717488,13718208,12523168,12523792
ovl_En_Arow_Trap,13718208,13718544,12523792,12524112
ovl_En_Arrow,13718544,13724432,12524112,12528320
ovl_En_Attack_Niw,13724432,13729136,12528320,12531744
ovl_En_Ba,13729136,13737024,12531744,12536912
ovl_En_Bb,13737024,13752608,12536912,12548112
ovl_En_Bdfire,13752608,13755584,12548112,12550432
ovl_En_Bigokuta,13755584,13766592,12550432,12557904
ovl_En_Bili,13766592,13775504,12557904,12564096
ovl_En_Bird,13775504,13776720,12564096,12565088
ovl_En_Blkobj,13776720,13778096,12565088,12566240
ovl_En_Bom,13778096,13781888,12566240,12569232
ovl_En_Bom_Bowl_Man,13781888,13787328,12569232,12573232
ovl_En_Bom_Bowl_Pit,13787328,13789744,12573232,12575120
ovl_En_Bom_Chu,13789744,13795536,12575120,12579712
ovl_En_Bombf,13795536,13800800,12579712,12583792
ovl_En_Boom,13800800,13803056,12583792,12585648
ovl_En_Box,13803056,13810048,12585648,12590496
ovl_En_Brob,13810048,13814384,12590496,12593632
ovl_En_Bubble,13814384,13819536,12593632,12597568
ovl_En_Butte,13819536,13825120,12597568,12601616
ovl_En_Bw,13825120,13838320,12601616,12610496
ovl_En_Bx,13838320,13841136,12610496,12612960
ovl_En_Changer,13841136,13843664,12612960,12614832
ovl_En_Clear_Tag,13843664,13879360,12614832,12632208
ovl_En_Cow,13879360,13884576,12632208,12635568
ovl_En_Crow,13884576,13890368,12635568,12639872
ovl_En_Cs,13890368,13895024,12639872,12643440
ovl_En_Daiku,13895024,13900976,12643440,12648016
ovl_En_Daiku_Kakariko,13900976,13906032,12648016,12651824
ovl_En_Dekubaba,13906032,13921056,12651824,12661488
ovl_En_Dekunuts,13921056,13927200,12661488,12665504
ovl_En_Dh,13927200,13934080,12665504,12670496
ovl_En_Dha,13934080,13938176,12670496,12673536
ovl_En_Diving_Game,13938176,13944752,12673536,12678144
ovl_En_Dns,13944752,13949760,12678144,12681424
ovl_En_Dnt_Demo,13949760,13953120,12681424,12684064
ovl_En_Dnt_Jiji,13953120,13958528,12684064,12687328
ovl_En_Dnt_Nomal,13958528,13970304,12687328,12694416
ovl_En_Dodojr,13970304,13978144,12694416,12699872
ovl_En_Dodongo,13978144,13989824,12699872,12707872
ovl_En_Dog,13989824,13994352,12707872,12711072
ovl_En_Door,13994352,13998000,12711072,12714096
ovl_En_Ds,13998000,14001104,12714096,12716256
ovl_En_Du,14001104,14007904,12716256,12720944
ovl_En_Dy_Extra,14007904,14009344,12720944,12722208
ovl_En_Eg,14009344,14009776,12722208,12722560
ovl_En_Eiyer,14009776,14017040,12722560,12727728
ovl_En_Elf,14017040,14035920,12727728,12740016
ovl_En_Encount1,14035920,14038832,12740016,12742416
ovl_En_Encount2,14038832,14043488,12742416,12746016
ovl_En_Ex_Item,14043488,14047968,12746016,12749280
ovl_En_Ex_Ruppy,14047968,14052256,12749280,12752560
ovl_En_Fd,14052256,14063680,12752560,12760992
ovl_En_Fd_Fire,14063680,14067024,12760992,12763808
ovl_En_Fhg_Fire,14067024,14076912,12763808,12770880
ovl_En_Fire_Rock,14076912,14081280,12770880,12774064
ovl_En_Firefly,14081280,14089840,12774064,12779824
ovl_En_Fish,14089840,14098304,12779824,12785136
ovl_En_Floormas,14098304,14111584,12785136,12793312
ovl_En_Fr,14111584,14122480,12793312,12801056
ovl_En_Fu,14122480,14125872,12801056,12803728
ovl_En_Fw,14125872,14131952,12803728,12808640
ovl_En_Fz,14131952,14140160,12808640,12814448
ovl_En_G_Switch,14140160,14146336,12814448,12819200
ovl_En_Ganon_Mant,14146336,14163280,12819200,12826704
ovl_En_Ganon_Organ,14163280,14192016,12826704,12840672
ovl_En_Gb,14192016,14197952,12840672,12845072
ovl_En_Ge1,14197952,14206192,12845072,12850240
ovl_En_Ge2,14206192,14212752,12850240,12854736
ovl_En_Ge3,14212752,14215888,12854736,12857072
ovl_En_GeldB,14215888,14237312,12857072,12870336
ovl_En_GirlA,14237312,14247840,12870336,12875568
ovl_En_Gm,14247840,14251216,12875568,12878144
ovl_En_Go,14251216,14269200,12878144,12889792
ovl_En_Go2,14269200,14293840,12889792,12905696
ovl_En_Goma,14293840,14305280,12905696,12913280
ovl_En_Goroiwa,14305280,14314432,12913280,12919712
ovl_En_Gs,14314432,14322224,12919712,12925440
ovl_En_Guest,14322224,14324688,12925440,12927504
ovl_En_Hata,14324688,14326112,12927504,12928784
ovl_En_Heishi1,14326112,14331504,12928784,12932464
ovl_En_Heishi2,14331504,14340208,12932464,12937760
ovl_En_Heishi3,14340208,14342720,12937760,12939600
ovl_En_Heishi4,14342720,14346560,12939600,12942304
ovl_En_Hintnuts,14346560,14353264,12942304,12946832
ovl_En_Holl,14353264,14357312,12946832,12949808
ovl_En_Honotrap,14357312,14362784,12949808,12953856
ovl_En_Horse,14362784,14412544,12953856,12984576
ovl_En_Horse_Game_Check,14412544,14416848,12984576,12987680
ovl_En_Horse_Ganon,14416848,14420304,12987680,12990352
ovl_En_Horse_Link_Child,14420304,14427984,12990352,12994960
ovl_En_Horse_Normal,14427984,14437744,12994960,13001184
ovl_En_Horse_Zelda,14437744,14440544,13001184,13003440
ovl_En_Hs,14440544,14443520,13003440,13005552
ovl_En_Hs2,14443520,14445024,13005552,13006800
ovl_En_Hy,14445024,14459680,13006800,13016064
ovl_En_Ice_Hono,14459680,14464272,13016064,13019344
ovl_En_Ik,14464272,14482272,13019344,13029824
ovl_En_In,14482272,14493952,13029824,13038224
ovl_En_Insect,14493952,14503456,13038224,13044528
ovl_En_Ishi,14503456,14540656,13044528,13049488
ovl_En_It,14540656,14541056,13049488,13049792
ovl_En_Jj,14541056,14546640,13049792,13052944
ovl_En_Js,14546640,14549152,13052944,13054768
ovl_En_Jsjutan,14549152,14569072,13054768,13062304
ovl_En_Kakasi,14569072,14572464,13062304,13064896
ovl_En_Kakasi2,14572464,14574288,13064896,13066336
ovl_En_Kakasi3,14574288,14578608,13066336,13069472
ovl_En_Kanban,14578608,14591232,13069472,13077168
ovl_En_Karebaba,14591232,14597616,13077168,13081648
ovl_En_Ko,14597616,14614320,13081648,13091280
ovl_En_Kusa,14614320,14619664,13091280,13095200
ovl_En_Kz,14619664,14625200,13095200,13099296
ovl_En_Light,14625200,14628784,13099296,13101824
ovl_En_Lightbox,14628784,14629936,13101824,13102800
ovl_En_M_Fire1,14629936,14630352,13102800,13103136
ovl_En_M_Thunder,14630352,14635984,13103136,13107232
ovl_En_Ma1,14635984,14640816,13107232,13110832
ovl_En_Ma2,14640816,14645008,13110832,13114032
ovl_En_Ma3,14645008,14649024,13114032,13117136
ovl_En_Mag,14649024,14658528,13117136,13123872
ovl_En_Mb,14658528,14675472,13123872,13134864
ovl_En_Md,14675472,14685312,13134864,13140752
ovl_En_Mk,14685312,14689040,13140752,13143280
ovl_En_Mm,14689040,14694768,13143280,13147632
ovl_En_Mm2,14694768,14698288,13147632,13150304
ovl_En_Ms,14698288,14700064,13150304,13151760
ovl_En_Mu,14700064,14702400,13151760,13153744
ovl_En_Nb,14702400,14720272,13153744,13163088
ovl_En_Niw,14720272,14733376,13163088,13172528
ovl_En_Niw_Girl,14733376,14736144,13172528,13174912
ovl_En_Niw_Lady,14736144,14742544,13174912,13179504
ovl_En_Nutsball,14742544,14744112,13179504,13180912
ovl_En_Nwc,14744112,14746704,13180912,13183104
ovl_En_Ny,14746704,14753168,13183104,13187840
ovl_En_OE2,14753168,14753392,13187840,13187984
ovl_En_Okarina_Effect,14753392,14754352,13187984,13188736
ovl_En_Okarina_Tag,14754352,14759728,13188736,13191808
ovl_En_Okuta,14759728,14769424,13191808,13198528
ovl_En_Ossan,14769424,14795504,13198528,13212832
ovl_En_Owl,14795504,14810768,13212832,13221664
ovl_En_Part,14810768,14816496,13221664,13225872
ovl_En_Peehat,14816496,14830576,13225872,13234784
ovl_En_Po_Desert,14830576,14834096,13234784,13237680
ovl_En_Po_Field,14834096,14848944,13237680,13248032
ovl_En_Po_Relay,14848944,14854848,13248032,13252512
ovl_En_Po_Sisters,14854848,14874544,13252512,13265376
ovl_En_Poh,14874544,14891424,13265376,13276192
ovl_En_Pu_box,14891424,14892256,13276192,13276928
ovl_En_Rd,14892256,14902688,13276928,13283600
ovl_En_Reeba,14902688,14909456,13283600,13288464
ovl_En_River_Sound,14909456,14911904,13288464,13290464
ovl_En_Rl,14911904,14915712,13290464,13292800
ovl_En_Rr,14915712,14925232,13292800,13299728
ovl_En_Ru1,14925232,14955600,13299728,13315680
ovl_En_Ru2,14955600,14967248,13315680,13321376
ovl_En_Sa,14967248,14976064,13321376,13327104
ovl_En_Sb,14976064,14981248,13327104,13330560
ovl_En_Scene_Change,14981248,14981552,13330560,13330800
ovl_En_Sda,14981552,14987232,13330800,13334592
ovl_En_Shopnuts,14987232,14991088,13334592,13337248
ovl_En_Si,14991088,14992368,13337248,13338304
ovl_En_Siofuki,14992368,14995872,13338304,13340928
ovl_En_Skb,14995872,15002256,13340928,13345568
ovl_En_Skj,15002256,15016912,13345568,13354720
ovl_En_Skjneedle,15016912,15017696,13354720,13355408
ovl_En_Ssh,15017696,15027408,13355408,13362144
ovl_En_St,15027408,15038784,13362144,13370048
ovl_En_Sth,15038784,15055360,13370048,13381264
ovl_En_Stream,15055360,15056784,13381264,13382496
ovl_En_Sw,15056784,15070976,13382496,13392800
ovl_En_Syateki_Itm,15070976,15074464,13392800,13395472
ovl_En_Syateki_Man,15074464,15077984,13395472,13398080
ovl_En_Syateki_Niw,15077984,15086320,13398080,13404176
ovl_En_Ta,15086320,15101104,13404176,13413216
ovl_En_Takara_Man,15101104,15103344,13413216,13415136
ovl_En_Tana,15103344,15104032,13415136,13415712
ovl_En_Tg,15104032,15105792,13415712,13417200
ovl_En_Tite,15105792,15117472,13417200,13424288
ovl_En_Tk,15117472,15125200,13424288,13429968
ovl_En_Torch,15125200,15125440,13429968,13430192
ovl_En_Torch2,15125440,15135520,13430192,13437520
ovl_En_Toryo,15135520,15138736,13437520,13439872
ovl_En_Tp,15138736,15146528,13439872,13445552
ovl_En_Tr,15146528,15152928,13445552,13450160
ovl_En_Trap,15152928,15157696,13450160,13453296
ovl_En_Tubo_Trap,15157696,15160928,13453296,13455616
ovl_En_Vali,15160928,15170848,13455616,13462448
ovl_En_Vase,15170848,15171104,13462448,13462672
ovl_En_Vb_Ball,15171104,15175632,13462672,13466080
ovl_En_Viewer,15175632,15187568,13466080,13474128
ovl_En_Vm,15187568,15193904,13474128,13478640
ovl_En_Wall_Tubo,15193904,15195168,13478640,13479696
ovl_En_Wallmas,15195168,15201840,13479696,13484208
ovl_En_Weather_Tag,15201840,15205664,13484208,13486064
ovl_En_Weiyer,15205664,15212320,13486064,13490448
ovl_En_Wf,15212320,15229488,13490448,13501536
ovl_En_Wonder_Item,15229488,15232640,13501536,13503776
ovl_En_Wonder_Talk,15232640,15234320,13503776,13505136
ovl_En_Wonder_Talk2,15234320,15236016,13505136,13506576
ovl_En_Wood02,15236016,15240576,13506576,13510224
ovl_En_Xc,15240576,15267040,13510224,13523728
ovl_En_Yabusame_Mark,15267040,15268784,13523728,13525104
ovl_En_Yukabyun,15268784,15270336,13525104,13526464
ovl_En_Zf,15270336,15297696,13526464,13544016
ovl_En_Zl1,15297696,15313584,13544016,13552064
ovl_En_Zl2,15313584,15331760,13552064,13561264
ovl_En_Zl3,15331760,15364096,13561264,13577840
ovl_En_Zl4,15364096,15383088,13577840,13587520
ovl_En_Zo,15383088,15392752,13587520,13594208
ovl_En_fHG,15392752,15403296,13594208,13601184
ovl_End_Title,15403296,15419968,13601184,13607952
ovl_Fishing,15419968,15500512,13607952,13662432
ovl_Item_B_Heart,15500512,15501552,13662432,13663312
ovl_Item_Etcetera,15501552,15503808,13663312,13665008
ovl_Item_Inbox,15503808,15504160,13665008,13665280
ovl_Item_Ocarina,15504160,15506160,13665280,13666752
ovl_Item_Shield,15506160,15508736,13666752,13668800
ovl_Magic_Dark,15508736,15514960,13668800,13673728
ovl_Magic_Fire,15514960,15523920,13673728,13681728
ovl_Magic_Wind,15523920,15531344,13681728,13688272
ovl_Mir_Ray,15531344,15537664,13688272,13693376
ovl_Obj_Bean,15537664,15547792,13693376,13699728
ovl_Obj_Blockstop,15547792,15548208,13699728,13700112
ovl_Obj_Bombiwa,15548208,15549600,13700112,13701328
ovl_Obj_Comb,15549600,15551744,13701328,13703184
ovl_Obj_Dekujr,15551744,15553344,13703184,13704528
ovl_Obj_Elevator,15553344,15554304,13704528,13705280
ovl_Obj_Hamishi,15554304,15556432,13705280,13707088
ovl_Obj_Hana,15556432,15557216,13707088,13707712
ovl_Obj_Hsblock,15557216,15558704,13707712,13708912
ovl_Obj_Ice_Poly,15558704,15561184,13708912,13710944
ovl_Obj_Kibako,15561184,15564512,13710944,13713216
ovl_Obj_Kibako2,15564512,15566240,13713216,13714688
ovl_Obj_Lift,15566240,15568832,13714688,13716800
ovl_Obj_Lightswitch,15568832,15574000,13716800,13720336
ovl_Obj_Makekinsuta,15574000,15574336,13720336,13720656
ovl_Obj_Makeoshihiki,15574336,15575504,13720656,13721648
ovl_Obj_Mure,15575504,15579616,13721648,13724512
ovl_Obj_Mure2,15579616,15582208,13724512,13726432
ovl_Obj_Mure3,15582208,15584208,13726432,13728016
ovl_Obj_Oshihiki,15584208,15591040,13728016,13732784
ovl_Obj_Roomtimer,15591040,15591632,13732784,13733296
ovl_Obj_Switch,15591632,15599280,13733296,13738112
ovl_Obj_Syokudai,15599280,15602416,13738112,13740720
ovl_Obj_Timeblock,15602416,15605568,13740720,13743024
ovl_Obj_Tsubo,15605568,15609648,13743024,13745936
ovl_Obj_Warp2block,15609648,15612512,13745936,13748192
ovl_Object_Kankyo,15612512,15625440,13748192,13757248
ovl_Oceff_Spot,15625440,15629328,13757248,13760560
ovl_Oceff_Storm,15629328,15636416,13760560,13767344
ovl_Oceff_Wipe,15636416,15639872,13767344,13770352
ovl_Oceff_Wipe2,15639872,15645872,13770352,13774000
ovl_Oceff_Wipe3,15645872,15651840,13774000,13778736
ovl_Oceff_Wipe4,15651840,15655904,13778736,13781776
ovl_Shot_Sun,15655904,15657632,13781776,13783216
gameplay_keep,15659008,16013232,13783216,13966320
gameplay_field_keep,16015360,16069424,13966320,14003728
gameplay_dangeon_keep,16072704,16169712,14003728,14063856
gameplay_object_exchange_static,16171008,16171024,14063856,14063888
object_link_boy,16175104,16402432,14063888,14171488
object_link_child,16404480,16588672,14171488,14259952
object_box,16588800,16613376,14259952,14272704
object_human,16613376,16691584,14272704,14304464
object_okuta,16695296,16710784,14304464,14312208
object_poh,16711680,16732384,14312208,14325488
object_wallmaster,16736256,16777328,14325488,14352384
object_dy_obj,16781312,16901424,14352384,14427024
object_firefly,16904192,16910528,14427024,14430752
object_dodongo,16912384,16951616,14430752,14458464
object_fire,16953344,16969888,14458464,14465168
object_niw,16973824,16983360,14465168,14470016
object_tite,16986112,17001008,14470016,14480048
object_reeba,17002496,17010416,14480048,14485200
object_peehat,17010688,17018000,14485200,14488720
object_kingdodongo,17018880,17218784,14488720,14615616
object_horse,17219584,17276688,14615616,14658320
object_zf,17276928,17367968,14658320,14720672
object_goma,17371136,17499648,14720672,14814960
object_zl1,17502208,17585088,14814960,14859104
object_gol,17588224,17605152,14859104,14870240
object_bubble,17608704,17612992,14870240,14872128
object_dodojr,17616896,17625328,14872128,14878320
object_torch2,17629184,17647472,14878320,14886608
object_bl,17649664,17672272,14886608,14895920
object_tp,17674240,17681648,14895920,14900864
object_oA1,17682432,17700624,14900864,14910224
object_st,17702912,17726384,14910224,14923280
object_bw,17727488,17736288,14923280,14928656
object_ei,17739776,17753120,14928656,14936224
object_horse_normal,17756160,17797056,14936224,14969024
object_oB1,17797120,17823408,14969024,14981264
object_o_anime,17825792,17834320,14981264,14988432
object_spot04_objects,17838080,17843904,14988432,14991632
object_ddan_objects,17846272,17880928,14991632,15013904
object_hidan_objects,17883136,17980704,15013904,15062528
object_horse_ganon,17981440,18030736,15062528,15096272
object_oA2,18034688,18056912,15096272,15101440
object_spot00_objects,18059264,18066448,15101440,15104304
object_mb,18067456,18149792,15104304,15160528
object_bombf,18153472,18160128,15160528,15164528
object_sk2,18161664,18221056,15164528,15210256
object_oE1,18223104,18249744,15210256,15222832
object_oE_anime,18251776,18272352,15222832,15242288
object_oE2,18276352,18299504,15242288,15253280
object_ydan_objects,18300928,18337920,15253280,15281792
object_gnd,18341888,18419712,15281792,15341152
object_am,18419712,18443088,15341152,15353264
object_dekubaba,18444288,18459072,15353264,15363488
object_oA3,18460672,18469168,15363488,15368016
object_oA4,18472960,18478896,15368016,15370768
object_oA5,18481152,18486960,15370768,15373456
object_oA6,18489344,18496000,15373456,15376496
object_oA7,18497536,18502992,15376496,15379040
object_jj,18505728,18553536,15379040,15407072
object_oA8,18554880,18560944,15407072,15409696
object_oA9,18563072,18564384,15409696,15410656
object_oB2,18567168,18583776,15410656,15419072
object_oB3,18587648,18605200,15419072,15427808
object_oB4,18608128,18614384,15427808,15430704
object_horse_zelda,18616320,18645344,15430704,15449424
object_opening_demo1,18649088,18669664,15449424,15468112
object_warp1,18673664,18685104,15468112,15476320
object_b_heart,18685952,18687552,15476320,15477504
object_dekunuts,18690048,18703968,15477504,15485824
object_oE3,18706432,18735392,15485824,15499296
object_oE4,18739200,18759632,15499296,15508944
object_menkuri_objects,18759680,18795280,15508944,15533664
object_oE5,18796544,18818496,15533664,15544480
object_oE6,18821120,18832976,15544480,15550736
object_oE7,18833408,18844256,15550736,15557280
object_oE8,18845696,18858960,15557280,15564096
object_oE9,18862080,18874128,15564096,15569328
object_oE10,18874368,18885072,15569328,15575200
object_oE11,18886656,18899440,15575200,15581040
object_oE12,18903040,18917312,15581040,15588240
object_vali,18919424,18937936,15588240,15597920
object_oA10,18939904,18951856,15597920,15603568
object_oA11,18952192,18957760,15603568,15606400
object_mizu_objects,18960384,19006240,15606400,15633792
object_fhg,19009536,19083744,15633792,15681088
object_ossan,19087360,19127120,15681088,15698176
object_mori_hineri1,19128320,19150064,15698176,15706416
object_Bb,19152896,19159616,15706416,15710272
object_toki_objects,19161088,19194960,15710272,15727088
object_yukabyun,19197952,19203312,15727088,15729792
object_zl2,19206144,19275136,15729792,15761296
object_mjin,19275776,19280528,15761296,15763904
object_mjin_flash,19283968,19288064,15763904,15766512
object_mjin_dark,19288064,19292160,15766512,15769776
object_mjin_flame,19292160,19296256,15769776,15772608
object_mjin_ice,19296256,19300352,15772608,15775936
object_mjin_soul,19300352,19304448,15775936,15779232
object_mjin_wind,19304448,19308544,15779232,15782496
object_mjin_oka,19308544,19315552,15782496,15787696
object_haka_objects,19316736,19437232,15787696,15848928
object_spot06_objects,19439616,19451296,15848928,15857200
object_ice_objects,19451904,19488080,15857200,15882896
object_relay_objects,19488768,19502640,15882896,15892544
object_mori_hineri1a,19505152,19518656,15892544,15897472
object_mori_hineri2,19521536,19538944,15897472,15904080
object_mori_hineri2a,19542016,19566768,15904080,15913648
object_mori_objects,19570688,19606032,15913648,15930576
object_mori_tex,19607552,19648000,15930576,15954624
object_spot08_obj,19648512,19670528,15954624,15968256
object_warp2,19673088,19673104,15968256,15968288
object_hata,19677184,19689440,15968288,15974272
object_bird,19689472,19698080,15974272,15980144
object_wood02,19701760,19736528,15980144,16000256
object_lightbox,19738624,19746624,16000256,16002640
object_pu_box,19746816,19752448,16002640,16005248
object_trap,19755008,19764192,16005248,16012272
object_vase,19767296,19772816,16012272,16016528
object_im,19775488,19849776,16016528,16052624
object_ta,19853312,19911664,16052624,16085456
object_tk,19914752,19963472,16085456,16115184
object_xc,19963904,20078848,16115184,16194944
object_vm,20082688,20098928,16194944,16203280
object_bv,20099072,20226480,16203280,16265280
object_hakach_objects,20230144,20257520,16265280,16284768
object_efc_crystal_light,20258816,20261536,16284768,16287424
object_efc_fire_ball,20262912,20266240,16287424,16290608
object_efc_flash,20267008,20267024,16290608,16290640
object_efc_lgt_shower,20271104,20275920,16290640,16294352
object_efc_star_field,20279296,20285392,16294352,16298528
object_god_lgt,20287488,20304720,16298528,16309984
object_light_ring,20307968,20312704,16309984,16311392
object_triforce_spot,20316160,20326672,16311392,16318400
object_medal,20328448,20349248,16318400,16325632
object_bdan_objects,20353024,20405520,16325632,16358000
object_sd,20406272,20457184,16358000,16384160
object_rd,20459520,20520944,16384160,16421184
object_po_sisters,20520960,20579264,16421184,16454160
object_heavy_object,20582400,20589280,16454160,16457856
object_gndd,20590592,20662784,16457856,16495776
object_fd,20664320,20735600,16495776,16534976
object_du,20738048,20811824,16534976,16581264
object_fw,20815872,20848096,16581264,16602816
object_horse_link_child,20848640,20884256,16602816,16627216
object_spot02_objects,20885504,20977184,16627216,16677248
object_haka,20979712,20984928,16677248,16681520
object_ru1,20987904,21068416,16681520,16740160
object_syokudai,21069824,21085328,16740160,16748976
object_fd2,21086208,21158544,16748976,16796048
object_dh,21159936,21196992,16796048,16824352
object_rl,21200896,21232464,16824352,16840128
object_efc_tw,21233664,21238512,16840128,16845152
object_demo_tre_lgt,21241856,21241872,16845152,16845184
object_gi_key,21245952,21248544,16845184,16846416
object_mir_ray,21250048,21257472,16846416,16848480
object_brob,21258240,21265056,16848480,16852000
object_gi_jewel,21266432,21280384,16852000,16860432
object_spot09_obj,21282816,21383312,16860432,16919648
object_spot18_obj,21385216,21436944,16919648,16949648
object_bdoor,21438464,21468608,16949648,16966912
object_spot17_obj,21471232,21477424,16966912,16971808
object_shop_dungen,21479424,21494304,16971808,16980752
object_nb,21495808,21594592,16980752,17046176
object_mo,21598208,21635184,17046176,17065792
object_sb,21639168,21650592,17065792,17071392
object_gi_melody,21651456,21654816,17071392,17072880
object_gi_heart,21655552,21656048,17072880,17073280
object_gi_compass,21659648,21662992,17073280,17074960
object_gi_bosskey,21663744,21667856,17074960,17076832
object_gi_medal,21671936,21693296,17076832,17083136
object_gi_nuts,21696512,21701056,17083136,17086080
object_sa,21704704,21791280,17086080,17145440
object_gi_hearts,21794816,21800880,17145440,17147840
object_gi_arrowcase,21803008,21806256,17147840,17149520
object_gi_bombpouch,21807104,21810784,17149520,17151216
object_in,21811200,21912656,17151216,17207872
object_tr,21913600,21990960,17207872,17255744
object_spot16_obj,21991424,21996800,17255744,17259968
object_oE1s,21999616,22025568,17259968,17272736
object_oE4s,22028288,22048256,17272736,17282288
object_os_anime,22048768,22091328,17282288,17317472
object_gi_bottle,22093824,22096112,17317472,17318768
object_gi_stick,22097920,22099648,17318768,17320080
object_gi_map,22102016,22106464,17320080,17323408
object_oF1d_map,22110208,22177184,17323408,17363232
object_ru2,22179840,22243536,17363232,17397264
object_gi_shield_1,22245376,22248784,17397264,17400048
object_dekujr,22249472,22263056,17400048,17407200
object_gi_magicpot,22265856,22270416,17407200,17409344
object_gi_bomb_1,22274048,22277296,17409344,17410896
object_oF1s,22278144,22313120,17410896,17427904
object_ma2,22315008,22355696,17427904,17450832
object_gi_purse,22355968,22362992,17450832,17457216
object_hni,22364160,22409072,17457216,17492720
object_tw,22409216,22650800,17492720,17644464
object_rr,22650880,22654464,17644464,17646944
object_bxa,22654976,22666224,17646944,17654688
object_anubice,22667264,22682016,17654688,17663376
object_gi_gerudo,22683648,22688576,17663376,17666544
object_gi_arrow,22691840,22698768,17666544,17669248
object_gi_bomb_2,22700032,22701728,17669248,17670448
object_gi_egg,22704128,22709024,17670448,17672960
object_gi_scale,22712320,22715888,17672960,17674848
object_gi_shield_2,22716416,22720624,17674848,17677264
object_gi_hookshot,22724608,22730080,17677264,17680112
object_gi_ocarina,22732800,22735792,17680112,17681952
object_gi_milk,22736896,22742128,17681952,17684368
object_ma1,22745088,22781312,17684368,17702560
object_ganon,22781952,22852864,17702560,17734064
object_sst,22855680,22965168,17734064,17776032
object_ny,22966272,22974832,17776032,17779904
object_fr,22978560,23024816,17779904,17797792
object_gi_pachinko,23027712,23030880,17797792,17799648
object_gi_boomerang,23031808,23035296,17799648,17801680
object_gi_bow,23035904,23039280,17801680,17803824
object_gi_glasses,23040000,23044480,17803824,17805888
object_gi_liquid,23048192,23054544,17805888,17808592
object_ani,23056384,23086848,17808592,17824368
object_demo_6k,23089152,23104416,17824368,17834128
object_gi_shield_3,23105536,23110336,17834128,17836000
object_gi_letter,23113728,23117312,17836000,17838336
object_spot15_obj,23117824,23125248,17838336,17842272
object_jya_obj,23126016,23241024,17842272,17897264
object_gi_clothes,23244800,23251040,17897264,17900928
object_gi_bean,23252992,23255232,17900928,17902432
object_gi_fish,23257088,23259472,17902432,17903904
object_gi_saw,23261184,23264128,17903904,17905680
object_gi_hammer,23265280,23268544,17905680,17907392
object_gi_grass,23269376,23272464,17907392,17909392
object_gi_longsword,23273472,23275712,17909392,17910832
object_spot01_objects,23277568,23286928,17910832,17917712
object_md,23289856,23331152,17917712,17940992
object_km1,23334912,23357888,17940992,17951136
object_kw1,23359488,23386336,17951136,17962704
object_zo,23388160,23437376,17962704,17987232
object_kz,23441408,23475936,17987232,18002048
object_umajump,23478272,23483504,18002048,18005008
object_masterkokiri,23486464,23487680,18005008,18006144
object_masterkokirihead,23490560,23501984,18006144,18011392
object_mastergolon,23502848,23503120,18011392,18011616
object_masterzoora,23506944,23508896,18011616,18013712
object_aob,23511040,23533232,18013712,18022064
object_ik,23535616,23668176,18022064,18116064
object_ahg,23670784,23693744,18116064,18127392
object_cne,23695360,23706064,18127392,18132016
object_gi_niwatori,23707648,23714288,18132016,18136192
object_skj,23715840,23752240,18136192,18161680
object_gi_bottle_letter,23752704,23755904,18161680,18163664
object_bji,23756800,23773584,18163664,18171296
object_bba,23777280,23794320,18171296,18178672
object_gi_ocarina_0,23797760,23800848,18178672,18180688
object_ds,23801856,23820160,18180688,18191424
object_ane,23822336,23850928,18191424,18203216
object_boj,23851008,23874752,18203216,18215008
object_spot03_object,23875584,23881312,18215008,18218416
object_spot07_object,23883776,23911728,18218416,18237440
object_fz,23912448,23925968,18237440,18242064
object_bob,23928832,23949088,18242064,18249632
object_ge1,23949312,23991472,18249632,18268688
object_yabusame_point,23994368,23998032,18268688,18270160
object_gi_boots_2,23998464,24005568,18270160,18273872
object_gi_seed,24006656,24009408,18273872,18275728
object_gnd_magic,24010752,24015488,18275728,18280048
object_d_elevator,24018944,24023952,18280048,18284976
object_d_hsblock,24027136,24033120,18284976,18289760
object_d_lift,24035328,24041472,18289760,18295680
object_mamenoki,24043520,24053472,18295680,18303824
object_goroiwa,24055808,24062112,18303824,18307232
object_toryo,24064000,24093024,18307232,18321152
object_daiku,24096768,24131696,18321152,18340816
object_nwc,24133632,24137120,18340816,18343552
object_blkobj,24137728,24217744,18343552,18391296
object_gm,24219648,24220368,18391296,18391888
object_ms,24223744,24239568,18391888,18400240
object_hs,24240128,24265328,18400240,18413408
object_ingate,24268800,24273392,18413408,18415360
object_lightswitch,24276992,24286240,18415360,18420624
object_kusa,24289280,24290176,18420624,18421216
object_tsubo,24293376,24300016,18421216,18426896
object_gi_gloves,24301568,24308064,18426896,18430000
object_gi_coin,24309760,24311888,18430000,18431152
object_kanban,24313856,24319920,18431152,18432832
object_gjyo_objects,24322048,24327664,18432832,18436112
object_owl,24330240,24395968,18436112,18466432
object_mk,24399872,24423936,18466432,18478080
object_fu,24424448,24452256,18478080,18492528
object_gi_ki_tan_mask,24453120,24456688,18492528,18494528
object_gi_redead_mask,24457216,24459920,18494528,18495872
object_gi_skj_mask,24461312,24464608,18495872,18497824
object_gi_rabit_mask,24465408,24469248,18497824,18499856
object_gi_truth_mask,24469504,24475744,18499856,18503024
object_ganon_objects,24477696,24482160,18503024,18505392
object_siofuki,24485888,24489392,18505392,18507120
object_stream,24489984,24492672,18507120,18508576
object_mm,24494080,24526960,18508576,18526704
object_fa,24530944,24546192,18526704,18532784
object_os,24547328,24565360,18532784,18542928
object_gi_eye_lotion,24567808,24570224,18542928,18544272
object_gi_powder,24571904,24574848,18544272,18546016
object_gi_mushroom,24576000,24579280,18546016,18547616
object_gi_ticketstone,24580096,24584864,18547616,18550560
object_gi_brokensword,24588288,24590736,18550560,18551936
object_js,24592384,24616752,18551936,18564528
object_cs,24616960,24651088,18564528,18581136
object_gi_prescription,24653824,24656928,18581136,18582512
object_gi_bracelet,24657920,24660976,18582512,18584016
object_gi_soldout,24662016,24663248,18584016,18584672
object_gi_frog,24666112,24670480,18584672,18587104
object_mag,24674304,24828224,18587104,18636192
object_door_gerudo,24829952,24832416,18636192,18637344
object_gt,24834048,24913392,18637344,18684864
object_efc_erupc,24915968,24926448,18684864,18690928
object_zl2_anime1,24928256,24974864,18690928,18726272
object_zl2_anime2,24977408,25021152,18726272,18763344
object_gi_golonmask,25022464,25028528,18763344,18767296
object_gi_zoramask,25030656,25036336,18767296,18770656
object_gi_gerudomask,25038848,25043968,18770656,18774336
object_ganon2,25047040,25267184,18774336,18935344
object_ka,25268224,25294784,18935344,18945136
object_ts,25296896,25317360,18945136,18954944
object_zg,25317376,25321984,18954944,18955664
object_gi_hoverboots,25325568,25333360,18955664,18960064
object_gi_m_arrow,25333760,25337472,18960064,18961792
object_ds2,25337856,25354864,18961792,18970304
object_ec,25358336,25409840,18970304,19014928
object_fish,25411584,25499120,19014928,19059728
object_gi_sutaru,25501696,25503312,19059728,19060640
object_gi_goddess,25505792,25508944,19060640,19062048
object_ssh,25509888,25533440,19062048,19074560
object_bigokuta,25534464,25562064,19074560,19090048
object_bg,25563136,25592512,19090048,19105232
object_spot05_objects,25595904,25600752,19105232,19108736
object_spot12_obj,25604096,25613248,19108736,19113600
object_bombiwa,25616384,25619200,19113600,19116320
object_hintnuts,25620480,25633088,19116320,19125040
object_rs,25636864,25655424,19125040,19134576
object_spot00_break,25657344,25665056,19134576,19140208
object_gla,25665536,25706224,19140208,19164864
object_shopnuts,25706496,25724304,19164864,19176256
object_geldb,25726976,25773808,19176256,19205472
object_gr,25776128,25816208,19205472,19218416
object_dog,25817088,25846432,19218416,19233280
object_jya_iron,25849856,25859680,19233280,19237104
object_jya_door,25862144,25870976,19237104,19240800
object_spot01_objects2,25874432,25874448,19240800,19240832
object_spot11_obj,25878528,25885328,19240832,19246032
object_kibako2,25886720,25891008,19246032,19249696
object_dns,25894912,25909200,19249696,19259072
object_dnk,25911296,25923120,19259072,19266480
object_gi_fire,25923584,25927648,19266480,19269008
object_gi_insect,25927680,25930736,19269008,19270864
object_gi_butterfly,25931776,25934800,19270864,19272704
object_gi_ghost,25935872,25939376,19272704,19275152
object_gi_soul,25939968,25943984,19275152,19277232
object_bowl,25944064,25957616,19277232,19282592
object_po_field,25960448,25987648,19282592,19299344
object_demo_kekkai,25989120,26049808,19299344,19334912
object_efc_doughnut,26050560,26054736,19334912,19337168
object_gi_dekupouch,26058752,26062928,19337168,19339808
object_ganon_anime1,26066944,26115136,19339808,19388352
object_ganon_anime2,26116096,26182960,19388352,19444240
object_ganon_anime3,26185728,26269680,19444240,19514720
object_gi_rupy,26271744,26273792,19514720,19515776
object_spot01_matoya,26275840,26291344,19515776,19527024
object_spot01_matoyab,26292224,26300896,19527024,19532448
object_po_composer,26304512,26333088,19532448,19549536
object_mu,26333184,26377808,19549536,19572864
object_wf,26378240,26420480,19572864,19597712
object_skb,26423296,26441744,19597712,19611136
object_gj,26443776,26486560,19611136,19644544
object_geff,26488832,26492848,19644544,19647936
object_haka_door,26492928,26507632,19647936,19654608
object_gs,26509312,26512000,19654608,19657408
object_ps,26513408,26564864,19657408,19683040
object_bwall,26566656,26571088,19683040,19686080
object_crow,26574848,26579152,19686080,19688048
object_cow,26583040,26603184,19688048,19698640
object_cob,26603520,26612240,19698640,19701968
object_gi_sword_1,26615808,26619168,19701968,19703808
object_door_killer,26619904,26627040,19703808,19705728
object_ouke_haka,26628096,26630512,19705728,19708112
object_timeblock,26632192,26635104,19708112,19710816
object_zl4,26636288,26754592,19710816,19789856
g_pn_01,26755072,26765440,19789856,19793424
g_pn_02,26767360,26777728,19793424,19797328
g_pn_03,26779648,26790016,19797328,19800272
g_pn_04,26791936,26802304,19800272,19803632
g_pn_05,26804224,26814592,19803632,19807168
g_pn_06,26816512,26826880,19807168,19810624
g_pn_07,26828800,26839168,19810624,19815008
g_pn_08,26841088,26851456,19815008,19819104
g_pn_09,26853376,26863744,19819104,19822752
g_pn_10,26865664,26876032,19822752,19825776
g_pn_11,26877952,26888320,19825776,19829792
g_pn_12,26890240,26900608,19829792,19833296
g_pn_13,26902528,26912896,19833296,19837440
g_pn_14,26914816,26925184,19837440,19841792
g_pn_15,26927104,26937472,19841792,19845344
g_pn_16,26939392,26949760,19845344,19848896
g_pn_17,26951680,26962048,19848896,19851968
g_pn_18,26963968,26974336,19851968,19854736
g_pn_19,26976256,26986624,19854736,19858048
g_pn_20,26988544,26998912,19858048,19861408
g_pn_21,27000832,27011200,19861408,19864320
g_pn_22,27013120,27023488,19864320,19868128
g_pn_23,27025408,27035776,19868128,19869456
g_pn_24,27037696,27048064,19869456,19872640
g_pn_25,27049984,27060352,19872640,19877056
g_pn_26,27062272,27072640,19877056,19881024
g_pn_27,27074560,27084928,19881024,19884656
g_pn_28,27086848,27097216,19884656,19888240
g_pn_29,27099136,27109504,19888240,19890848
g_pn_30,27111424,27121792,19890848,19893840
g_pn_31,27123712,27134080,19893840,19897120
g_pn_32,27136000,27146368,19897120,19899776
g_pn_33,27148288,27158656,19899776,19903040
g_pn_34,27160576,27170944,19903040,19906448
g_pn_35,27172864,27183232,19906448,19909552
g_pn_36,27185152,27195520,19909552,19912992
g_pn_37,27197440,27207808,19912992,19916944
g_pn_38,27209728,27220096,19916944,19920768
g_pn_39,27222016,27232384,19920768,19924544
g_pn_40,27234304,27244672,19924544,19928400
g_pn_41,27246592,27256960,19928400,19931136
g_pn_42,27258880,27269248,19931136,19934016
g_pn_43,27271168,27281536,19934016,19937920
g_pn_44,27283456,27293824,19937920,19941616
g_pn_45,27295744,27306112,19941616,19945136
g_pn_46,27308032,27318400,19945136,19947616
g_pn_47,27320320,27330688,19947616,19951776
g_pn_48,27332608,27342976,19951776,19953664
g_pn_49,27344896,27355264,19953664,19957696
g_pn_50,27357184,27367552,19957696,19961776
g_pn_51,27369472,27379840,19961776,19965648
g_pn_52,27381760,27392128,19965648,19969568
g_pn_53,27394048,27404416,19969568,19973632
g_pn_54,27406336,27416704,19973632,19976736
g_pn_55,27418624,27428992,19976736,19980704
g_pn_56,27430912,27441280,19980704,19984704
g_pn_57,27443200,27453568,19984704,19985104
z_select_static,27455488,27464192,19985104,19987136
nintendo_rogo_static,27467776,27479488,19987136,19993136
title_static,27480064,27771968,19993136,20143392
parameter_static,27774976,27790080,20143392,20147680
vr_fine0_static,27791360,27840512,20147680,20158576
vr_fine0_pal_static,27840512,27840768,20158576,0
vr_fine1_static,27844608,27893760,20158832,20183840
vr_fine1_pal_static,27893760,27894016,20183840,0
vr_fine2_static,27897856,27947008,20184096,20204496
vr_fine2_pal_static,27947008,27947264,20204496,0
vr_fine3_static,27951104,28000256,20204752,20220352
vr_fine3_pal_static,28000256,28000512,20220352,0
vr_cloud0_static,28004352,28053504,20220608,20248224
vr_cloud0_pal_static,28053504,28053760,20248224,0
vr_cloud1_static,28057600,28106752,20248480,20276960
vr_cloud1_pal_static,28106752,28107008,20276960,0
vr_cloud2_static,28110848,28160000,20277216,20306720
vr_cloud2_pal_static,28160000,28160256,20306720,0
vr_cloud3_static,28164096,28213248,20306976,20327088
vr_cloud3_pal_static,28213248,28213504,20327088,0
vr_holy0_static,28217344,28282880,20327344,20354240
vr_holy0_pal_static,28282880,28283136,20354240,0
vr_holy1_static,28286976,28352512,20354496,20381312
vr_holy1_pal_static,28352512,28352768,20381312,0
vr_MDVR_static,28356608,28618752,20381568,20564928
vr_MDVR_pal_static,28618752,28620800,20564928,0
vr_MNVR_static,28622848,28884992,20566976,20722896
vr_MNVR_pal_static,28884992,28887040,20722896,0
vr_RUVR_static,28889088,29151232,20724944,20944176
vr_RUVR_pal_static,29151232,29153280,20944176,0
vr_LHVR_static,29155328,29417472,20946224,21196176
vr_LHVR_pal_static,29417472,29419520,21196176,0
vr_KHVR_static,29421568,29683712,21198224,21435440
vr_KHVR_pal_static,29683712,29685760,21435440,0
vr_K3VR_static,29687808,29884416,21437488,21612400
vr_K3VR_pal_static,29884416,29885952,21612400,0
vr_K4VR_static,29888512,30085120,21613936,21797104
vr_K4VR_pal_static,30085120,30086656,21797104,0
vr_K5VR_static,30089216,30285824,21798640,21973472
vr_K5VR_pal_static,30285824,30287360,21973472,0
vr_SP1a_static,30289920,30420992,21975008,22035136
vr_SP1a_pal_static,30420992,30422016,22035136,0
vr_MLVR_static,30425088,30687232,22036160,22269712
vr_MLVR_pal_static,30687232,30689280,22269712,0
vr_KKRVR_static,30691328,30953472,22271760,22415904
vr_KKRVR_pal_static,30953472,30955520,22415904,0
vr_KR3VR_static,30957568,31154176,22417952,22530672
vr_KR3VR_pal_static,31154176,31155712,22530672,0
vr_IPVR_static,31158272,31420416,22532208,22673680
vr_IPVR_pal_static,31420416,31422464,22673680,0
vr_KSVR_static,31424512,31555584,22675728,22774304
vr_KSVR_pal_static,31555584,31556608,22774304,0
vr_GLVR_static,31559680,31690752,22775328,22890720
vr_GLVR_pal_static,31690752,31691776,22890720,0
vr_ZRVR_static,31694848,31825920,22891744,22989552
vr_ZRVR_pal_static,31825920,31826944,22989552,0
vr_DGVR_static,31830016,31961088,22990576,23074256
vr_DGVR_pal_static,31961088,31962112,23074256,0
vr_ALVR_static,31965184,32096256,23075280,23173984
vr_ALVR_pal_static,32096256,32097280,23173984,0
vr_NSVR_static,32100352,32231424,23175008,23262832
vr_NSVR_pal_static,32231424,32232448,23262832,0
vr_LBVR_static,32235520,32497664,23263856,23442560
vr_LBVR_pal_static,32497664,32499712,23442560,0
vr_TTVR_static,32501760,32698368,23444608,23579120
vr_TTVR_pal_static,32698368,32699904,23579120,0
vr_FCVR_static,32702464,32833536,23580656,23655680
vr_FCVR_pal_static,32833536,32834560,23655680,0
elf_message_field,32837632,32837744,23656704,23656848
elf_message_ydan,32841728,32841744,23656848,23656880
ydan_scene,32845824,32901664,23656880,23690336
ydan_room_0,32903168,32990032,23690336,23743968
ydan_room_1,32993280,33010176,23743968,23757712
ydan_room_2,33013760,33038128,23757712,23775408
ydan_room_3,33038336,33120688,23775408,23831344
ydan_room_4,33124352,33143856,23831344,23845712
ydan_room_5,33144832,33178512,23845712,23869456
ydan_room_6,33181696,33201920,23869456,23885040
ydan_room_7,33202176,33237664,23885040,23913840
ydan_room_8,33239040,33242512,23913840,23916112
ydan_room_9,33243136,33282208,23916112,23947568
ydan_room_10,33284096,33304064,23947568,23961168
ydan_room_11,33304576,33333616,23961168,23978816
ddan_scene,33337344,33423680,23978816,24029904
ddan_room_0,33427456,33540256,24029904,24084288
ddan_room_1,33542144,33581936,24084288,24106080
ddan_room_2,33583104,33615552,24106080,24124528
ddan_room_3,33615872,33672816,24124528,24154608
ddan_room_4,33673216,33712480,24154608,24174416
ddan_room_5,33714176,33738432,24174416,24187760
ddan_room_6,33738752,33748144,24187760,24194032
ddan_room_7,33751040,33781504,24194032,24209104
ddan_room_8,33783808,33822112,24209104,24233264
ddan_room_9,33824768,33871152,24233264,24258848
ddan_room_10,33873920,33906448,24258848,24278800
ddan_room_11,33906688,33914928,24278800,24284048
ddan_room_12,33918976,33953664,24284048,24304720
ddan_room_13,33955840,33965264,24304720,24311024
ddan_room_14,33968128,33977552,24311024,24317280
ddan_room_15,33980416,33990960,24317280,24324400
ddan_room_16,33992704,34014560,24324400,24340368
bdan_scene,34017280,34105312,24340368,24397104
bdan_room_0,34107392,34124096,24397104,24406144
bdan_room_1,34127872,34152384,24406144,24415968
bdan_room_2,34152448,34189888,24415968,24437392
bdan_room_3,34193408,34222688,24437392,24456432
bdan_room_4,34226176,34242816,24456432,24464592
bdan_room_5,34246656,34271376,24464592,24480336
bdan_room_6,34275328,34292288,24480336,24487632
bdan_room_7,34295808,34309328,24487632,24494976
bdan_room_8,34312192,34326592,24494976,24499984
bdan_room_9,34328576,34343984,24499984,24506080
bdan_room_10,34344960,34359328,24506080,24511008
bdan_room_11,34361344,34376176,24511008,24516304
bdan_room_12,34377728,34393312,24516304,24522544
bdan_room_13,34394112,34405248,24522544,24530976
bdan_room_14,34406400,34431440,24530976,24545600
bdan_room_15,34435072,34445024,24545600,24549296
Bmori1_scene,34447360,34537360,24549296,24602128
Bmori1_room_0,34537472,34593680,24602128,24637088
Bmori1_room_1,34594816,34618224,24637088,24648960
Bmori1_room_2,34619392,34683264,24648960,24679376
Bmori1_room_3,34684928,34699744,24679376,24686496
Bmori1_room_4,34701312,34714304,24686496,24691456
Bmori1_room_5,34717696,34731472,24691456,24698464
Bmori1_room_6,34734080,34772016,24698464,24713456
Bmori1_room_7,34775040,34852832,24713456,24752672
Bmori1_room_8,34852864,34949808,24752672,24799952
Bmori1_room_9,34951168,34992480,24799952,24819584
Bmori1_room_10,34996224,35017696,24819584,24833136
Bmori1_room_11,35020800,35064800,24833136,24850768
Bmori1_room_12,35065856,35099616,24850768,24868608
Bmori1_room_13,35102720,35138224,24868608,24886720
Bmori1_room_14,35139584,35162992,24886720,24898560
Bmori1_room_15,35164160,35174112,24898560,24905072
Bmori1_room_16,35176448,35196832,24905072,24914608
Bmori1_room_17,35196928,35234032,24914608,24930224
Bmori1_room_18,35237888,35242800,24930224,24932880
Bmori1_room_19,35246080,35247360,24932880,24933664
Bmori1_room_20,35250176,35255040,24933664,24937152
Bmori1_room_21,35258368,35264368,24937152,24940272
Bmori1_room_22,35266560,35274208,24940272,24943680
HIDAN_scene,35274752,35383248,24943680,25006976
HIDAN_room_0,35385344,35414768,25006976,25020592
HIDAN_room_1,35418112,35469616,25020592,25045936
HIDAN_room_2,35471360,35536944,25045936,25074512
HIDAN_room_3,35540992,35550416,25074512,25079584
HIDAN_room_4,35553280,35584240,25079584,25094144
HIDAN_room_5,35586048,35627744,25094144,25110928
HIDAN_room_6,35631104,35659664,25110928,25125808
HIDAN_room_7,35659776,35674704,25125808,25133328
HIDAN_room_8,35676160,35715808,25133328,25153664
HIDAN_room_9,35717120,35751792,25153664,25168960
HIDAN_room_10,35753984,35853344,25168960,25209760
HIDAN_room_11,35856384,35870688,25209760,25216848
HIDAN_room_12,35872768,35883888,25216848,25221712
HIDAN_room_13,35885056,35937168,25221712,25241904
HIDAN_room_14,35938304,35947008,25241904,25246528
HIDAN_room_15,35950592,35955088,25246528,25248960
HIDAN_room_16,35958784,36006368,25248960,25273296
HIDAN_room_17,36007936,36045168,25273296,25289552
HIDAN_room_18,36048896,36064256,25289552,25297776
HIDAN_room_19,36065280,36082224,25297776,25306272
HIDAN_room_20,36085760,36113680,25306272,25320512
HIDAN_room_21,36114432,36148352,25320512,25338976
HIDAN_room_22,36151296,36178672,25338976,25352928
HIDAN_room_23,36179968,36207904,25352928,25367232
HIDAN_room_24,36208640,36230464,25367232,25377456
HIDAN_room_25,36233216,36260576,25377456,25391936
HIDAN_room_26,36261888,36288672,25391936,25403536
MIZUsin_scene,36290560,36379696,25403536,25451776
MIZUsin_room_0,36380672,36469808,25451776,25496912
MIZUsin_room_1,36470784,36512208,25496912,25517088
MIZUsin_room_2,36515840,36539536,25517088,25530672
MIZUsin_room_3,36540416,36566976,25530672,25545088
MIZUsin_room_4,36569088,36593696,25545088,25559392
MIZUsin_room_5,36597760,36640320,25559392,25585232
MIZUsin_room_6,36642816,36688640,25585232,25611360
MIZUsin_room_7,36691968,36713824,25611360,25623648
MIZUsin_room_8,36716544,36773248,25623648,25657280
MIZUsin_room_9,36773888,36806832,25657280,25675488
MIZUsin_room_10,36810752,36835440,25675488,25688224
MIZUsin_room_11,36839424,36858400,25688224,25699024
MIZUsin_room_12,36859904,36888112,25699024,25713264
MIZUsin_room_13,36888576,36891136,25713264,25714688
MIZUsin_room_14,36892672,36920960,25714688,25729664
MIZUsin_room_15,36921344,36951152,25729664,25747232
MIZUsin_room_16,36954112,36969264,25747232,25756928
MIZUsin_room_17,36970496,37006000,25756928,25774400
MIZUsin_room_18,37007360,37024000,25774400,25784528
MIZUsin_room_19,37027840,37042480,25784528,25794320
MIZUsin_room_20,37044224,37070912,25794320,25810224
MIZUsin_room_21,37072896,37102752,25810224,25826560
MIZUsin_room_22,37105664,37142768,25826560,25846096
jyasinzou_scene,37146624,37251872,25846096,25910816
jyasinzou_room_0,37253120,37322736,25910816,25946432
jyasinzou_room_1,37322752,37360464,25946432,25965008
jyasinzou_room_2,37363712,37387184,25965008,25975648
jyasinzou_room_3,37388288,37403600,25975648,25985024
jyasinzou_room_4,37404672,37433984,25985024,26002112
jyasinzou_room_5,37437440,37535760,26002112,26051792
jyasinzou_room_6,37539840,37558256,26051792,26059952
jyasinzou_room_7,37560320,37582096,26059952,26069856
jyasinzou_room_8,37584896,37617840,26069856,26085664
jyasinzou_room_9,37621760,37645776,26085664,26096384
jyasinzou_room_10,37646336,37679520,26096384,26111728
jyasinzou_room_11,37683200,37687312,26111728,26114368
jyasinzou_room_12,37691392,37699808,26114368,26119584
jyasinzou_room_13,37703680,37726384,26119584,26133536
jyasinzou_room_14,37728256,37747872,26133536,26143248
jyasinzou_room_15,37748736,37782688,26143248,26159008
jyasinzou_room_16,37785600,37810624,26159008,26170512
jyasinzou_room_17,37814272,37852752,26170512,26187232
jyasinzou_room_18,37855232,37879008,26187232,26199200
jyasinzou_room_19,37879808,37903824,26199200,26209920
jyasinzou_room_20,37904384,37937600,26209920,26225264
jyasinzou_room_21,37941248,37959264,26225264,26234704
jyasinzou_room_22,37961728,37974128,26234704,26241824
jyasinzou_room_23,37978112,38015504,26241824,26260912
jyasinzou_room_24,38019072,38044880,26260912,26272752
jyasinzou_room_25,38047744,38136736,26272752,26318896
jyasinzou_room_26,38137856,38189824,26318896,26346944
jyasinzou_room_27,38191104,38213392,26346944,26354752
jyasinzou_room_28,38215680,38251056,26354752,26372592
HAKAdan_scene,38252544,38351808,26372592,26430944
HAKAdan_room_0,38354944,38400336,26430944,26446336
HAKAdan_room_1,38404096,38410992,26446336,26450080
HAKAdan_room_2,38412288,38455776,26450080,26472592
HAKAdan_room_3,38457344,38467968,26472592,26479376
HAKAdan_room_4,38469632,38476896,26479376,26483216
HAKAdan_room_5,38477824,38501056,26483216,26494992
HAKAdan_room_6,38502400,38532592,26494992,26508944
HAKAdan_room_7,38535168,38542048,26508944,26512640
HAKAdan_room_8,38543360,38564000,26512640,26522576
HAKAdan_room_9,38567936,38620304,26522576,26547616
HAKAdan_room_10,38621184,38651888,26547616,26563024
HAKAdan_room_11,38653952,38669920,26563024,26572448
HAKAdan_room_12,38670336,38692688,26572448,26583824
HAKAdan_room_13,38694912,38699040,26583824,26586800
HAKAdan_room_14,38703104,38725888,26586800,26598592
HAKAdan_room_15,38727680,38757056,26598592,26611104
HAKAdan_room_16,38760448,38770992,26611104,26616656
HAKAdan_room_17,38772736,38784480,26616656,26623376
HAKAdan_room_18,38785024,38839056,26623376,26642384
HAKAdan_room_19,38842368,38854016,26642384,26649344
HAKAdan_room_20,38854656,38862400,26649344,26653424
HAKAdan_room_21,38862848,38909360,26653424,26677696
HAKAdan_room_22,38912000,38922672,26677696,26684560
HAKAdanCH_scene,38924288,38974864,26684560,26715408
HAKAdanCH_room_0,38977536,39065376,26715408,26758000
HAKAdanCH_room_1,39067648,39113008,26758000,26776752
HAKAdanCH_room_2,39116800,39129440,26776752,26781984
HAKAdanCH_room_3,39133184,39140544,26781984,26785616
HAKAdanCH_room_4,39141376,39150752,26785616,26791376
HAKAdanCH_room_5,39153664,39164304,26791376,26797648
HAKAdanCH_room_6,39165952,39177888,26797648,26806640
ice_doukutu_scene,39178240,39249600,26806640,26864064
ice_doukutu_room_0,39251968,39286400,26864064,26891568
ice_doukutu_room_1,39288832,39339312,26891568,26927648
ice_doukutu_room_2,39342080,39365376,26927648,26945760
ice_doukutu_room_3,39366656,39399568,26945760,26968640
ice_doukutu_room_4,39403520,39433808,26968640,26991200
ice_doukutu_room_5,39436288,39471232,26991200,27014736
ice_doukutu_room_6,39473152,39489968,27014736,27026736
ice_doukutu_room_7,39493632,39516400,27026736,27039872
ice_doukutu_room_8,39518208,39524640,27039872,27043600
ice_doukutu_room_9,39526400,39560848,27043600,27064960
ice_doukutu_room_10,39563264,39580640,27064960,27078864
ice_doukutu_room_11,39583744,39606352,27078864,27094144
men_scene,39608320,39679168,27094144,27140528
men_room_0,39682048,39747472,27140528,27177840
men_room_1,39747584,39785072,27177840,27200032
men_room_2,39788544,39809104,27200032,27210640
men_room_3,39813120,39844944,27210640,27230192
men_room_4,39845888,39887328,27230192,27257632
men_room_5,39890944,39911456,27257632,27271696
men_room_6,39915520,39948160,27271696,27292032
men_room_7,39948288,39981760,27292032,27313728
men_room_8,39985152,40018480,27313728,27327648
men_room_9,40022016,40036464,27327648,27336096
men_room_10,40038400,40062032,27336096,27351568
ganontika_scene,40062976,40200144,27351568,27436160
ganontika_room_0,40202240,40239632,27436160,27449104
ganontika_room_1,40243200,40360400,27449104,27501584
ganontika_room_2,40361984,40392672,27501584,27517456
ganontika_room_3,40394752,40434240,27517456,27538240
ganontika_room_4,40435712,40467600,27538240,27553344
ganontika_room_5,40468480,40498464,27553344,27567440
ganontika_room_6,40501248,40565856,27567440,27589904
ganontika_room_7,40566784,40598672,27589904,27605520
ganontika_room_8,40599552,40636448,27605520,27620896
ganontika_room_9,40640512,40687648,27620896,27636208
ganontika_room_10,40689664,40717248,27636208,27648672
ganontika_room_11,40718336,40745296,27648672,27660864
ganontika_room_12,40747008,40792688,27660864,27680688
ganontika_room_13,40796160,40828224,27680688,27696480
ganontika_room_14,40828928,40870352,27696480,27713040
ganontika_room_15,40873984,40906048,27713040,27728832
ganontika_room_16,40906752,40918576,27728832,27733344
ganontika_room_17,40919040,40953376,27733344,27745312
ganontika_room_18,40955904,41006816,27745312,27764576
ganontika_room_19,41009152,41041216,27764576,27780352
spot00_scene,41041920,41214496,27780352,27887536
spot00_room_0,41218048,41304624,27887536,27924480
spot01_scene,41308160,41423184,27924480,28002176
spot01_room_0,41426944,41467616,28002176,28020336
spot02_scene,41467904,41516160,28020336,28050128
spot02_room_0,41517056,41527008,28050128,28053696
spot02_room_1,41529344,41652112,28053696,28128320
spot03_scene,41652224,41698656,28128320,28162208
spot03_room_0,41701376,41757056,28162208,28191552
spot03_room_1,41758720,41788672,28191552,28208848
spot04_scene,41791488,41861696,28208848,28254160
spot04_room_0,41865216,41976976,28254160,28318928
spot04_room_1,41979904,42014080,28318928,28339216
spot04_room_2,42016768,42037360,28339216,28351728
spot05_scene,42041344,42126688,28351728,28408032
spot05_room_0,42127360,42168064,28408032,28424384
spot06_scene,42168320,42279984,28424384,28501920
spot06_room_0,42283008,42325536,28501920,28522016
spot07_scene,42328064,42367008,28522016,28551920
spot07_room_0,42369024,42394352,28551920,28562944
spot07_room_1,42397696,42449312,28562944,28589440
spot08_scene,42450944,42522272,28589440,28643328
spot08_room_0,42524672,42557792,28643328,28659024
spot09_scene,42561536,42631520,28659024,28705312
spot09_room_0,42635264,42670016,28705312,28720736
spot10_scene,42672128,42738736,28720736,28764432
spot10_room_0,42741760,42751472,28764432,28768112
spot10_room_1,42754048,42787888,28768112,28786800
spot10_room_2,42790912,42810352,28786800,28796656
spot10_room_3,42811392,42834608,28796656,28809280
spot10_room_4,42835968,42845392,28809280,28812704
spot10_room_5,42848256,42876912,28812704,28826304
spot10_room_6,42876928,42892016,28826304,28835552
spot10_room_7,42893312,42902976,28835552,28839056
spot10_room_8,42905600,42915440,28839056,28842624
spot10_room_9,42917888,42933216,28842624,28851184
spot11_scene,42934272,43037920,28851184,28924016
spot11_room_0,43040768,43091904,28924016,28951168
spot12_scene,43094016,43159168,28951168,28992352
spot12_room_0,43159552,43230656,28992352,29030128
spot12_room_1,43233280,43282592,29030128,29057760
spot13_scene,43286528,43310640,29057760,29074192
spot13_room_0,43311104,43313424,29074192,29075536
spot13_room_1,43315200,43391552,29075536,29121504
spot15_scene,43393024,43492608,29121504,29189184
spot15_room_0,43495424,43549120,29189184,29212752
spot16_scene,43552768,43678352,29212752,29303504
spot16_room_0,43679744,43724048,29303504,29325696
spot17_scene,43724800,43790048,29325696,29370432
spot17_room_0,43790336,43817088,29370432,29384336
spot17_room_1,43819008,43893600,29384336,29420224
spot18_scene,43896832,43938896,29420224,29447344
spot18_room_0,43941888,44017616,29447344,29490256
spot18_room_1,44019712,44044800,29490256,29506256
spot18_room_2,44048384,44120496,29506256,29547696
spot18_room_3,44122112,44244208,29547696,29613424
market_day_scene,44244992,44254832,29613424,29618848
market_day_room_0,44257280,44279920,29618848,29624592
market_night_scene,44281856,44291632,29624592,29629904
market_night_room_0,44294144,44316576,29629904,29635504
kenjyanoma_scene,44318720,44333296,29635504,29641392
kenjyanoma_room_0,44335104,44413200,29641392,29680400
tokinoma_scene,44417024,44492704,29680400,29713008
tokinoma_room_0,44494848,44589536,29713008,29745136
tokinoma_room_1,44593152,44622032,29745136,29756672
link_home_scene,44625920,44632928,29756672,29759856
link_home_room_0,44634112,44797056,29759856,29790064
kokiri_shop_scene,44797952,44800384,29790064,29791536
kokiri_shop_room_0,44802048,45001872,29791536,29823296
kokiri_home_scene,45002752,45006016,29823296,29825200
kokiri_home_room_0,45006848,45186096,29825200,29859856
kakusiana_scene,45187072,45242400,29859856,29901008
kakusiana_room_0,45244416,45273760,29901008,29919472
kakusiana_room_1,45277184,45298064,29919472,29934016
kakusiana_room_2,45301760,45312192,29934016,29940672
kakusiana_room_3,45314048,45334832,29940672,29955232
kakusiana_room_4,45338624,45369696,29955232,29977680
kakusiana_room_5,45371392,45389536,29977680,29992720
kakusiana_room_6,45391872,45415024,29992720,30006960
kakusiana_room_7,45416448,45432784,30006960,30018624
kakusiana_room_8,45432832,45446704,30018624,30026608
kakusiana_room_9,45449216,45472464,30026608,30040896
kakusiana_room_10,45473792,45496880,30040896,30060432
kakusiana_room_11,45498368,45532848,30060432,30081776
kakusiana_room_12,45535232,45567568,30081776,30102128
kakusiana_room_13,45568000,45596368,30102128,30123200
entra_scene,45596672,45597664,30123200,30123824
entra_room_0,45600768,45755248,30123824,30153904
moribossroom_scene,45756416,45762816,30153904,30159072
moribossroom_room_0,45764608,45788864,30159072,30174032
moribossroom_room_1,45789184,45845168,30174032,30202128
syatekijyou_scene,45846528,45896384,30202128,30232096
syatekijyou_room_0,45899776,45930224,30232096,30241968
shop1_scene,45932544,45933296,30241968,30242432
shop1_room_0,45936640,46106544,30242432,30264800
hairal_niwa_scene,46108672,46179216,30264800,30309744
hairal_niwa_room_0,46182400,46225632,30309744,30326080
ganon_tou_scene,46227456,46246768,30326080,30340112
ganon_tou_room_0,46247936,46328560,30340112,30389792
market_alley_scene,46329856,46334544,30389792,30392224
market_alley_room_0,46338048,46819072,30392224,30461712
spot20_scene,46821376,46894624,30461712,30506672
spot20_room_0,46895104,46921424,30506672,30516960
market_ruins_scene,46923776,46929456,30516960,30520112
market_ruins_room_0,46931968,46942240,30520112,30522624
entra_n_scene,46944256,46945328,30522624,30523280
entra_n_room_0,46948352,47102832,30523280,30543792
enrui_scene,47104000,47104992,30543792,30544416
enrui_room_0,47108096,47262560,30544416,30570496
market_alley_n_scene,47263744,47268592,30570496,30573040
market_alley_n_room_0,47271936,47752944,30573040,30625296
hiral_demo_scene,47755264,47770960,30625296,30631232
hiral_demo_room_0,47771648,47773248,30631232,30631680
kokiri_home3_scene,47775744,47781792,30631680,30635072
kokiri_home3_room_0,47783936,48006672,30635072,30679600
malon_stable_scene,48009216,48010864,30679600,30680528
malon_stable_room_0,48013312,48202320,30680528,30710880
kakariko_scene,48205824,48209568,30710880,30713104
kakariko_room_0,48209920,48385984,30713104,30735744
bdan_boss_scene,48386048,48389696,30735744,30738128
bdan_boss_room_0,48390144,48402464,30738128,30745744
bdan_boss_room_1,48406528,48427200,30745744,30756592
FIRE_bs_scene,48431104,48450560,30756592,30769008
FIRE_bs_room_0,48451584,48468592,30769008,30778656
FIRE_bs_room_1,48472064,48500704,30778656,30793808
hut_scene,48500736,48502032,30793808,30794576
hut_room_0,48504832,48674208,30794576,30815616
daiyousei_izumi_scene,48676864,48734208,30815616,30843376
daiyousei_izumi_room_0,48734208,48748816,30843376,30849296
hakaana_scene,48750592,48753296,30849296,30850880
hakaana_room_0,48754688,48785616,30850880,30868480
yousei_izumi_tate_scene,48787456,48822288,30868480,30892160
yousei_izumi_tate_room_0,48824320,48841424,30892160,30899200
yousei_izumi_yoko_scene,48844800,48897440,30899200,30923232
yousei_izumi_yoko_room_0,48898048,48914448,30923232,30930112
golon_scene,48918528,48919456,30930112,30930704
golon_room_0,48922624,49078736,30930704,30949520
zoora_scene,49082368,49083280,30949520,30950112
zoora_room_0,49086464,49242592,30950112,30971200
drag_scene,49246208,49247216,30971200,30971824
drag_room_0,49250304,49430112,30971824,30997312
alley_shop_scene,49430528,49431984,30997312,30998208
alley_shop_room_0,49434624,49593392,30998208,31017840
night_shop_scene,49594368,49596016,31017840,31018912
night_shop_room_0,49598464,49764704,31018912,31040512
impa_scene,49766400,49769744,31040512,31042384
impa_room_0,49770496,49930144,31042384,31060864
labo_scene,49930240,49934064,31060864,31062960
labo_room_0,49934336,50116336,31062960,31091360
tent_scene,50118656,50120320,31091360,31092352
tent_room_0,50122752,50333344,31092352,31129856
nakaniwa_scene,50335744,50350624,31129856,31136272
nakaniwa_room_0,50352128,50450112,31136272,31194080
ddan_boss_scene,50450432,50460768,31194080,31203008
ddan_boss_room_0,50462720,50482736,31203008,31212256
ddan_boss_room_1,50483200,50499040,31212256,31222688
ydan_boss_scene,50499584,50505536,31222688,31227616
ydan_boss_room_0,50507776,50536432,31227616,31251808
ydan_boss_room_1,50536448,50563056,31251808,31267600
HAKAdan_bs_scene,50565120,50575232,31267600,31274864
HAKAdan_bs_room_0,50577408,50588128,31274864,31279152
HAKAdan_bs_room_1,50589696,50614096,31279152,31294032
MIZUsin_bs_scene,50614272,50621024,31294032,31297680
MIZUsin_bs_room_0,50622464,50639984,31297680,31309088
MIZUsin_bs_room_1,50642944,50688752,31309088,31332704
ganon_scene,50692096,50759600,31332704,31373152
ganon_room_0,50761728,50794192,31373152,31386816
ganon_room_1,50794496,50825072,31386816,31397808
ganon_room_2,50827264,50858064,31397808,31411024
ganon_room_3,50860032,50890544,31411024,31422720
ganon_room_4,50892800,50929872,31422720,31440688
ganon_room_5,50933760,50969360,31440688,31456656
ganon_room_6,50970624,51010464,31456656,31474272
ganon_room_7,51011584,51054496,31474272,31492240
ganon_room_8,51056640,51084256,31492240,31504800
ganon_room_9,51085312,51108128,31504800,31520048
ganon_boss_scene,51109888,51141664,31520048,31544272
ganon_boss_room_0,51142656,51166848,31544272,31550272
jyasinboss_scene,51167232,51203312,31550272,31568592
jyasinboss_room_0,51204096,51208144,31568592,31570752
jyasinboss_room_1,51208192,51240512,31570752,31586672
jyasinboss_room_2,51240960,51256768,31586672,31593216
jyasinboss_room_3,51257344,51304192,31593216,31622128
kokiri_home4_scene,51306496,51313328,31622128,31626192
kokiri_home4_room_0,51314688,51546448,31626192,31677936
kokiri_home5_scene,51548160,51553296,31677936,31680944
kokiri_home5_room_0,51556352,51756896,31680944,31719584
ganon_final_scene,51757056,51831168,31719584,31772992
ganon_final_room_0,51834880,51887792,31772992,31793536
kakariko3_scene,51888128,51890240,31793536,31794768
kakariko3_room_0,51892224,52065664,31794768,31821408
hakasitarelay_scene,52068352,52126320,31821408,31858752
hakasitarelay_room_0,52129792,52159168,31858752,31876592
hakasitarelay_room_1,52162560,52188960,31876592,31891568
hakasitarelay_room_2,52191232,52225200,31891568,31910192
hakasitarelay_room_3,52228096,52264160,31910192,31932720
hakasitarelay_room_4,52264960,52282496,31932720,31945776
hakasitarelay_room_5,52285440,52302928,31945776,31958096
hakasitarelay_room_6,52305920,52337328,31958096,31978368
shrine_scene,52338688,52344032,31978368,31981264
shrine_room_0,52346880,52685552,31981264,32036464
turibori_scene,52686848,52762336,32036464,32089072
turibori_room_0,52764672,52791136,32089072,32101312
shrine_n_scene,52793344,52798720,32101312,32104224
shrine_n_room_0,52801536,53140240,32104224,32146240
shrine_r_scene,53141504,53146768,32146240,32149040
shrine_r_room_0,53149696,53488368,32149040,32191920
hakaana2_scene,53489664,53543056,32191920,32230768
hakaana2_room_0,53547008,53573648,32230768,32241616
gerudoway_scene,53575680,53631264,32241616,32273312
gerudoway_room_0,53633024,53652800,32273312,32283104
gerudoway_room_1,53653504,53682864,32283104,32297472
gerudoway_room_2,53686272,53702224,32297472,32303920
gerudoway_room_3,53702656,53748496,32303920,32325008
gerudoway_room_4,53751808,53766432,32325008,32331296
gerudoway_room_5,53768192,53788224,32331296,32339216
hairal_niwa_n_scene,53788672,53825776,32339216,32364848
hairal_niwa_n_room_0,53829632,53843488,32364848,32369840
bowling_scene,53846016,53906208,32369840,32403904
bowling_room_0,53907456,53932512,32403904,32413952
hakaana_ouke_scene,53936128,53955296,32413952,32425552
hakaana_ouke_room_0,53956608,53999616,32425552,32444976
hakaana_ouke_room_1,54001664,54020096,32444976,32455152
hakaana_ouke_room_2,54022144,54046992,32455152,32471264
hylia_labo_scene,54050816,54120592,32471264,32510896
hylia_labo_room_0,54124544,54154704,32510896,32522320
souko_scene,54157312,54184976,32522320,32538176
souko_room_0,54185984,54224192,32538176,32558912
souko_room_1,54226944,54268976,32558912,32580688
souko_room_2,54272000,54305152,32580688,32598128
miharigoya_scene,54308864,54359376,32598128,32628016
miharigoya_room_0,54362112,54377904,32628016,32633616
mahouya_scene,54378496,54422048,32633616,32662448
mahouya_room_0,54423552,54450832,32662448,32672960
takaraya_scene,54452224,54481328,32672960,32688800
takaraya_room_0,54484992,54525376,32688800,32710656
takaraya_room_1,54525952,54534144,32710656,32714544
takaraya_room_2,54534144,54542384,32714544,32718464
takaraya_room_3,54546432,54556704,32718464,32724016
takaraya_room_4,54558720,54571040,32724016,32730912
takaraya_room_5,54575104,54587392,32730912,32737760
takaraya_room_6,54587392,54598400,32737760,32743664
ganon_sonogo_scene,54599680,54632208,32743664,32762256
ganon_sonogo_room_0,54632448,54664832,32762256,32776272
ganon_sonogo_room_1,54665216,54696880,32776272,32790160
ganon_sonogo_room_2,54697984,54733984,32790160,32808416
ganon_sonogo_room_3,54734848,54756928,32808416,32817888
ganon_sonogo_room_4,54759424,54795504,32817888,32835552
ganon_demo_scene,54796288,54833264,32835552,32865536
ganon_demo_room_0,54837248,54853968,32865536,32874528
face_shop_scene,54857728,54858608,32874528,32875088
face_shop_room_0,54861824,55051840,32875088,32909648
kinsuta_scene,55054336,55059984,32909648,32913136
kinsuta_room_0,55062528,55120032,32913136,32953136
ganontikasonogo_scene,55123968,55143168,32953136,32964176
ganontikasonogo_room_0,55144448,55241600,32964176,33007312
ganontikasonogo_room_1,55242752,55283488,33007312,33023920
bump_texture_static,55283712,55284736,33023920,33024592
anime_model_1_static,55287808,55287824,33024592,33024624
anime_model_2_static,55291904,55291920,33024624,33024656
anime_model_3_static,55296000,55296016,33024656,33024688
anime_model_4_static,55300096,55300112,33024688,33024720
anime_model_5_static,55304192,55304208,33024720,33024752
anime_model_6_static,55308288,55308304,33024752,33024784
anime_texture_1_static,55312384,55312400,33024784,33024816
anime_texture_2_static,55316480,55316496,33024816,33024848
anime_texture_3_static,55320576,55320592,33024848,33024880
anime_texture_4_static,55324672,55324688,33024880,33024912
anime_texture_5_static,55328768,55328784,33024912,33024944
anime_texture_6_static,55332864,55332880,33024944,33024976
softsprite_matrix_static,55336960,55337024,33024976,33025008
