makerom,0,4192,0,0
boot,4192,110224,4192,0
dmadata,110224,135616,110224,0
Audiobank,135616,292272,135616,0
Audioseq,292272,625200,292272,0
Audiotable,625200,6164896,625200,0
link_animetion,6164896,9345440,6164896,0
icon_item_static_old,9347072,9961152,9347072,0
icon_item_24_static_old,9961472,9991936,9961472,0
icon_item_field_static,9994240,10078960,9345440,9387200
icon_item_dungeon_static,10080256,10099584,9387200,9392224
icon_item_gameover_static,10100736,10113792,9392224,9398112
nes_map_name_static,10117120,10148352,9398112,9411648
ger_map_name_static,10149888,10181888,9411648,9425344
fra_map_name_static,10182656,10214400,9425344,9439520
esp_map_name_static,10215424,10247168,9439520,9453296
icon_item_vtx_static,10248192,10248928,9453296,9453536
map_i_static,10252288,10257168,9453536,0
map_grand_static,10257168,10294880,9458416,0
nes_item_name_static,10294880,10351344,9496128,0
ger_item_name_static,10351344,10403136,9552592,0
fra_item_name_static,10403136,10458336,9604384,0
esp_item_name_static,10458336,10514208,9659584,0
DBG_00A02F20,10514208,10520640,9715456,0
DBG_00A04840,10520640,10527536,9721888,0
DBG_00A06330,10527536,10535424,9728784,0
DBG_00A08200,10535424,10542704,9736672,0
icon_item_static,10542704,10826016,9743952,0
icon_item_24_static,10826016,10844640,10027264,0
schedule_dma_static_old,10844640,10890240,10844640,0
schedule_dma_static,10891264,10918416,10045888,0
schedule_static,10918416,10944736,10073040,10081840
story_static,10948608,11103232,10081840,10193616
nes_do_action_static,11104256,11120384,10193616,0
ger_do_action_static,11120640,11136768,10209744,0
fra_do_action_static,11137024,11153152,10225872,0
esp_do_action_static,11153408,11169536,10242000,0
message_static,11169792,11190656,10258128,0
message_texture_static,11194368,11198976,10278992,0
nes_font_static,11202560,11222528,10283600,0
nes_message_data_static,11223040,11655904,10303568,0
ger_message_data_static,11657216,12135936,10736432,0
fra_message_data_static,12136448,12599504,11215152,0
esp_message_data_static,12603392,13055488,11678208,0
staff_message_data_static,13058048,13061760,12130304,0
nes_message_table_static,13062144,13098864,12134016,0
ger_message_table_static,13099008,13135104,12170736,0
fra_message_table_static,13135872,13171936,12206832,0
esp_message_table_static,13172736,13208800,12242896,0
code,13209600,14469152,12278960,13025424
ovl_title,14469152,14471328,13025424,13027056
ovl_select,14471328,14484864,13027056,13035056
ovl_opening,14484864,14485408,13035056,13035536
ovl_file_choose,14485408,14560336,13035536,13078304
ovl_daytelop,14560336,14565392,13078304,13080304
ovl_kaleido_scope,14565392,14651744,13080304,13131808
ovl_Player_Actor,14651744,14868992,13131808,13278336
ovl_En_Test,14868992,14872320,13278336,13281040
ovl_En_GirlA,14872320,14879232,13281040,13284304
ovl_En_Part,14879232,14880800,13284304,13285664
ovl_En_Light,14880800,14884496,13285664,13288224
ovl_En_Door,14884496,14889552,13288224,13292208
ovl_En_Box,14889552,14898192,13292208,13298512
ovl_En_Pametfrog,14898192,14914720,13298512,13309392
ovl_En_Okuta,14914720,14926896,13309392,13317904
ovl_En_Bom,14926896,14941392,13317904,13327280
ovl_En_Wallmas,14941392,14949168,13327280,13332784
ovl_En_Dodongo,14949168,14961584,13332784,13341552
ovl_En_Firefly,14961584,14969840,13341552,13347264
ovl_En_Horse,14969840,15030016,13347264,13382480
ovl_En_Arrow,15030016,15038928,13382480,13388800
ovl_En_Elf,15038928,15058208,13388800,13401952
ovl_En_Niw,15058208,15068336,13401952,13409472
ovl_En_Tite,15068336,15082480,13409472,13419008
ovl_En_Peehat,15082480,15093280,13419008,13426448
ovl_En_Holl,15093280,15096736,13426448,13429072
ovl_En_Dinofos,15096736,15113632,13429072,13440224
ovl_En_Hata,15113632,15114832,13440224,13441296
ovl_En_Zl1,15114832,15114976,13441296,13441392
ovl_En_Viewer,15114976,15116688,13441392,13442656
ovl_En_Bubble,15116688,15121824,13442656,13446560
ovl_Door_Shutter,15121824,15128960,13446560,13451696
ovl_En_Boom,15128960,15132256,13451696,13454512
ovl_En_Torch2,15132256,15133472,13454512,13455568
ovl_En_Minifrog,15133472,15140096,13455568,13460320
ovl_En_St,15140096,15150560,13460320,13467680
ovl_Obj_Wturn,15150560,15151840,13467680,13468688
ovl_En_River_Sound,15151840,15152464,13468688,13469264
ovl_En_Ossan,15152464,15171024,13469264,13480464
ovl_En_Famos,15171024,15179120,13480464,13485792
ovl_En_Bombf,15179120,15184192,13485792,13489776
ovl_En_Am,15184192,15189920,13489776,13493904
ovl_En_Dekubaba,15189920,15206048,13493904,13504464
ovl_En_M_Fire1,15206048,15206448,13504464,13504784
ovl_En_M_Thunder,15206448,15214544,13504784,13510048
ovl_Bg_Breakwall,15214544,15218944,13510048,13513104
ovl_Door_Warp1,15218944,15234160,13513104,13523024
ovl_Obj_Syokudai,15234160,15237696,13523024,13525888
ovl_Item_B_Heart,15237696,15238704,13525888,13526704
ovl_En_Dekunuts,15238704,15246960,13526704,13532192
ovl_En_Bbfall,15246960,15254656,13532192,13538080
ovl_Arms_Hook,15254656,15258000,13538080,13540736
ovl_En_Bb,15258000,15265440,13540736,13546288
ovl_Bg_Keikoku_Spr,15265440,15265872,13546288,13546656
ovl_En_Wood02,15265872,15270832,13546656,13550560
ovl_En_Death,15270832,15291616,13550560,13565024
ovl_En_Minideath,15291616,15300224,13565024,13571072
ovl_En_Vm,15300224,15305568,13571072,13575136
ovl_Demo_Effect,15305568,15308912,13575136,13577856
ovl_Demo_Kankyo,15308912,15317664,13577856,13583568
ovl_En_Floormas,15317664,15331904,13583568,13592560
ovl_En_Rd,15331904,15346032,13592560,13600976
ovl_Bg_F40_Flift,15346032,15346928,13600976,13601696
ovl_Obj_Mure,15346928,15351136,13601696,13604640
ovl_En_Sw,15351136,15364768,13604640,13614208
ovl_Object_Kankyo,15364768,15374800,13614208,13621056
ovl_En_Horse_Link_Child,15374800,15381936,13621056,13625296
ovl_Door_Ana,15381936,15383616,13625296,13626640
ovl_En_Encount1,15383616,15385168,13626640,13627920
ovl_Demo_Tre_Lgt,15385168,15386992,13627920,13629424
ovl_En_Encount2,15386992,15389680,13629424,13631664
ovl_En_Fire_Rock,15389680,15389824,13631664,13631760
ovl_Bg_Ctower_Rot,15389824,15391248,13631760,13632896
ovl_Mir_Ray,15391248,15397632,13632896,13638080
ovl_En_Sb,15397632,15401936,13638080,13641104
ovl_En_Bigslime,15401936,15451648,13641104,13672384
ovl_En_Karebaba,15451648,15459504,13672384,13677792
ovl_En_In,15459504,15476912,13677792,13688480
ovl_En_Bom_Chu,15476912,15482528,13688480,13692896
ovl_En_Horse_Game_Check,15482528,15487488,13692896,13696096
ovl_En_Rr,15487488,15497552,13696096,13703504
ovl_En_Fr,15497552,15497920,13703504,13703792
ovl_Obj_Oshihiki,15497920,15504240,13703792,13708208
ovl_Eff_Dust,15504240,15509344,13708208,13711408
ovl_Bg_Umajump,15509344,15511760,13711408,13713136
ovl_En_Insect,15511760,15517904,13713136,13717184
ovl_En_Butte,15517904,15523424,13717184,13721152
ovl_En_Fish,15523424,15533856,13721152,13728208
ovl_Item_Etcetera,15533856,15534960,13728208,13729040
ovl_Arrow_Fire,15534960,15543376,13729040,13736160
ovl_Arrow_Ice,15543376,15551248,13736160,13742416
ovl_Arrow_Light,15551248,15559088,13742416,13748752
ovl_Obj_Kibako,15559088,15564224,13748752,13752384
ovl_Obj_Tsubo,15564224,15573264,13752384,13757936
ovl_En_Ik,15573264,15584560,13757936,13765664
ovl_Demo_Shd,15584560,15584704,13765664,13765760
ovl_En_Dns,15584704,15591312,13765760,13770544
ovl_Elf_Msg,15591312,15592720,13770544,13771584
ovl_En_Honotrap,15592720,15601632,13771584,13777952
ovl_En_Tubo_Trap,15601632,15605088,13777952,13780464
ovl_Obj_Ice_Poly,15605088,15608976,13780464,13783520
ovl_En_Fz,15608976,15618528,13783520,13790192
ovl_En_Kusa,15618528,15626960,13790192,13796592
ovl_Obj_Bean,15626960,15636880,13796592,13803104
ovl_Obj_Bombiwa,15636880,15643056,13803104,13807664
ovl_Obj_Switch,15643056,15653264,13807664,13813856
ovl_Obj_Lift,15653264,15656048,13813856,13816176
ovl_Obj_Hsblock,15656048,15657456,13816176,13817312
ovl_En_Okarina_Tag,15657456,15658608,13817312,13818320
ovl_En_Goroiwa,15658608,15678080,13818320,13832272
ovl_En_Daiku,15678080,15681456,13832272,13834896
ovl_En_Nwc,15681456,15686336,13834896,13838640
ovl_Item_Inbox,15686336,15686688,13838640,13838912
ovl_En_Ge1,15686688,15690864,13838912,13842000
ovl_Obj_Blockstop,15690864,15691424,13842000,13842496
ovl_En_Sda,15691424,15697008,13842496,13846224
ovl_En_Clear_Tag,15697008,15721456,13846224,13861072
ovl_En_Gm,15721456,15739696,13861072,13872880
ovl_En_Ms,15739696,15741280,13872880,13874128
ovl_En_Hs,15741280,15744928,13874128,13876928
ovl_Bg_Ingate,15744928,15748720,13876928,13879872
ovl_En_Kanban,15748720,15762896,13879872,13888592
ovl_En_Attack_Niw,15762896,15767536,13888592,13891984
ovl_En_Mk,15767536,15772192,13891984,13895312
ovl_En_Owl,15772192,15784944,13895312,13903632
ovl_En_Ishi,15784944,15794208,13903632,13910400
ovl_Obj_Hana,15794208,15794432,13910400,13910592
ovl_Obj_Lightswitch,15794432,15798784,13910592,13913504
ovl_Obj_Mure2,15798784,15801328,13913504,13915392
ovl_En_Fu,15801328,15817568,13915392,13926176
ovl_En_Stream,15817568,15818944,13926176,13927360
ovl_En_Mm,15818944,15821088,13927360,13929088
ovl_En_Weather_Tag,15821088,15826656,13929088,13932592
ovl_En_Ani,15826656,15830208,13932592,13935168
ovl_En_Js,15830208,15840688,13935168,13941968
ovl_En_Okarina_Effect,15840688,15841312,13941968,13942448
ovl_En_Mag,15841312,15856464,13942448,13950624
ovl_Elf_Msg2,15856464,15857776,13950624,13951504
ovl_Bg_F40_Swlift,15857776,15858912,13951504,13952480
ovl_En_Kakasi,15858912,15870544,13952480,13960080
ovl_Obj_Makeoshihiki,15870544,15871360,13960080,13960832
ovl_Oceff_Spot,15871360,15875152,13960832,13964080
ovl_En_Torch,15875152,15875392,13964080,13964304
ovl_Shot_Sun,15875392,15876944,13964304,13965568
ovl_Obj_Roomtimer,15876944,15877616,13965568,13966112
ovl_En_Ssh,15877616,15887280,13966112,13972752
ovl_Oceff_Wipe,15887280,15890688,13972752,13975696
ovl_Effect_Ss_Dust,15890688,15892720,13975696,13977344
ovl_Effect_Ss_Kirakira,15892720,15894368,13977344,13978752
ovl_Effect_Ss_Bomb2,15894368,15896512,13978752,13980480
ovl_Effect_Ss_Blast,15896512,15897376,13980480,13981312
ovl_Effect_Ss_G_Spk,15897376,15898784,13981312,13982576
ovl_Effect_Ss_D_Fire,15898784,15899824,13982576,13983552
ovl_Effect_Ss_Bubble,15899824,15901216,13983552,13984752
ovl_Effect_Ss_G_Ripple,15901216,15902528,13984752,13985920
ovl_Effect_Ss_G_Splash,15902528,15903584,13985920,13986768
ovl_Effect_Ss_G_Fire,15903584,15904112,13986768,13987264
ovl_Effect_Ss_Lightning,15904112,15905872,13987264,13988864
ovl_Effect_Ss_Dt_Bubble,15905872,15907168,13988864,13990000
ovl_Effect_Ss_Hahen,15907168,15908608,13990000,13991136
ovl_Effect_Ss_Stick,15908608,15909312,13991136,13991792
ovl_Effect_Ss_Sibuki,15909312,15910944,13991792,13993248
ovl_Effect_Ss_Stone1,15910944,15911808,13993248,13994048
ovl_Effect_Ss_Hitmark,15911808,15913088,13994048,13995152
ovl_Effect_Ss_Fhg_Flash,15913088,15915776,13995152,13996832
ovl_Effect_Ss_K_Fire,15915776,15916864,13996832,13997872
ovl_Effect_Ss_Solder_Srch_Ball,15916864,15917968,13997872,13998848
ovl_Effect_Ss_Kakera,15917968,15922112,13998848,14001936
ovl_Effect_Ss_Ice_Piece,15922112,15923136,14001936,14002912
ovl_Effect_Ss_En_Ice,15923136,15925104,14002912,14004624
ovl_Effect_Ss_Fire_Tail,15925104,15926864,14004624,14006208
ovl_Effect_Ss_En_Fire,15926864,15928512,14006208,14007712
ovl_Effect_Ss_Extra,15928512,15929392,14007712,14008576
ovl_Effect_Ss_Dead_Db,15929392,15930432,14008576,14009552
ovl_Effect_Ss_Dead_Dd,15930432,15931856,14009552,14010848
ovl_Effect_Ss_Dead_Ds,15931856,15933008,14010848,14011920
ovl_Oceff_Storm,15933008,15940624,14011920,14019056
ovl_Obj_Demo,15940624,15941600,14019056,14019776
ovl_En_Minislime,15941600,15950640,14019776,14025920
ovl_En_Nutsball,15950640,15952224,14025920,14027376
ovl_Oceff_Wipe2,15952224,15958208,14027376,14031008
ovl_Oceff_Wipe3,15958208,15964176,14031008,14035728
ovl_En_Dg,15964176,15978736,14035728,14044992
ovl_En_Si,15978736,15979792,14044992,14045776
ovl_Obj_Comb,15979792,15985808,14045776,14050016
ovl_Obj_Kibako2,15985808,15988272,14050016,14052032
ovl_En_Hs2,15988272,15988496,14052032,14052208
ovl_Obj_Mure3,15988496,15990480,14052208,14053744
ovl_En_Tg,15990480,15993312,14053744,14056048
ovl_En_Wf,15993312,16010880,14056048,14067248
ovl_En_Skb,16010880,16023904,14067248,14075568
ovl_En_Gs,16023904,16035824,14075568,14084224
ovl_Obj_Sound,16035824,16036352,14084224,14084656
ovl_En_Crow,16036352,16042336,14084656,14089088
ovl_En_Cow,16042336,16047696,14089088,14092560
ovl_Oceff_Wipe4,16047696,16051792,14092560,14095632
ovl_En_Zo,16051792,16055792,14095632,14098704
ovl_Effect_Ss_Ice_Smoke,16055792,16056576,14098704,14099456
ovl_Obj_Makekinsuta,16056576,16057712,14099456,14100400
ovl_En_Ge3,16057712,16061920,14100400,14103536
ovl_Obj_Hamishi,16061920,16065136,14103536,14106160
ovl_En_Zl4,16065136,16066288,14106160,14107088
ovl_En_Mm2,16066288,16069152,14107088,14108704
ovl_Door_Spiral,16069152,16071328,14108704,14110448
ovl_Obj_Pzlblock,16071328,16074880,14110448,14113056
ovl_Obj_Toge,16074880,16078016,14113056,14115568
ovl_Obj_Armos,16078016,16081872,14115568,14118480
ovl_Obj_Boyo,16081872,16083264,14118480,14119696
ovl_En_Grasshopper,16083264,16095184,14119696,14128064
ovl_Obj_Grass,16095184,16102496,14128064,14133728
ovl_Obj_Grass_Carry,16102496,16106464,14133728,14136880
ovl_Obj_Grass_Unit,16106464,16108208,14136880,14138176
ovl_Bg_Fire_Wall,16108208,16110480,14138176,14140016
ovl_En_Bu,16110480,16110912,14140016,14140400
ovl_En_Encount3,16110912,16113376,14140400,14142544
ovl_En_Jso,16113376,16128848,14142544,14153296
ovl_Obj_Chikuwa,16128848,16131824,14153296,14155824
ovl_En_Knight,16131824,16184768,14155824,14190624
ovl_En_Warp_tag,16184768,16187152,14190624,14192560
ovl_En_Aob_01,16187152,16198624,14192560,14200544
ovl_En_Boj_01,16198624,16198768,14200544,14200640
ovl_En_Boj_02,16198768,16198912,14200640,14200736
ovl_En_Boj_03,16198912,16199056,14200736,14200832
ovl_En_Encount4,16199056,16201200,14200832,14202576
ovl_En_Bom_Bowl_Man,16201200,16208672,14202576,14207856
ovl_En_Syateki_Man,16208672,16222400,14207856,14216448
ovl_Bg_Icicle,16222400,16224848,14216448,14218432
ovl_En_Syateki_Crow,16224848,16228448,14218432,14221392
ovl_En_Boj_04,16228448,16228592,14221392,14221488
ovl_En_Cne_01,16228592,16232128,14221488,14224272
ovl_En_Bba_01,16232128,16235584,14224272,14227008
ovl_En_Bji_01,16235584,16239904,14227008,14230128
ovl_Bg_Spdweb,16239904,16245168,14230128,14233952
ovl_En_Mt_tag,16245168,16249744,14233952,14237392
ovl_Boss_01,16249744,16283760,14237392,14260560
ovl_Boss_02,16283760,16308928,14260560,14278096
ovl_Boss_03,16308928,16337824,14278096,14298000
ovl_Boss_04,16337824,16347184,14298000,14304992
ovl_Boss_05,16347184,16362592,14304992,14315584
ovl_Boss_06,16362592,16371376,14315584,14322224
ovl_Boss_07,16371376,16457584,14322224,14379952
ovl_Bg_Dy_Yoseizo,16457584,16465488,14379952,14385792
ovl_En_Boj_05,16465488,16465632,14385792,14385888
ovl_En_Sob1,16465632,16484000,14385888,14397680
ovl_En_Go,16484000,16507920,14397680,14414272
ovl_En_Raf,16507920,16518672,14414272,14421376
ovl_Obj_Funen,16518672,16519136,14421376,14421824
ovl_Obj_Raillift,16519136,16522192,14421824,14424304
ovl_Bg_Numa_Hana,16522192,16525984,14424304,14427104
ovl_Obj_Flowerpot,16525984,16535296,14427104,14433456
ovl_Obj_Spinyroll,16535296,16541888,14433456,14438224
ovl_Dm_Hina,16541888,16544512,14438224,14440224
ovl_En_Syateki_Wf,16544512,16549376,14440224,14443888
ovl_Obj_Skateblock,16549376,16556528,14443888,14449136
ovl_Effect_En_Ice_Block,16556528,16557376,14449136,14449920
ovl_Obj_Iceblock,16557376,16574928,14449920,14462192
ovl_En_Bigpamet,16574928,16584496,14462192,14468928
ovl_Bg_Dblue_Movebg,16584496,16593056,14468928,14475296
ovl_En_Syateki_Dekunuts,16593056,16597424,14475296,14478640
ovl_Elf_Msg3,16597424,16598816,14478640,14479680
ovl_En_Fg,16598816,16604224,14479680,14483664
ovl_Dm_Ravine,16604224,16604672,14483664,14484032
ovl_Dm_Sa,16604672,16605760,14484032,14484912
ovl_En_Slime,16605760,16619168,14484912,14494016
ovl_En_Pr,16619168,16625552,14494016,14498832
ovl_Obj_Toudai,16625552,16628624,14498832,14500848
ovl_Obj_Entotu,16628624,16632224,14500848,14503008
ovl_Obj_Bell,16632224,16635040,14503008,14505024
ovl_En_Syateki_Okuta,16635040,16642944,14505024,14509856
ovl_Obj_Shutter,16642944,16643648,14509856,14510496
ovl_Dm_Zl,16643648,16645712,14510496,14512128
ovl_En_Ru,16645712,16649056,14512128,14514720
ovl_En_Elfgrp,16649056,16654608,14514720,14518656
ovl_Dm_Tsg,16654608,16655664,14518656,14519616
ovl_En_Baguo,16655664,16660880,14519616,14523744
ovl_Obj_Vspinyroll,16660880,16665392,14523744,14527168
ovl_Obj_Smork,16665392,16666592,14527168,14527888
ovl_En_Test2,16666592,16667696,14527888,14528800
ovl_En_Test3,16667696,16681328,14528800,14538736
ovl_En_Test4,16681328,16687328,14538736,14542848
ovl_En_Bat,16687328,16693360,14542848,14547568
ovl_En_Sekihi,16693360,16695120,14547568,14548992
ovl_En_Wiz,16695120,16710608,14548992,14559952
ovl_En_Wiz_Brock,16710608,16712336,14559952,14561392
ovl_En_Wiz_Fire,16712336,16724096,14561392,14569632
ovl_Eff_Change,16724096,16725408,14569632,14570784
ovl_Dm_Statue,16725408,16725632,14570784,14570960
ovl_Obj_Fireshield,16725632,16729568,14570960,14574080
ovl_Bg_Ladder,16729568,16730816,14574080,14575088
ovl_En_Mkk,16730816,16737840,14575088,14580224
ovl_Demo_Getitem,16737840,16738752,14580224,14580992
ovl_En_Dnb,16738752,16742704,14580992,14584064
ovl_En_Dnh,16742704,16744672,14584064,14585696
ovl_En_Dnk,16744672,16748832,14585696,14588384
ovl_En_Dnq,16748832,16753600,14588384,14591680
ovl_Bg_Keikoku_Saku,16753600,16754640,14591680,14592560
ovl_Obj_Hugebombiwa,16754640,16764080,14592560,14598624
ovl_En_Firefly2,16764080,16764224,14598624,14598720
ovl_En_Rat,16764224,16774032,14598720,14605968
ovl_En_Water_Effect,16774032,16784720,14605968,14613200
ovl_En_Kusa2,16784720,16801200,14613200,14624768
ovl_Bg_Spout_Fire,16801200,16803136,14624768,14626416
ovl_En_Dy_Extra,16803136,16804512,14626416,14627616
ovl_En_Bal,16804512,16815920,14627616,14635376
ovl_En_Ginko_Man,16815920,16823312,14635376,14639792
ovl_En_Warp_Uzu,16823312,16824320,14639792,14640592
ovl_Obj_Driftice,16824320,16829248,14640592,14644240
ovl_En_Look_Nuts,16829248,16833072,14644240,14647056
ovl_En_Mushi2,16833072,16847392,14647056,14656592
ovl_En_Fall,16847392,16858144,14656592,14663712
ovl_En_Mm3,16858144,16863776,14663712,14667440
ovl_Bg_Crace_Movebg,16863776,16866528,14667440,14669424
ovl_En_Dno,16866528,16878112,14669424,14677008
ovl_En_Pr2,16878112,16885824,14677008,14682656
ovl_En_Prz,16885824,16891456,14682656,14687024
ovl_En_Jso2,16891456,16910064,14687024,14699840
ovl_Obj_Etcetera,16910064,16913424,14699840,14702400
ovl_En_Egol,16913424,16931920,14702400,14715152
ovl_Obj_Mine,16931920,16946256,14715152,14725088
ovl_Obj_Purify,16946256,16948640,14725088,14726816
ovl_En_Tru,16948640,16973552,14726816,14742496
ovl_En_Trt,16973552,16993072,14742496,14754960
ovl_En_Test5,16993072,16993968,14754960,14755728
ovl_En_Test6,16993968,17010832,14755728,14767216
ovl_En_Az,17010832,17032416,14767216,14781008
ovl_En_Estone,17032416,17036048,14781008,14783968
ovl_Bg_Hakugin_Post,17036048,17048576,14783968,14792992
ovl_Dm_Opstage,17048576,17049696,14792992,14793840
ovl_Dm_Stk,17049696,17072176,14793840,14806432
ovl_Dm_Char00,17072176,17083536,14806432,14812400
ovl_Dm_Char01,17083536,17094864,14812400,14819024
ovl_Dm_Char02,17094864,17096512,14819024,14820320
ovl_Dm_Char03,17096512,17098464,14820320,14821808
ovl_Dm_Char04,17098464,17100864,14821808,14823792
ovl_Dm_Char05,17100864,17109280,14823792,14828256
ovl_Dm_Char06,17109280,17110112,14828256,14828960
ovl_Dm_Char07,17110112,17111792,14828960,14830016
ovl_Dm_Char08,17111792,17123504,14830016,14837920
ovl_Dm_Char09,17123504,17125936,14837920,14840000
ovl_Obj_Tokeidai,17125936,17135536,14840000,14846272
ovl_En_Mnk,17135536,17158720,14846272,14859632
ovl_En_Egblock,17158720,17161088,14859632,14861552
ovl_En_Guard_Nuts,17161088,17164896,14861552,14864544
ovl_Bg_Hakugin_Bombwall,17164896,17169520,14864544,14867840
ovl_Obj_Tokei_Tobira,17169520,17171152,14867840,14869296
ovl_Bg_Hakugin_Elvpole,17171152,17172288,14869296,14870224
ovl_En_Ma4,17172288,17183440,14870224,14877296
ovl_En_Twig,17183440,17186000,14877296,14879440
ovl_En_Po_Fusen,17186000,17189168,14879440,14881984
ovl_En_Door_Etc,17189168,17191248,14881984,14883664
ovl_En_Bigokuta,17191248,17199952,14883664,14889888
ovl_Bg_Icefloe,17199952,17201856,14889888,14891360
ovl_fbdemo_triforce,17201856,17203712,14891360,14892672
ovl_fbdemo_wipe1,17203712,17207696,14892672,14895376
ovl_fbdemo_wipe3,17207696,17215104,14895376,14898208
ovl_fbdemo_wipe4,17215104,17215808,14898208,14898784
ovl_fbdemo_wipe5,17215808,17216928,14898784,14899712
ovl_Effect_Ss_Sbn,17216928,17219344,14899712,14901616
ovl_Obj_Ocarinalift,17219344,17221872,14901616,14903504
ovl_En_Time_Tag,17221872,17225056,14903504,14905792
ovl_Bg_Open_Shutter,17225056,17226800,14905792,14907264
ovl_Bg_Open_Spot,17226800,17227344,14907264,14907728
ovl_Bg_Fu_Kaiten,17227344,17228016,14907728,14908320
ovl_Obj_Aqua,17228016,17231552,14908320,14911040
ovl_En_Elforg,17231552,17237792,14911040,14915456
ovl_En_Elfbub,17237792,17239424,14915456,14916976
ovl_En_Fu_Mato,17239424,17244624,14916976,14921200
ovl_En_Fu_Kago,17244624,17248896,14921200,14924528
ovl_En_Osn,17248896,17257920,14924528,14930320
ovl_Bg_Ctower_Gear,17257920,17259984,14930320,14931936
ovl_En_Trt2,17259984,17270272,14931936,14938928
ovl_Obj_Tokei_Step,17270272,17273264,14938928,14941312
ovl_Bg_Lotus,17273264,17274912,14941312,14942640
ovl_En_Kame,17274912,17284240,14942640,14949136
ovl_Obj_Takaraya_Wall,17284240,17288864,14949136,14952816
ovl_Bg_Fu_Mizu,17288864,17289600,14952816,14953472
ovl_En_Sellnuts,17289600,17303008,14953472,14962176
ovl_Bg_Dkjail_Ivy,17303008,17305120,14962176,14963936
ovl_Obj_Visiblock,17305120,17305408,14963936,14964176
ovl_En_Takaraya,17305408,17309776,14964176,14967456
ovl_En_Tsn,17309776,17316352,14967456,14971808
ovl_En_Ds2n,17316352,17317664,14971808,14972880
ovl_En_Fsn,17317664,17335520,14972880,14984368
ovl_En_Shn,17335520,17340240,14984368,14987680
ovl_En_Stop_heishi,17340240,17346336,14987680,14992176
ovl_Obj_Bigicicle,17346336,17350096,14992176,14995024
ovl_En_Lift_Nuts,17350096,17360912,14995024,15001664
ovl_En_Tk,17360912,17376256,15001664,15011888
ovl_Bg_Market_Step,17376256,17376528,15011888,15012128
ovl_Obj_Lupygamelift,17376528,17378240,15012128,15013584
ovl_En_Test7,17378240,17390672,15013584,15022384
ovl_Obj_Lightblock,17390672,17392304,15022384,15023712
ovl_Mir_Ray2,17392304,17393456,15023712,15024704
ovl_En_Wdhand,17393456,17402528,15024704,15031232
ovl_En_Gamelupy,17402528,17404192,15031232,15032624
ovl_Bg_Danpei_Movebg,17404192,17406336,15032624,15034336
ovl_En_Snowwd,17406336,17407616,15034336,15035456
ovl_En_Pm,17407616,17427616,15035456,15048016
ovl_En_Gakufu,17427616,17430208,15048016,15050144
ovl_Elf_Msg4,17430208,17431760,15050144,15051296
ovl_Elf_Msg5,17431760,17432448,15051296,15051760
ovl_En_Col_Man,17432448,17435616,15051760,15054224
ovl_En_Talk_Gibud,17435616,17448144,15054224,15062512
ovl_En_Giant,17448144,17453072,15062512,15065968
ovl_Obj_Snowball,17453072,17462736,15065968,15073040
ovl_Boss_Hakugin,17462736,17504544,15073040,15102256
ovl_En_Gb2,17504544,17514912,15102256,15109024
ovl_En_Onpuman,17514912,17516400,15109024,15110224
ovl_Bg_Tobira01,17516400,17517488,15110224,15111136
ovl_En_Tag_Obj,17517488,17517760,15111136,15111360
ovl_Obj_Dhouse,17517760,17523904,15111360,15115680
ovl_Obj_Hakaisi,17523904,17529552,15115680,15119728
ovl_Bg_Hakugin_Switch,17529552,17534512,15119728,15122912
ovl_En_Snowman,17534512,17547920,15122912,15132624
ovl_TG_Sw,17547920,17549024,15132624,15133504
ovl_En_Po_Sisters,17549024,17564128,15133504,15143920
ovl_En_Pp,17564128,17579568,15143920,15154592
ovl_En_Hakurock,17579568,17583920,15154592,15157776
ovl_En_Hanabi,17583920,17588352,15157776,15161344
ovl_Obj_Dowsing,17588352,17588736,15161344,15161616
ovl_Obj_Wind,17588736,17590624,15161616,15163056
ovl_En_Racedog,17590624,17597904,15163056,15168528
ovl_En_Kendo_Js,17597904,17605552,15168528,15173648
ovl_Bg_Botihasira,17605552,17606304,15173648,15174320
ovl_En_Fish2,17606304,17619808,15174320,15184080
ovl_En_Pst,17619808,17623584,15184080,15186544
ovl_En_Poh,17623584,17636928,15186544,15195408
ovl_Obj_Spidertent,17636928,17643712,15195408,15200096
ovl_En_Zoraegg,17643712,17653856,15200096,15206880
ovl_En_Kbt,17653856,17658528,15206880,15210256
ovl_En_Gg,17658528,17666992,15210256,15216272
ovl_En_Maruta,17666992,17674576,15216272,15221328
ovl_Obj_Snowball2,17674576,17682304,15221328,15227040
ovl_En_Gg2,17682304,17687952,15227040,15231184
ovl_Obj_Ghaka,17687952,17689936,15231184,15232768
ovl_En_Dnp,17689936,17695520,15232768,15236688
ovl_En_Dai,17695520,17703856,15236688,15242496
ovl_Bg_Goron_Oyu,17703856,17705776,15242496,15243952
ovl_En_Kgy,17705776,17718496,15243952,15251760
ovl_En_Invadepoh,17718496,17769936,15251760,15282208
ovl_En_Gk,17769936,17783296,15282208,15291184
ovl_En_An,17783296,17811680,15291184,15308192
ovl_En_Bee,17811680,17814688,15308192,15310640
ovl_En_Ot,17814688,17828416,15310640,15320352
ovl_En_Dragon,17828416,17837184,15320352,15326592
ovl_Obj_Dora,17837184,17840016,15326592,15328736
ovl_En_Bigpo,17840016,17856112,15328736,15340208
ovl_Obj_Kendo_Kanban,17856112,17861584,15340208,15344320
ovl_Obj_Hariko,17861584,17862368,15344320,15344960
ovl_En_Sth,17862368,17889296,15344960,15363760
ovl_Bg_Sinkai_Kabe,17889296,17890704,15363760,15364960
ovl_Bg_Haka_Curtain,17890704,17891792,15364960,15365728
ovl_Bg_Kin2_Bombwall,17891792,17893840,15365728,15367408
ovl_Bg_Kin2_Fence,17893840,17895760,15367408,15368816
ovl_Bg_Kin2_Picture,17895760,17898720,15368816,15371248
ovl_Bg_Kin2_Shelf,17898720,17902192,15371248,15373632
ovl_En_Rail_Skb,17902192,17914944,15373632,15382112
ovl_En_Jg,17914944,17924576,15382112,15388608
ovl_En_Tru_Mt,17924576,17930528,15388608,15393168
ovl_Obj_Um,17930528,17951280,15393168,15407360
ovl_En_Neo_Reeba,17951280,17959632,15407360,15412976
ovl_Bg_Mbar_Chair,17959632,17959936,15412976,15413216
ovl_Bg_Ikana_Block,17959936,17963216,15413216,15415680
ovl_Bg_Ikana_Mirror,17963216,17966208,15415680,15417712
ovl_Bg_Ikana_Rotaryroom,17966208,17974608,15417712,15423376
ovl_Bg_Dblue_Balance,17974608,17980944,15423376,15428144
ovl_Bg_Dblue_Waterfall,17980944,17987360,15428144,15432784
ovl_En_Kaizoku,17987360,18011232,15432784,15448256
ovl_En_Ge2,18011232,18018752,15448256,15453344
ovl_En_Ma_Yts,18018752,18024112,15453344,15456896
ovl_En_Ma_Yto,18024112,18038352,15456896,15464240
ovl_Obj_Tokei_Turret,18038352,18038960,15464240,15464768
ovl_Bg_Dblue_Elevator,18038960,18042016,15464768,15467120
ovl_Obj_Warpstone,18042016,18044064,15467120,15468736
ovl_En_Zog,18044064,18055072,15468736,15476688
ovl_Obj_Rotlift,18055072,18056032,15476688,15477600
ovl_Obj_Jg_Gakki,18056032,18056592,15477600,15478112
ovl_Bg_Inibs_Movebg,18056592,18057040,15478112,15478528
ovl_En_Zot,18057040,18072240,15478528,15487872
ovl_Obj_Tree,18072240,18073680,15487872,15489072
ovl_Obj_Y2lift,18073680,18074496,15489072,15489792
ovl_Obj_Y2shutter,18074496,18075984,15489792,15491040
ovl_Obj_Boat,18075984,18077920,15491040,15492656
ovl_Obj_Taru,18077920,18081360,15492656,15495344
ovl_Obj_Hunsui,18081360,18088144,15495344,15500288
ovl_En_Jc_Mato,18088144,18089136,15500288,15501136
ovl_Mir_Ray3,18089136,18093920,15501136,15505008
ovl_En_Zob,18093920,18102160,15505008,15510112
ovl_Elf_Msg6,18102160,18105872,15510112,15512464
ovl_Obj_Nozoki,18105872,18110624,15512464,15515968
ovl_En_Toto,18110624,18118112,15515968,15521184
ovl_En_Railgibud,18118112,18131456,15521184,15530288
ovl_En_Baba,18131456,18139312,15530288,15536096
ovl_En_Suttari,18139312,18157904,15536096,15548352
ovl_En_Zod,18157904,18164416,15548352,15553120
ovl_En_Kujiya,18164416,18167984,15553120,15555280
ovl_En_Geg,18167984,18180320,15555280,15563584
ovl_Obj_Kinoko,18180320,18181328,15563584,15564528
ovl_Obj_Yasi,18181328,18182112,15564528,15565248
ovl_En_Tanron1,18182112,18188720,15565248,15569456
ovl_En_Tanron2,18188720,18196016,15569456,15574768
ovl_En_Tanron3,18196016,18200944,15574768,15578592
ovl_Obj_Chan,18200944,18205984,15578592,15582816
ovl_En_Zos,18205984,18213632,15582816,15587696
ovl_En_S_Goro,18213632,18226736,15587696,15595696
ovl_En_Nb,18226736,18233728,15595696,15600560
ovl_En_Ja,18233728,18242048,15600560,15606224
ovl_Bg_F40_Block,18242048,18245680,15606224,15608656
ovl_Bg_F40_Switch,18245680,18247584,15608656,15610160
ovl_En_Po_Composer,18247584,18254944,15610160,15615072
ovl_En_Guruguru,18254944,18258752,15615072,15618048
ovl_Oceff_Wipe5,18258752,18264784,15618048,15623968
ovl_En_Stone_heishi,18264784,18269696,15623968,15627680
ovl_Oceff_Wipe6,18269696,18271312,15627680,15628976
ovl_En_Scopenuts,18271312,18280544,15628976,15635360
ovl_En_Scopecrow,18280544,18283792,15635360,15637888
ovl_Oceff_Wipe7,18283792,18287472,15637888,15639760
ovl_Eff_Kamejima_Wave,18287472,18289168,15639760,15641072
ovl_En_Hg,18289168,18293488,15641072,15644064
ovl_En_Hgo,18293488,18297376,15644064,15646880
ovl_En_Zov,18297376,18303600,15646880,15651216
ovl_En_Ah,18303600,18309328,15651216,15655104
ovl_Obj_Hgdoor,18309328,18311008,15655104,15656368
ovl_Bg_Ikana_Bombwall,18311008,18314240,15656368,15658624
ovl_Bg_Ikana_Ray,18314240,18314960,15658624,15659184
ovl_Bg_Ikana_Shutter,18314960,18316864,15659184,15660304
ovl_Bg_Haka_Bombwall,18316864,18318784,15660304,15661856
ovl_Bg_Haka_Tomb,18318784,18319696,15661856,15662560
ovl_En_Sc_Ruppe,18319696,18321232,15662560,15663824
ovl_Bg_Iknv_Doukutu,18321232,18324208,15663824,15665984
ovl_Bg_Iknv_Obj,18324208,18326256,15665984,15667472
ovl_En_Pamera,18326256,18336368,15667472,15673568
ovl_Obj_HsStump,18336368,18337920,15673568,15674928
ovl_En_Hidden_Nuts,18337920,18342576,15674928,15678224
ovl_En_Zow,18342576,18350112,15678224,15683376
ovl_En_Talk,18350112,18350560,15683376,15683728
ovl_En_Al,18350560,18359584,15683728,15689680
ovl_En_Tab,18359584,18365632,15689680,15693984
ovl_En_Nimotsu,18365632,18366576,15693984,15694832
ovl_En_Hit_Tag,18366576,18367136,15694832,15695312
ovl_En_Ruppecrow,18367136,18373568,15695312,15699696
ovl_En_Tanron4,18373568,18377072,15699696,15702112
ovl_En_Tanron5,18377072,18382976,15702112,15706352
ovl_En_Tanron6,18382976,18383376,15706352,15706704
ovl_En_Daiku2,18383376,18389824,15706704,15711472
ovl_En_Muto,18389824,18392368,15711472,15713568
ovl_En_Baisen,18392368,18394976,15713568,15715664
ovl_En_Heishi,18394976,18396496,15715664,15716976
ovl_En_Demo_heishi,18396496,18398048,15716976,15718320
ovl_En_Dt,18398048,18404704,15718320,15723232
ovl_En_Cha,18404704,18405760,15723232,15724128
ovl_Obj_Dinner,18405760,18406144,15724128,15724464
ovl_Eff_Lastday,18406144,18408064,15724464,15725648
ovl_Bg_Ikana_Dharma,18408064,18410512,15725648,15727776
ovl_En_Akindonuts,18410512,18427328,15727776,15737840
ovl_Eff_Stk,18427328,18428288,15737840,15738704
ovl_En_Ig,18428288,18438480,15738704,15745648
ovl_En_Rg,18438480,18447424,15745648,15752448
ovl_En_Osk,18447424,18453760,15752448,15756224
ovl_En_Sth2,18453760,18465056,15756224,15763216
ovl_En_Yb,18465056,18470048,15763216,15766816
ovl_En_Rz,18470048,18476992,15766816,15771504
ovl_En_Scopecoin,18476992,18477824,15771504,15772192
ovl_En_Bjt,18477824,18481552,15772192,15774864
ovl_En_Bomjima,18481552,18493120,15774864,15782752
ovl_En_Bomjimb,18493120,18502992,15782752,15789696
ovl_En_Bombers,18502992,18508112,15789696,15793584
ovl_En_Bombers2,18508112,18512528,15793584,15796976
ovl_En_Bombal,18512528,18515248,15796976,15799232
ovl_Obj_Moon_Stone,18515248,18516672,15799232,15800400
ovl_Obj_Mu_Pict,18516672,18518320,15800400,15801568
ovl_Bg_Ikninside,18518320,18519904,15801568,15802928
ovl_Eff_Zoraband,18519904,18520896,15802928,15803792
ovl_Obj_Kepn_Koya,18520896,18521248,15803792,15804096
ovl_Obj_Usiyane,18521248,18524032,15804096,15806512
ovl_En_Nnh,18524032,18524832,15806512,15807152
ovl_Obj_Kzsaku,18524832,18525792,15807152,15807920
ovl_Obj_Milk_Bin,18525792,18526448,15807920,15808480
ovl_En_Kitan,18526448,18530032,15808480,15811088
ovl_Bg_Astr_Bombwall,18530032,18532192,15811088,15812848
ovl_Bg_Iknin_Susceil,18532192,18535088,15812848,15814848
ovl_En_Bsb,18535088,18554864,15814848,15828544
ovl_En_Recepgirl,18554864,18556816,15828544,15830048
ovl_En_Thiefbird,18556816,18569536,15830048,15839104
ovl_En_Jgame_Tsn,18569536,18576128,15839104,15843632
ovl_Obj_Jgame_Light,18576128,18579952,15843632,15845984
ovl_Obj_Yado,18579952,18580608,15845984,15846528
ovl_Demo_Syoten,18580608,18586128,15846528,15850416
ovl_Demo_Moonend,18586128,18587936,15850416,15851760
ovl_Bg_Lbfshot,18587936,18588224,15851760,15852000
ovl_Bg_Last_Bwall,18588224,18590608,15852000,15853904
ovl_En_And,18590608,18592416,15853904,15855344
ovl_En_Invadepoh_Demo,18592416,18599232,15855344,15859456
ovl_Obj_Danpeilift,18599232,18601408,15859456,15861232
ovl_En_Fall2,18601408,18603280,15861232,15862704
ovl_Dm_Al,18603280,18604944,15862704,15864032
ovl_Dm_An,18604944,18609040,15864032,15867056
ovl_Dm_Ah,18609040,18611792,15867056,15869136
ovl_Dm_Nb,18611792,18612752,15869136,15869968
ovl_En_Drs,18612752,18613776,15869968,15870832
ovl_En_Ending_Hero,18613776,18614624,15870832,15871616
ovl_Dm_Bal,18614624,18617168,15871616,15873504
ovl_En_Paper,18617168,18619504,15873504,15875424
ovl_En_Hint_Skb,18619504,18629328,15875424,15881872
ovl_Dm_Tag,18629328,18631872,15881872,15883696
ovl_En_Bh,18631872,18633136,15883696,15884752
ovl_En_Ending_Hero2,18633136,18633696,15884752,15885264
ovl_En_Ending_Hero3,18633696,18634256,15885264,15885776
ovl_En_Ending_Hero4,18634256,18634816,15885776,15886288
ovl_En_Ending_Hero5,18634816,18635792,15886288,15887136
ovl_En_Ending_Hero6,18635792,18637536,15887136,15888624
ovl_Dm_Gm,18637536,18641632,15888624,15891648
ovl_Obj_Swprize,18641632,18642976,15891648,15892688
ovl_En_Invisible_Ruppe,18642976,18643776,15892688,15893264
ovl_Obj_Ending,18643776,18644160,15893264,15893568
ovl_En_Rsn,18644160,18645024,15893568,15894256
gameplay_keep,18649088,19248688,15894256,16207232
gameplay_field_keep,19251200,19288720,16207232,16234256
gameplay_dangeon_keep,19292160,19436160,16234256,16316704
gameplay_object_exchange_static,19439616,19439632,19439616,0
object_link_boy,19443712,19499152,16316704,16342672
object_link_child,19501056,19624544,16342672,16401328
object_link_goron,19628032,19724944,16401328,16450400
object_link_zora,19726336,19803200,16450400,16485344
object_link_nuts,19804160,19851824,16485344,16509888
object_mask_ki_tan,19853312,19856080,16509888,16511632
object_mask_rabit,19857408,19862432,16511632,16513776
object_mask_skj,19865600,19871456,16513776,16517888
object_mask_truth,19873792,19878560,16517888,16520480
object_mask_gibudo,19881984,19885472,16520480,16524016
object_mask_json,19886080,19891040,16524016,16527232
object_mask_kerfay,19894272,19899840,16527232,16530608
object_mask_bigelf,19902464,19915952,16530608,16537648
object_mask_kyojin,19918848,19922080,16537648,16539808
object_mask_romerny,19922944,19929616,16539808,16543856
object_mask_posthat,19931136,19934032,16543856,16545616
object_mask_zacho,19935232,19941008,16545616,16548944
object_mask_stone,19943424,19947584,16548944,16551520
object_mask_bree,19951616,19959200,16551520,16555984
object_mask_gero,19959808,19971728,16555984,16562448
object_mask_yofukasi,19972096,19978912,16562448,16565712
object_mask_meoto,19980288,19987680,16565712,16568816
object_mask_dancer,19988480,19995472,16568816,16573040
object_mask_bakuretu,19996672,20001280,16573040,16576064
object_mask_bu_san,20004864,20009968,16576064,16579232
object_mask_goron,20013056,20019120,16579232,16582960
object_mask_zora,20021248,20025488,16582960,16585776
object_mask_nuts,20029440,20037856,16585776,16590720
object_mask_boy,20041728,20050128,16590720,16596128
object_box,20054016,20087072,16596128,16612448
object_okuta,20090880,20108928,16612448,16622272
object_wallmaster,20111360,20152432,16622272,16649168
object_dy_obj,20156416,20273344,16649168,16725648
object_firefly,20275200,20281536,16725648,16729376
object_dodongo,20283392,20322624,16729376,16757088
object_niw,20324352,20333888,16757088,16761936
object_tite,20336640,20351536,16761936,16771968
object_ph,20353024,20360336,16771968,16775488
object_dinofos,20361216,20416064,16775488,16817184
object_zl1,20418560,20501440,16817184,16861328
object_bubble,20504576,20508864,16861328,16863216
object_test3,20512768,20576256,16863216,16890224
object_famos,20578304,20594240,16890224,16899408
object_st,20594688,20618160,16899408,16912464
object_thiefbird,20619264,20644832,16912464,16927616
object_bombf,20647936,20654592,16927616,16931616
object_am,20656128,20679984,16931616,16943952
object_dekubaba,20680704,20695488,16943952,16954176
object_warp1,20697088,20732928,16954176,16982544
object_b_heart,20733952,20735552,16982544,16983728
object_dekunuts,20738048,20752272,16983728,16992624
object_bb,20754432,20761152,16992624,16996480
object_death,20762624,20814800,16996480,17032560
object_hata,20815872,20828128,17032560,17038544
object_wood02,20828160,20867008,17038544,17062816
object_trap,20869120,20878304,17062816,17069840
object_vm,20881408,20897648,17069840,17078176
object_efc_star_field,20897792,20903888,17078176,17082352
object_rd,20905984,20980096,17082352,17129936
object_yukimura_obj,20983808,20992160,17129936,17135296
object_horse_link_child,20996096,21054704,17135296,17179232
object_syokudai,21057536,21073040,17179232,17188048
object_efc_tw,21073920,21078768,17188048,17193072
object_gi_key,21082112,21084704,17193072,17194304
object_mir_ray,21086208,21089632,17194304,17196912
object_ctower_rot,21090304,21190080,17196912,17256320
object_bdoor,21192704,21224352,17256320,17276464
object_sb,21225472,21236896,17276464,17282064
object_gi_melody,21237760,21241120,17282064,17283552
object_gi_heart,21241856,21242352,17283552,17283952
object_gi_compass,21245952,21249296,17283952,17285632
object_gi_bosskey,21250048,21254160,17285632,17287504
object_gi_nuts,21258240,21262784,17287504,17290448
object_gi_hearts,21266432,21272496,17290448,17292848
object_gi_arrowcase,21274624,21277872,17292848,17294528
object_gi_bombpouch,21278720,21282400,17294528,17296224
object_in,21282816,21401520,17296224,17366144
object_os_anime,21401600,21413008,17366144,17375216
object_gi_bottle,21413888,21416176,17375216,17376512
object_gi_stick,21417984,21419712,17376512,17377824
object_gi_map,21422080,21426528,17377824,17381152
object_oF1d_map,21430272,21515664,17381152,17432656
object_ru2,21516288,21579984,17432656,17466688
object_gi_magicpot,21581824,21586384,17466688,17468832
object_gi_bomb_1,21590016,21593264,17468832,17470384
object_ma2,21594112,21686064,17470384,17533552
object_gi_purse,21688320,21695344,17533552,17539936
object_rr,21696512,21700096,17539936,17542416
object_gi_arrow,21700608,21707536,17542416,17545120
object_gi_bomb_2,21708800,21710496,17545120,17546320
object_gi_shield_2,21712896,21720768,17546320,17550208
object_gi_hookshot,21721088,21726288,17550208,17553888
object_gi_ocarina,21729280,21732272,17553888,17555728
object_gi_milk,21733376,21738608,17555728,17558144
object_ma1,21741568,21854080,17558144,17636704
object_ny,21856256,21865264,17636704,17640960
object_fr,21868544,21914960,17640960,17658912
object_gi_bow,21917696,21922544,17658912,17661760
object_gi_glasses,21925888,21930368,17661760,17663824
object_gi_liquid,21934080,21940432,17663824,17666528
object_ani,21942272,21989568,17666528,17699552
object_gi_shield_3,21991424,21998592,17699552,17704672
object_gi_bean,21999616,22001856,17704672,17706176
object_gi_fish,22003712,22006096,17706176,17707648
object_gi_longsword,22007808,22010048,17707648,17709088
object_zo,22011904,22082624,17709088,17754288
object_umajump,22085632,22091152,17754288,17757280
object_mastergolon,22093824,22094096,17757280,17757504
object_masterzoora,22097920,22099872,17757504,17759600
object_aob,22102016,22132592,17759600,17774128
object_ik,22134784,22214320,17774128,17825648
object_ahg,22216704,22239664,17825648,17836960
object_cne,22241280,22251984,17836960,17841584
object_bji,22253568,22276976,17841584,17853280
object_bba,22278144,22319264,17853280,17875520
object_an1,22323200,22404656,17875520,17933824
object_boj,22405120,22484928,17933824,17999904
object_fz,22487040,22500560,17999904,18004528
object_bob,22503424,22523680,18004528,18012096
object_ge1,22523904,22573536,18012096,18038384
object_yabusame_point,22577152,22580816,18038384,18039856
object_d_hsblock,22581248,22587232,18039856,18044640
object_d_lift,22589440,22598448,18044640,18052608
object_mamenoki,22601728,22611616,18052608,18060672
object_goroiwa,22614016,22656416,18060672,18082736
object_toryo,22659072,22688096,18082736,18096656
object_daiku,22691840,22745920,18096656,18133168
object_nwc,22749184,22756512,18133168,18137872
object_gm,22757376,22757392,18137872,18137904
object_ms,22761472,22777296,18137904,18146256
object_hs,22777856,22803056,18146256,18159424
object_lightswitch,22806528,22815776,18159424,18164688
object_kusa,22818816,22819712,18164688,18165280
object_tsubo,22822912,22829552,18165280,18170960
object_kanban,22831104,22837168,18170960,18172640
object_owl,22839296,22906320,18172640,18204048
object_mk,22908928,22936752,18204048,18219824
object_fu,22937600,22965408,18219824,18234272
object_gi_ki_tan_mask,22966272,22969840,18234272,18236272
object_gi_mask18,22970368,22976704,18236272,18240784
object_gi_rabit_mask,22978560,22982400,18240784,18242816
object_gi_truth_mask,22982656,22988896,18242816,18245984
object_stream,22990848,22993536,18245984,18247440
object_mm,22994944,23050848,18247440,18284416
object_js,23052288,23079456,18284416,18299888
object_cs,23080960,23149440,18299888,18341744
object_gi_soldout,23150592,23151824,18341744,18342400
object_mag,23154688,23291872,18342400,18396960
object_gi_golonmask,23293952,23301408,18396960,18400368
object_gi_zoramask,23302144,23308128,18400368,18403328
object_ka,23310336,23343552,18403328,18418832
object_zg,23347200,23351808,18418832,18419552
object_gi_m_arrow,23355392,23359104,18419552,18421280
object_ds2,23359488,23376496,18421280,18429792
object_fish,23379968,23467504,18429792,18474592
object_gi_sutaru,23470080,23471696,18474592,18475504
object_ssh,23474176,23502224,18475504,18490432
object_bigslime,23502848,23581696,18490432,18547584
object_bg,23584768,23657328,18547584,18584864
object_bombiwa,23658496,23685744,18584864,18607472
object_hintnuts,23687168,23699776,18607472,18616192
object_rs,23703552,23740976,18616192,18639120
object_gla,23744512,23786336,18639120,18664848
object_geldb,23789568,23834880,18664848,18692032
object_dog,23838720,23871744,18692032,18708992
object_kibako2,23875584,23880128,18708992,18712688
object_dns,23883776,23897344,18712688,18722336
object_dnk,23900160,23911296,18722336,18729440
object_gi_insect,23912448,23915504,18729440,18731296
object_gi_ghost,23916544,23920048,18731296,18733744
object_gi_soul,23920640,23924656,18733744,18735824
object_f40_obj,23924736,23942768,18735824,18749136
object_gi_rupy,23945216,23947328,18749136,18750208
object_po_composer,23949312,23988544,18750208,18777616
object_mu,23990272,24038112,18777616,18812976
object_wf,24039424,24081376,18812976,18837808
object_skb,24084480,24112544,18837808,18858992
object_gs,24113152,24115840,18858992,18861792
object_ps,24117248,24148240,18861792,18877552
object_omoya_obj,24150016,24156928,18877552,18882352
object_crow,24158208,24162512,18882352,18884320
object_cow,24166400,24186544,18884320,18894912
object_gi_sword_1,24186880,24191520,18894912,18897760
object_zl4,24195072,24346464,18897760,19004800
object_grasshopper,24346624,24367712,19004800,19019200
object_boyo,24371200,24374928,19019200,19021792
object_fwall,24375296,24399008,19021792,19030384
object_jso,24399872,24446464,19030384,19062512
object_knight,24449024,24591552,19062512,19179712
object_icicle,24592384,24597184,19179712,19184688
object_spdweb,24600576,24610480,19184688,19190032
object_boss01,24612864,24758624,19190032,19296224
object_boss02,24760320,24845728,19296224,19330464
object_boss03,24846336,24907456,19330464,19362688
object_boss04,24907776,24925696,19362688,19372576
object_boss05,24928256,24959264,19372576,19393488
object_boss07,24961024,25265968,19393488,19588528
object_raf,25268224,25281600,19588528,19595280
object_funen,25284608,25286080,19595280,19596368
object_raillift,25288704,25321136,19596368,19616720
object_numa_obj,25321472,25403824,19616720,19660304
object_flowerpot,25407488,25413184,19660304,19664272
object_spinyroll,25415680,25419696,19664272,19667328
object_ice_block,25419776,25426656,19667328,19671792
object_keikoku_demo,25427968,25482032,19671792,19712432
object_slime,25485312,25492592,19712432,19717328
object_pr,25493504,25510736,19717328,19728176
object_f52_obj,25513984,25521120,19728176,19732768
object_f53_obj,25522176,25537136,19732768,19743536
object_kibako,25538560,25545472,19743536,19747440
object_sek,25546752,25565808,19747440,19764160
object_gmo,25567232,25575664,19764160,19769376
object_bat,25579520,25582752,19769376,19770384
object_sekihil,25583616,25596976,19770384,19778480
object_sekihig,25600000,25613328,19778480,19786688
object_sekihin,25616384,25629712,19786688,19794912
object_sekihiz,25632768,25636928,19794912,19798384
object_wiz,25640960,25686832,19798384,19828400
object_ladder,25690112,25694368,19828400,19830304
object_mkk,25698304,25699600,19830304,19830880
object_keikoku_obj,25702400,25723424,19830880,19844784
object_sichitai_obj,25726976,25737488,19844784,19853616
object_dekucity_ana_obj,25739264,25743616,19853616,19857696
object_rat,25747456,25753712,19857696,19861024
object_water_effect,25755648,25773072,19861024,19872032
object_dblue_object,25776128,25878112,19872032,19921424
object_bal,25878528,25933248,19921424,19956864
object_warp_uzu,25935872,25945168,19956864,19961680
object_driftice,25948160,25955040,19961680,19965936
object_fall,25956352,26000192,19965936,19993536
object_hanareyama_obj,26001408,26021312,19993536,20000592
object_crace_object,26021888,26025520,20000592,20003600
object_dnq,26025984,26088736,20003600,20049648
object_obj_tokeidai,26091520,26164352,20049648,20098944
object_eg,26165248,26243568,20098944,20154624
object_tru,26247168,26359264,20154624,20243136
object_trt,26361856,26427136,20243136,20281520
object_hakugin_obj,26427392,26494016,20281520,20337024
object_horse_game_check,26497024,26511696,20337024,20346960
object_stk,26513408,26633184,20346960,20429008
object_mnk,26636288,26756400,20429008,20509456
object_gi_bottle_red,26759168,26763216,20509456,20511952
object_tokei_tobira,26763264,26768832,20511952,20516768
object_az,26771456,26881488,20516768,20568832
object_twig,26882048,26890448,20568832,20574736
object_dekucity_obj,26894336,26912448,20574736,20589520
object_po_fusen,26914816,26924288,20589520,20594208
object_racetsubo,26927104,26933408,20594208,20598176
object_ha,26935296,27021552,20598176,20642992
object_bigokuta,27025408,27053008,20642992,20658480
object_open_obj,27054080,27124848,20658480,20700336
object_fu_kaiten,27127808,27142192,20700336,20710256
object_fu_mato,27144192,27157072,20710256,20716512
object_mtoride,27160576,27230368,20716512,20759920
object_osn,27234304,27366752,20759920,20851088
object_tokei_step,27369472,27371936,20851088,20853056
object_lotus,27373568,27376208,20853056,20855136
object_tl,27377664,27411024,20855136,20879152
object_dkjail_obj,27414528,27419104,20879152,20882208
object_visiblock,27422720,27425536,20882208,20883984
object_tsn,27426816,27464464,20883984,20904000
object_ds2n,27467776,27500928,20904000,20918944
object_fsn,27504640,27587360,20918944,20963392
object_shn,27590656,27660832,20963392,21000400
object_bigicicle,27664384,27676016,21000400,21005024
object_gi_bottle_15,27676672,27684864,21005024,21009696
object_tk,27684864,27732480,21009696,21038112
object_market_obj,27734016,27868624,21038112,21124816
object_gi_reserve00,27869184,27876464,21124816,21129712
object_gi_reserve01,27877376,27883024,21129712,21134288
object_lightblock,27885568,27888560,21134288,21136976
object_takaraya_objects,27889664,27893328,21136976,21138464
object_wdhand,27893760,27901488,21138464,21144000
object_sdn,27901952,27958416,21144000,21186240
object_snowwd,27959296,27970208,21186240,21192464
object_giant,27971584,28068192,21192464,21275184
object_comb,28069888,28074192,21275184,21278128
object_hana,28078080,28079952,21278128,21278672
object_boss_hakugin,28082176,28174400,21278672,21329200
object_meganeana_obj,28176384,28181968,21329200,21334320
object_gi_nutsmask,28184576,28191792,21334320,21338640
object_stk2,28192768,28432656,21338640,21571376
object_spot11_obj,28434432,28442352,21571376,21578464
object_danpei_object,28442624,28458512,21578464,21587728
object_dhouse,28459008,28492480,21587728,21608016
object_hakaisi,28495872,28508144,21608016,21614864
object_po,28508160,28528864,21614864,21628144
object_snowman,28532736,28563248,21628144,21643504
object_po_sisters,28565504,28591568,21643504,21660128
object_pp,28594176,28670720,21660128,21697424
object_goronswitch,28672000,28682672,21697424,21705888
object_delf,28684288,28770608,21705888,21760960
object_botihasira,28774400,28781584,21760960,21765664
object_gi_bigbomb,28782592,28789040,21765664,21769136
object_pst,28790784,28797584,21769136,21774336
object_bsmask,28798976,28851088,21774336,21805520
object_spidertent,28852224,28861376,21805520,21809424
object_zoraegg,28864512,28887472,21809424,21824752
object_kbt,28889088,28950752,21824752,21862480
object_gg,28954624,29020384,21862480,21900656
object_maruta,29024256,29036512,21900656,21906352
object_ghaka,29036544,29052160,21906352,21915536
object_oyu,29052928,29055424,21915536,21917664
object_dnp,29057024,29131840,21917664,21979168
object_dai,29134848,29212896,21979168,22028768
object_kgy,29216768,29285280,22028768,22075264
object_fb,29286400,29314736,22075264,22094048
object_taisou,29315072,29345664,22094048,22124960
object_gk,29347840,29419296,22124960,22172832
object_haka_obj,29421568,29452352,22172832,22195232
object_dnt,29454336,29500112,22195232,22227632
object_yukiyama,29503488,29530224,22227632,22246800
object_icefloe,29532160,29535424,22246800,22249008
object_gi_gold_dust,29536256,29540672,22249008,22252320
object_gi_bottle_16,29544448,29549344,22252320,22255648
object_gi_bottle_22,29552640,29559488,22255648,22260112
object_bee,29560832,29565856,22260112,22262304
object_ot,29569024,29588288,22262304,22272160
object_utubo,29589504,29608656,22272160,22282176
object_dora,29609984,29630992,22282176,22296976
object_gi_loach,29634560,29639744,22296976,22300448
object_gi_seahorse,29642752,29648848,22300448,22304128
object_bigpo,29650944,29674528,22304128,22320144
object_hariko,29675520,29676576,22320144,22320912
object_dno,29679616,29737488,22320912,22365984
object_sinkai_kabe,29741056,29741184,22365984,22366080
object_kin2_obj,29745152,29778880,22366080,22384896
object_ishi,29782016,29784672,22384896,22386880
object_hakugin_demo,29786112,29799312,22386880,22400640
object_jg,29802496,29913632,22400640,22481968
object_gi_sword_2,29917184,29922656,22481968,22485088
object_gi_sword_3,29925376,29930144,22485088,22488160
object_gi_sword_4,29933568,29938784,22488160,22491856
object_um,29941760,30047776,22491856,22543120
object_rb,30048256,30056176,22543120,22548272
object_mbar_obj,30056448,30063072,22548272,22553216
object_ikana_obj,30064640,30153632,22553216,22597744
object_kz,30154752,30218496,22597744,22644128
object_tokei_turret,30220288,30232896,22644128,22650880
object_zog,30236672,30404992,22650880,22780816
object_rotlift,30408704,30428704,22780816,22794592
object_posthouse_obj,30429184,30439808,22794592,22799504
object_gi_mask09,30441472,30447456,22799504,22803104
object_gi_mask14,30449664,30457728,22803104,22808208
object_gi_mask15,30457856,30464864,22808208,22813392
object_inibs_object,30466048,30527200,22813392,22847552
object_tree,30527488,30534496,22847552,22852176
object_kaizoku_obj,30535680,30582944,22852176,22880384
object_gi_reserve_b_00,30584832,30588976,22880384,22882944
object_gi_reserve_c_00,30593024,30597344,22882944,22885232
object_zob,30601216,30671200,22885232,22928240
object_milkbar,30674944,30746800,22928240,22976816
object_dmask,30748672,30765760,22976816,22987328
object_gi_reserve_c_01,30769152,30772992,22987328,22989744
object_zod,30773248,30828992,22989744,23017504
object_kumo30,30830592,30843760,23017504,23028160
object_obj_yasi,30846976,30852192,23028160,23032000
object_tanron1,30855168,30855184,23032000,23032032
object_tanron2,30859264,30864032,23032032,23034048
object_tanron3,30867456,30872224,23034048,23036064
object_gi_magicmushroom,30875648,30879200,23036064,23038576
object_obj_chan,30879744,30893296,23038576,23047296
object_gi_mask10,30896128,30903488,23047296,23051488
object_zos,30904320,30996880,23051488,23118240
object_an2,30998528,31015648,23118240,23133616
object_an3,31019008,31029856,23133616,23143552
object_f40_switch,31031296,31034864,23143552,23145824
object_lodmoon,31035392,31051296,23145824,23155728
object_tro,31051776,31062368,23155728,23158912
object_gi_mask12,31064064,31067904,23158912,23161408
object_gi_mask23,31068160,31073552,23161408,23164592
object_gi_bottle_21,31076352,31083680,23164592,23169120
object_gi_camera,31084544,31090784,23169120,23173392
object_kamejima,31092736,31178400,23173392,23233568
object_nb,31178752,31214672,23233568,23254144
object_harfgibud,31215616,31307264,23254144,23315904
object_zov,31309824,31400560,23315904,23378528
object_ah,31404032,31444608,23378528,23400048
object_hgdoor,31444992,31452480,23400048,23405632
object_dor01,31453184,31458896,23405632,23408816
object_dor02,31461376,31467024,23408816,23413280
object_dor03,31469568,31474896,23413280,23417264
object_dor04,31477760,31483488,23417264,23421216
object_last_obj,31485952,31505184,23421216,23436720
object_redead_obj,31506432,31509424,23436720,23439408
object_ikninside_obj,31510528,31567488,23439408,23479984
object_iknv_obj,31567872,31646096,23479984,23528912
object_pamera,31649792,31707520,23528912,23561504
object_hsstump,31711232,31715808,23561504,23565488
object_zm,31719424,31770768,23565488,23602512
object_al,31772672,31828976,23602512,23637264
object_tab,31830016,31864512,23637264,23656336
object_secom_obj,31866880,31878384,23656336,23664288
object_dt,31879168,31925520,23664288,23689024
object_gi_mask03,31928320,31936176,23689024,23693872
object_cha,31936512,31944208,23693872,23700064
object_obj_dinner,31944704,31954496,23700064,23705680
object_gi_reserve_b_01,31956992,31962848,23705680,23709664
object_lastday,31965184,31975952,23709664,23718176
object_bai,31977472,32010672,23718176,23737216
object_ikn_demo,32014336,32070848,23737216,23779520
object_gi_fieldmap,32071680,32077856,23779520,23784336
object_big_fwall,32079872,32082624,23784336,23786496
object_hunsui,32083968,32090432,23786496,23788704
object_uch,32092160,32112224,23788704,23799824
object_tanron4,32112640,32116352,23799824,23801216
object_tanron5,32116736,32121504,23801216,23803232
object_in2,32124928,32174160,23803232,23836352
object_yb,32178176,32202592,23836352,23847040
object_rz,32202752,32258288,23847040,23878496
object_bjt,32260096,32269216,23878496,23884576
object_taru,32272384,32279776,23884576,23889312
object_moonston,32280576,32285232,23889312,23893680
object_gi_schedule,32288768,32295104,23893680,23898032
object_gi_stonemask,32296960,32301904,23898032,23901040
object_zoraband,32305152,32309056,23901040,23904384
object_kepn_koya,32309248,32342160,23904384,23925104
object_obj_usiyane,32346112,32355040,23925104,23930592
object_gi_mask05,32358400,32365248,23930592,23934528
object_gi_mask11,32366592,32374416,23934528,23938816
object_gi_mask20,32374784,32380992,23938816,23942752
object_nnh,32382976,32394912,23942752,23949760
object_kzsaku,32395264,32399696,23949760,23951184
object_obj_milk_bin,32403456,32410112,23951184,23954784
object_random_obj,32411648,32416496,23954784,23957760
object_kujiya,32419840,32444848,23957760,23971136
object_kitan,32448512,32481216,23971136,23987712
object_gi_mask06,32481280,32487648,23987712,23990960
object_gi_mask16,32489472,32497616,23990960,23995392
object_astr_obj,32497664,32507088,23995392,24000736
object_bsb,32509952,32564192,24000736,24047696
object_fall2,32567296,32602272,24047696,24067088
object_sth,32604160,32616976,24067088,24072608
object_gi_mssa,32620544,32625776,24072608,24075728
object_smtower,32628736,32634768,24075728,24080944
object_gi_mask21,32636928,32641968,24080944,24083200
object_yado_obj,32645120,32649968,24083200,24086736
object_syoten,32653312,32673184,24086736,24097600
object_moonend,32673792,32750080,24097600,24142304
object_ob,32751616,32849584,24142304,24200064
object_gi_bottle_04,32849920,32854624,24200064,24202832
object_and,32858112,32932576,24202832,24243728
object_obj_danpeilift,32935936,32938960,24243728,24245920
object_drs,32940032,32963216,24245920,24259968
object_msmo,32964608,32970400,24259968,24263088
object_an4,32972800,33007824,24263088,24296752
object_wdor01,33009664,33015472,24296752,24300768
object_wdor02,33017856,33023664,24300768,24305232
object_wdor03,33026048,33031856,24305232,24308640
object_wdor04,33034240,33039984,24308640,24312736
object_wdor05,33042432,33048176,24312736,24316336
object_stk3,33050624,33075040,24316336,24341344
object_kinsta1_obj,33075200,33080048,24341344,24345120
object_kinsta2_obj,33083392,33088752,24345120,24348608
object_bh,33091584,33099376,24348608,24352576
object_gi_mask17,33099776,33107024,24352576,24356864
object_gi_mask22,33107968,33113824,24356864,24360720
object_lbfshot,33116160,33121552,24360720,24364976
object_fusen,33124352,33133648,24364976,24370960
object_ending_obj,33136640,33171424,24370960,24393456
object_gi_mask13,33173504,33179136,24393456,24395984
scene_texture_01,33181696,33201408,24395984,24409952
scene_texture_02,33202176,33209600,24409952,24414928
scene_texture_03,33210368,33228800,24414928,24425184
scene_texture_04,33230848,33251840,24425184,24437680
scene_texture_05,33255424,33282048,24437680,24454032
scene_texture_06,33284096,33305696,24454032,24467200
scene_texture_07,33308672,33308688,24467200,24467232
scene_texture_08,33312768,33345536,24467232,24486080
nintendo_rogo_static,33345536,33357248,24486080,24492080
title_static,33357824,33711120,24492080,24672160
parameter_static,33714176,33758976,24672160,24687040
DBG_020F0000,33759232,33761760,24687040,24688048
DBG_020F1000,33763328,33765856,24688048,24689152
DBG_020F2000,33767424,33770480,24689152,24690160
DBG_020F3000,33771520,33774048,24690160,24691376
week_static,33775616,33791168,24691376,0
daytelop_static,33792000,33831680,24706928,24714832
ger_daytelop_static,33832960,33872640,24714832,24724240
fra_daytelop_static,33873920,33913600,24724240,24731872
esp_daytelop_static,33914880,33954560,24731872,24739696
d2_fine_static,33955840,34004992,24739696,24748448
d2_cloud_static,34004992,34054144,24748448,24770784
d2_fine_pal_static,34054144,34054656,24770784,24771184
elf_message_field,34058240,34058352,24771184,24771328
elf_message_ydan,34062336,34062352,24771328,24771360
Z2_SONCHONOIE,34066432,34133552,24771360,24823856
Z2_SONCHONOIE_room_00,34136064,34247232,24823856,24884720
Z2_SONCHONOIE_room_01,34250752,34326048,24884720,24928960
Z2_SONCHONOIE_room_02,34328576,34381984,24928960,24960608
Z2_BOWLING,34385920,34429888,24960608,24988816
Z2_BOWLING_room_00,34430976,34470496,24988816,25004528
Z2_HAKASHITA,34471936,34502784,25004528,25023120
Z2_HAKASHITA_room_00,34504704,34540128,25023120,25036336
Z2_20SICHITAI2,34541568,34592384,25036336,25071968
Z2_20SICHITAI2_room_00,34594816,34627648,25071968,25087408
Z2_20SICHITAI2_room_01,34631680,34661936,25087408,25103056
Z2_20SICHITAI2_room_02,34664448,34693088,25103056,25115776
Z2_20SICHITAI2_room_03,34693120,34711152,25115776,25125024
Z2_20SICHITAI2_room_04,34713600,34736576,25125024,25137472
Z2_AYASHIISHOP,34738176,34751648,25137472,25146848
Z2_AYASHIISHOP_room_00,34754560,34826880,25146848,25180432
Z2_AYASHIISHOP_room_01,34828288,34850080,25180432,25188512
TEST01,34852864,34899984,25188512,25221840
TEST01_room_00,34902016,34940384,25221840,25237616
TEST01_room_01,34942976,35008592,25237616,25267264
TEST01_room_02,35012608,35053488,25267264,25286800
KAKUSIANA,35053568,35070112,25286800,25298992
KAKUSIANA_room_00,35074048,35093840,25298992,25306432
SPOT00,35094528,35124480,25306432,25324848
SPOT00_room_00,35127296,35165648,25324848,25340880
SPOT00_room_01,35168256,35196800,25340880,25355104
SPOT00_room_02,35196928,35238256,25355104,25375024
SPOT00_room_03,35241984,35282288,25375024,25392608
Z2_IKANA,35282944,35406720,25392608,25454336
Z2_IKANA_room_00,35409920,35579456,25454336,25565360
Z2_IKANA_room_01,35581952,35583120,25565360,25565888
Z2_IKANA_room_02,35586048,35601200,25565888,25575488
Z2_IKANA_room_03,35602432,35614048,25575488,25583600
Z2_IKANA_room_04,35614720,35649648,25583600,25605776
Z2_KAIZOKU,35651584,35724576,25605776,25654304
Z2_KAIZOKU_room_00,35725312,35807040,25654304,25677232
Z2_MILK_BAR,35807232,35861456,25677232,25710480
Z2_MILK_BAR_room_00,35864576,35909504,25710480,25727520
Z2_INISIE_N,35909632,35984944,25727520,25771360
Z2_INISIE_N_room_00,35987456,36047424,25771360,25798016
Z2_INISIE_N_room_01,36048896,36091136,25798016,25817216
Z2_INISIE_N_room_02,36093952,36124400,25817216,25828496
Z2_INISIE_N_room_03,36126720,36169792,25828496,25845712
Z2_INISIE_N_room_04,36171776,36201776,25845712,25857472
Z2_INISIE_N_room_05,36204544,36204976,25857472,25857744
Z2_INISIE_N_room_06,36208640,36209072,25857744,25858016
Z2_INISIE_N_room_07,36212736,36227856,25858016,25864368
Z2_INISIE_N_room_08,36229120,36248656,25864368,25872368
Z2_INISIE_N_room_09,36249600,36283024,25872368,25888560
Z2_INISIE_N_room_10,36286464,36305456,25888560,25898576
Z2_INISIE_N_room_11,36306944,36307408,25898576,25898896
Z2_TAKARAYA,36311040,36350080,25898896,25924112
Z2_TAKARAYA_room_00,36352000,36384384,25924112,25936752
Z2_INISIE_R,36384768,36458624,25936752,25978032
Z2_INISIE_R_room_00,36462592,36516976,25978032,26002480
Z2_INISIE_R_room_01,36519936,36558416,26002480,26020064
Z2_INISIE_R_room_02,36560896,36594704,26020064,26032656
Z2_INISIE_R_room_03,36597760,36642416,26032656,26051056
Z2_INISIE_R_room_04,36642816,36669088,26051056,26062448
Z2_INISIE_R_room_05,36671488,36672096,26062448,26062864
Z2_INISIE_R_room_06,36675584,36676160,26062864,26063232
Z2_INISIE_R_room_07,36679680,36680144,26063232,26063536
Z2_INISIE_R_room_08,36683776,36701232,26063536,26069808
Z2_INISIE_R_room_09,36704256,36704720,26069808,26070144
Z2_INISIE_R_room_10,36708352,36730832,26070144,26081376
Z2_INISIE_R_room_11,36732928,36750080,26081376,26088880
Z2_OKUJOU,36753408,36863904,26088880,26138112
Z2_OKUJOU_room_00,36864000,36876160,26138112,26142688
Z2_OPENINGDAN,36876288,36920928,26142688,26166656
Z2_OPENINGDAN_room_00,36921344,36968656,26166656,26192064
Z2_OPENINGDAN_room_01,36970496,36996784,26192064,26205024
Z2_MITURIN,36999168,37094288,26205024,26264064
Z2_MITURIN_room_00,37097472,37137488,26264064,26281552
Z2_MITURIN_room_01,37138432,37173360,26281552,26297216
Z2_MITURIN_room_02,37175296,37203168,26297216,26311040
Z2_MITURIN_room_03,37203968,37244352,26311040,26328016
Z2_MITURIN_room_04,37244928,37254224,26328016,26333120
Z2_MITURIN_room_05,37257216,37281856,26333120,26343552
Z2_MITURIN_room_06,37285888,37298192,26343552,26350304
Z2_MITURIN_room_07,37302272,37316448,26350304,26357872
Z2_MITURIN_room_08,37318656,37345072,26357872,26371856
Z2_MITURIN_room_09,37347328,37391840,26371856,26392736
Z2_MITURIN_room_10,37392384,37412528,26392736,26400368
Z2_MITURIN_room_11,37412864,37440928,26400368,26414896
Z2_MITURIN_room_12,37441536,37457040,26414896,26427232
Z2_13HUBUKINOMITI,37457920,37490160,26427232,26454624
Z2_13HUBUKINOMITI_room_00,37490688,37508384,26454624,26466384
Z2_CASTLE,37511168,37574768,26466384,26506688
Z2_CASTLE_room_00,37576704,37675072,26506688,26562320
Z2_CASTLE_room_01,37679104,37704288,26562320,26575120
Z2_CASTLE_room_02,37707776,37730112,26575120,26589584
Z2_CASTLE_room_03,37732352,37754224,26589584,26602112
Z2_CASTLE_room_04,37756928,37791456,26602112,26620480
Z2_CASTLE_room_05,37793792,37810288,26620480,26628624
Z2_CASTLE_room_06,37814272,37823936,26628624,26633488
Z2_CASTLE_room_07,37826560,37836400,26633488,26638016
Z2_CASTLE_room_08,37838848,37842704,26638016,26640176
Z2_CASTLE_room_09,37842944,37846800,26640176,26642320
Z2_DEKUTES,37847040,37883536,26642320,26668832
Z2_DEKUTES_room_00,37883904,37901152,26668832,26675584
Z2_MITURIN_BS,37904384,37917104,26675584,26687872
Z2_MITURIN_BS_room_00,37920768,37928112,26687872,26690208
Z2_SYATEKI_MIZU,37928960,37967552,26690208,26715696
Z2_SYATEKI_MIZU_room_00,37969920,37994832,26715696,26725072
Z2_HAKUGIN,37998592,38111696,26725072,26800224
Z2_HAKUGIN_room_00,38113280,38147120,26800224,26823696
Z2_HAKUGIN_room_01,38150144,38178064,26823696,26845712
Z2_HAKUGIN_room_02,38178816,38229152,26845712,26879424
Z2_HAKUGIN_room_03,38232064,38254672,26879424,26895088
Z2_HAKUGIN_room_04,38256640,38393760,26895088,26976848
Z2_HAKUGIN_room_05,38395904,38426272,26976848,26996608
Z2_HAKUGIN_room_06,38428672,38443600,26996608,27008288
Z2_HAKUGIN_room_07,38445056,38472368,27008288,27029952
Z2_HAKUGIN_room_08,38473728,38494160,27029952,27043408
Z2_HAKUGIN_room_09,38494208,38528064,27043408,27065936
Z2_HAKUGIN_room_10,38531072,38544512,27065936,27075008
Z2_HAKUGIN_room_11,38547456,38559536,27075008,27083392
Z2_HAKUGIN_room_12,38559744,38579472,27083392,27097760
Z2_HAKUGIN_room_13,38580224,38597376,27097760,27112128
Z2_ROMANYMAE,38600704,38614704,27112128,27122384
Z2_ROMANYMAE_room_00,38617088,38630240,27122384,27129968
Z2_PIRATE,38633472,38717008,27129968,27179552
Z2_PIRATE_room_00,38719488,38731712,27179552,27184496
Z2_PIRATE_room_01,38731776,38751744,27184496,27191904
Z2_PIRATE_room_02,38752256,38773888,27191904,27199200
Z2_PIRATE_room_03,38776832,38873440,27199200,27238000
Z2_PIRATE_room_04,38875136,38887776,27238000,27243792
Z2_PIRATE_room_05,38891520,38955808,27243792,27262144
Z2_PIRATE_room_06,38957056,38972672,27262144,27269824
Z2_PIRATE_room_07,38973440,39045632,27269824,27298544
Z2_PIRATE_room_08,39047168,39061472,27298544,27305136
Z2_PIRATE_room_09,39063552,39103792,27305136,27323104
Z2_PIRATE_room_10,39104512,39148640,27323104,27342272
Z2_PIRATE_room_11,39149568,39189616,27342272,27359952
Z2_PIRATE_room_12,39190528,39245360,27359952,27382128
Z2_PIRATE_room_13,39247872,39264752,27382128,27389792
Z2_PIRATE_room_14,39268352,39273792,27389792,27393264
Z2_SYATEKI_MORI,39276544,39349456,27393264,27441488
Z2_SYATEKI_MORI_room_00,39350272,39374928,27441488,27452624
Z2_SINKAI,39378944,39419552,27452624,27486448
Z2_SINKAI_room_00,39419904,39451728,27486448,27504464
Z2_YOUSEI_IZUMI,39452672,39596992,27504464,27567952
Z2_YOUSEI_IZUMI_room_00,39600128,39620832,27567952,27576896
Z2_YOUSEI_IZUMI_room_01,39624704,39645280,27576896,27585744
Z2_YOUSEI_IZUMI_room_02,39649280,39669888,27585744,27594576
Z2_YOUSEI_IZUMI_room_03,39673856,39694432,27594576,27603440
Z2_YOUSEI_IZUMI_room_04,39698432,39719056,27603440,27612320
Z2_KINSTA1,39723008,39767136,27612320,27640464
Z2_KINSTA1_room_00,39768064,39776800,27640464,27643824
Z2_KINSTA1_room_01,39780352,39821568,27643824,27660368
Z2_KINSTA1_room_02,39825408,39847456,27660368,27671776
Z2_KINSTA1_room_03,39849984,39868112,27671776,27679536
Z2_KINSTA1_room_04,39870464,39907408,27679536,27693328
Z2_KINSTA1_room_05,39911424,39919408,27693328,27697616
Z2_KINDAN2,39919616,39984704,27697616,27738032
Z2_KINDAN2_room_00,39985152,40012352,27738032,27753184
Z2_KINDAN2_room_01,40013824,40063760,27753184,27771488
Z2_KINDAN2_room_02,40067072,40108864,27771488,27789072
Z2_KINDAN2_room_03,40112128,40150048,27789072,27804592
Z2_KINDAN2_room_04,40153088,40172224,27804592,27812736
Z2_KINDAN2_room_05,40173568,40205808,27812736,27827728
Z2_TENMON_DAI,40206336,40241024,27827728,27850384
Z2_TENMON_DAI_room_00,40243200,40317728,27850384,27882016
Z2_TENMON_DAI_room_01,40321024,40422064,27882016,27930384
Z2_LAST_DEKU,40423424,40439696,27930384,27941856
Z2_LAST_DEKU_room_00,40439808,40495872,27941856,27982848
Z2_LAST_DEKU_room_01,40497152,40515488,27982848,27996912
Z2_22DEKUCITY,40517632,40571424,27996912,28033520
Z2_22DEKUCITY_room_00,40574976,40647248,28033520,28066032
Z2_22DEKUCITY_room_01,40648704,40708432,28066032,28091280
Z2_22DEKUCITY_room_02,40710144,40785136,28091280,28125120
Z2_KAJIYA,40787968,40819152,28125120,28147584
Z2_KAJIYA_room_00,40820736,40876320,28147584,28169088
Z2_00KEIKOKU,40878080,41108864,28169088,28311280
Z2_00KEIKOKU_room_00,41111552,41277536,28311280,28385936
Z2_POSTHOUSE,41279488,41318320,28385936,28412208
Z2_POSTHOUSE_room_00,41320448,41355536,28412208,28425328
Z2_LABO,41357312,41413696,28425328,28462624
Z2_LABO_room_00,41414656,41449120,28462624,28477616
Z2_DANPEI2TEST,41451520,41475152,28477616,28495904
Z2_DANPEI2TEST_room_00,41476096,41569376,28495904,28536592
Z2_DANPEI2TEST_room_01,41570304,41594032,28536592,28545120
Z2_16GORON_HOUSE,41594880,41648576,28545120,28583312
Z2_16GORON_HOUSE_room_00,41652224,41702864,28583312,28606512
Z2_16GORON_HOUSE_room_01,41705472,41735024,28606512,28620416
Z2_33ZORACITY,41738240,41797488,28620416,28669232
Z2_33ZORACITY_room_00,41799680,41840720,28669232,28688928
Z2_8ITEMSHOP,41844736,41886320,28688928,28716608
Z2_8ITEMSHOP_room_00,41889792,41941552,28716608,28735952
Z2_F01,41943040,42058848,28735952,28815280
Z2_F01_room_00,42061824,42115776,28815280,28842368
Z2_INISIE_BS,42119168,42130448,28842368,28849616
Z2_INISIE_BS_room_00,42131456,42131888,28849616,28849872
Z2_30GYOSON,42135552,42261968,28849872,28937904
Z2_30GYOSON_room_00,42262528,42382080,28937904,28993232
Z2_31MISAKI,42385408,42487696,28993232,29067568
Z2_31MISAKI_room_00,42487808,42583152,29067568,29113904
Z2_TAKARAKUJI,42586112,42595856,29113904,29122032
Z2_TAKARAKUJI_room_00,42598400,42610256,29122032,29126560
Z2_TORIDE,42610688,42659920,29126560,29166384
Z2_TORIDE_room_00,42663936,42717696,29166384,29188912
Z2_FISHERMAN,42721280,42758480,29188912,29217472
Z2_FISHERMAN_room_00,42762240,42796352,29217472,29231680
Z2_GORONSHOP,42799104,42849072,29231680,29267264
Z2_GORONSHOP_room_00,42852352,42890656,29267264,29283024
Z2_DEKU_KING,42893312,42965952,29283024,29328208
Z2_DEKU_KING_room_00,42967040,43005152,29328208,29345056
Z2_LAST_GORON,43008000,43046336,29345056,29368304
Z2_LAST_GORON_room_00,43048960,43138704,29368304,29419952
Z2_LAST_GORON_room_01,43139072,43156672,29419952,29434000
Z2_24KEMONOMITI,43159552,43191120,29434000,29458096
Z2_24KEMONOMITI_room_00,43192320,43217376,29458096,29471600
Z2_F01_B,43220992,43268384,29471600,29510304
Z2_F01_B_room_00,43270144,43299456,29510304,29522944
Z2_F01C,43302912,43360944,29522944,29562960
Z2_F01C_room_00,43364352,43387440,29562960,29572416
Z2_BOTI,43388928,43446736,29572416,29617760
Z2_BOTI_room_00,43450368,43500000,29617760,29644480
Z2_BOTI_room_01,43503616,43539232,29644480,29666816
Z2_HAKUGIN_BS,43540480,43573168,29666816,29691664
Z2_HAKUGIN_BS_room_00,43573248,43598416,29691664,29702368
Z2_20SICHITAI,43601920,43672928,29702368,29758128
Z2_20SICHITAI_room_00,43675648,43797392,29758128,29828048
Z2_20SICHITAI_room_01,43798528,43881728,29828048,29878768
Z2_20SICHITAI_room_02,43884544,43943136,29878768,29915840
Z2_21MITURINMAE,43945984,43991024,29915840,29947696
Z2_21MITURINMAE_room_00,43991040,44055616,29947696,29971840
Z2_LAST_ZORA,44056576,44140576,29971840,30036816
Z2_LAST_ZORA_room_00,44142592,44201824,30036816,30058112
Z2_11GORONNOSATO2,44204032,44230400,30058112,30079040
Z2_11GORONNOSATO2_room_00,44232704,44324592,30079040,30137808
Z2_11GORONNOSATO2_room_01,44326912,44336800,30137808,30143376
Z2_SEA,44339200,44455744,30143376,30218128
Z2_SEA_room_00,44457984,44517984,30218128,30242320
Z2_SEA_room_01,44519424,44553120,30242320,30254944
Z2_SEA_room_02,44556288,44564672,30254944,30258736
Z2_SEA_room_03,44568576,44577856,30258736,30262512
Z2_SEA_room_04,44580864,44616592,30262512,30278464
Z2_SEA_room_05,44617728,44638960,30278464,30289888
Z2_SEA_room_06,44642304,44690832,30289888,30312400
Z2_SEA_room_07,44691456,44712128,30312400,30323552
Z2_SEA_room_08,44716032,44758016,30323552,30339568
Z2_SEA_room_09,44761088,44780272,30339568,30346512
Z2_SEA_room_10,44781568,44817184,30346512,30361344
Z2_SEA_room_11,44818432,44862192,30361344,30380432
Z2_SEA_room_12,44863488,44897648,30380432,30394128
Z2_SEA_room_13,44900352,44914576,30394128,30401088
Z2_SEA_room_14,44916736,44923712,30401088,30404960
Z2_SEA_room_15,44924928,44931440,30404960,30407264
Z2_35TAKI,44933120,45033472,30407264,30490944
Z2_35TAKI_room_00,45035520,45137168,30490944,30544464
Z2_REDEAD,45137920,45191216,30544464,30577888
Z2_REDEAD_room_00,45195264,45216496,30577888,30586512
Z2_REDEAD_room_01,45219840,45255568,30586512,30600496
Z2_REDEAD_room_02,45256704,45289600,30600496,30613280
Z2_REDEAD_room_03,45293568,45324592,30613280,30625152
Z2_REDEAD_room_04,45326336,45356096,30625152,30637600
Z2_REDEAD_room_05,45359104,45396896,30637600,30651776
Z2_REDEAD_room_06,45400064,45428384,30651776,30663520
Z2_REDEAD_room_07,45428736,45453504,30663520,30672992
Z2_REDEAD_room_08,45457408,45467232,30672992,30676928
Z2_REDEAD_room_09,45469696,45479984,30676928,30681088
Z2_REDEAD_room_10,45481984,45492736,30681088,30685408
Z2_REDEAD_room_11,45494272,45533056,30685408,30708384
Z2_REDEAD_room_12,45535232,45539216,30708384,30709872
Z2_REDEAD_room_13,45539328,45545616,30709872,30712192
Z2_BANDROOM,45547520,45594800,30712192,30743888
Z2_BANDROOM_room_00,45596672,45670352,30743888,30788928
Z2_BANDROOM_room_01,45670400,45717280,30788928,30816016
Z2_BANDROOM_room_02,45719552,45778352,30816016,30849040
Z2_BANDROOM_room_03,45780992,45823856,30849040,30876304
Z2_BANDROOM_room_04,45826048,45864528,30876304,30897968
Z2_11GORONNOSATO,45867008,45889280,30897968,30915104
Z2_11GORONNOSATO_room_00,45891584,45972576,30915104,30963328
Z2_11GORONNOSATO_room_01,45973504,45984352,30963328,30969952
Z2_GORON_HAKA,45985792,46020496,30969952,30994576
Z2_GORON_HAKA_room_00,46022656,46054832,30994576,31009136
Z2_SECOM,46055424,46082576,31009136,31025696
Z2_SECOM_room_00,46084096,46097136,31025696,31033392
Z2_SECOM_room_01,46100480,46164400,31033392,31061376
Z2_10YUKIYAMANOMURA,46166016,46224976,31061376,31101888
Z2_10YUKIYAMANOMURA_room_00,46227456,46274240,31101888,31125120
Z2_TOUGITES,46276608,46303168,31125120,31143792
Z2_TOUGITES_room_00,46305280,46323152,31143792,31152080
Z2_DANPEI,46325760,46394112,31152080,31198112
Z2_DANPEI_room_00,46395392,46439360,31198112,31219968
Z2_DANPEI_room_01,46440448,46473856,31219968,31235136
Z2_DANPEI_room_02,46477312,46528720,31235136,31258704
Z2_DANPEI_room_03,46530560,46571280,31258704,31280768
Z2_DANPEI_room_04,46571520,46593200,31280768,31291536
Z2_DANPEI_room_05,46596096,46636656,31291536,31310928
Z2_DANPEI_room_06,46637056,46682704,31310928,31330144
Z2_DANPEI_room_07,46686208,46742288,31330144,31355744
Z2_DANPEI_room_08,46743552,46769168,31355744,31370320
Z2_IKANAMAE,46772224,46805136,31370320,31397600
Z2_IKANAMAE_room_00,46809088,46828496,31397600,31407904
Z2_DOUJOU,46829568,46859568,31407904,31430320
Z2_DOUJOU_room_00,46862336,46888160,31430320,31440736
Z2_MUSICHOUSE,46891008,46995456,31440736,31510096
Z2_MUSICHOUSE_room_00,46997504,47049312,31510096,31531152
Z2_IKNINSIDE,47050752,47095824,31531152,31559424
Z2_IKNINSIDE_room_00,47099904,47110624,31559424,31563328
Z2_IKNINSIDE_room_01,47112192,47142976,31563328,31577536
Z2_MAP_SHOP,47144960,47173664,31577536,31598528
Z2_MAP_SHOP_room_00,47177728,47200352,31598528,31606544
Z2_F40,47202304,47284992,31606544,31669056
Z2_F40_room_00,47288320,47337072,31669056,31692608
Z2_F41,47337472,47418096,31692608,31753760
Z2_F41_room_00,47419392,47466848,31753760,31776416
Z2_10YUKIYAMANOMURA2,47468544,47497312,31776416,31795264
Z2_10YUKIYAMANOMURA2_room_00,47501312,47625360,31795264,31870192
Z2_10YUKIYAMANOMURA2_room_01,47628288,47636016,31870192,31874528
Z2_14YUKIDAMANOMITI,47636480,47660272,31874528,31892256
Z2_14YUKIDAMANOMITI_room_00,47661056,47678896,31892256,31903552
Z2_12HAKUGINMAE,47681536,47711584,31903552,31927312
Z2_12HAKUGINMAE_room_00,47714304,47743152,31927312,31944896
Z2_17SETUGEN,47747072,47786928,31944896,31970416
Z2_17SETUGEN_room_00,47788032,47818480,31970416,31985168
Z2_17SETUGEN2,47820800,47856336,31985168,32013808
Z2_17SETUGEN2_room_00,47857664,47886816,32013808,32028640
Z2_SEA_BS,47890432,47911664,32028640,32046864
Z2_SEA_BS_room_00,47915008,47937744,32046864,32055040
Z2_RANDOM,47939584,47984864,32055040,32086048
Z2_RANDOM_room_00,47988736,47999776,32086048,32090912
Z2_RANDOM_room_01,48001024,48039760,32090912,32105872
Z2_RANDOM_room_02,48041984,48071120,32105872,32120336
Z2_RANDOM_room_03,48074752,48104176,32120336,32134928
Z2_RANDOM_room_04,48107520,48121280,32134928,32141520
Z2_RANDOM_room_05,48123904,48139264,32141520,32149536
Z2_YADOYA,48140288,48202880,32149536,32183744
Z2_YADOYA_room_00,48205824,48305344,32183744,32225088
Z2_YADOYA_room_01,48308224,48341808,32225088,32239328
Z2_YADOYA_room_02,48345088,48369376,32239328,32248400
Z2_YADOYA_room_03,48369664,48390336,32248400,32255664
Z2_YADOYA_room_04,48394240,48424240,32255664,32265680
Z2_KONPEKI_ENT,48427008,48456224,32265680,32284384
Z2_KONPEKI_ENT_room_00,48459776,48485280,32284384,32296080
Z2_INSIDETOWER,48488448,48521024,32296080,32307776
Z2_INSIDETOWER_room_00,48521216,48585232,32307776,32347104
Z2_INSIDETOWER_room_01,48586752,48587184,32347104,32347360
Z2_26SARUNOMORI,48590848,48641248,32347360,32381504
Z2_26SARUNOMORI_room_00,48644096,48657904,32381504,32388880
Z2_26SARUNOMORI_room_01,48660480,48674272,32388880,32396144
Z2_26SARUNOMORI_room_02,48676864,48693856,32396144,32406368
Z2_26SARUNOMORI_room_03,48697344,48707440,32406368,32411520
Z2_26SARUNOMORI_room_04,48709632,48723024,32411520,32418640
Z2_26SARUNOMORI_room_05,48726016,48736112,32418640,32423792
Z2_26SARUNOMORI_room_06,48738304,48754736,32423792,32432560
Z2_26SARUNOMORI_room_07,48758784,48768880,32432560,32437744
Z2_26SARUNOMORI_room_08,48771072,48784688,32437744,32445136
Z2_LOST_WOODS,48787456,48851408,32445136,32476336
Z2_LOST_WOODS_room_00,48852992,48886000,32476336,32498912
Z2_LOST_WOODS_room_01,48889856,48930080,32498912,32527376
Z2_LOST_WOODS_room_02,48930816,48938432,32527376,32529968
Z2_LAST_LINK,48939008,48968464,32529968,32553680
Z2_LAST_LINK_room_00,48971776,48984512,32553680,32561600
Z2_LAST_LINK_room_01,48988160,48997888,32561600,32567328
Z2_LAST_LINK_room_02,49000448,49012464,32567328,32575504
Z2_LAST_LINK_room_03,49012736,49027920,32575504,32586064
Z2_LAST_LINK_room_04,49029120,49035664,32586064,32589504
Z2_LAST_LINK_room_05,49037312,49053488,32589504,32601600
Z2_LAST_LINK_room_06,49053696,49056576,32601600,32602688
Z2_LAST_LINK_room_07,49057792,49060672,32602688,32603776
Z2_SOUGEN,49061888,49106896,32603776,32634272
Z2_SOUGEN_room_00,49106944,49138400,32634272,32648416
Z2_BOMYA,49139712,49191280,32648416,32679184
Z2_BOMYA_room_00,49192960,49225440,32679184,32691568
Z2_KYOJINNOMA,49225728,49286576,32691568,32708832
Z2_KYOJINNOMA_room_00,49287168,49293872,32708832,32711216
Z2_KOEPONARACE,49295360,49337488,32711216,32746176
Z2_KOEPONARACE_room_00,49340416,49374272,32746176,32763536
Z2_GORONRACE,49377280,49440400,32763536,32813168
Z2_GORONRACE_room_00,49442816,49498992,32813168,32847296
Z2_TOWN,49500160,49624944,32847296,32934368
Z2_TOWN_room_00,49627136,49723040,32934368,32974256
Z2_ICHIBA,49725440,49815104,32974256,33036944
Z2_ICHIBA_room_00,49815552,49859328,33036944,33053552
Z2_BACKTOWN,49860608,49929952,33053552,33102096
Z2_BACKTOWN_room_00,49930240,49971584,33102096,33119040
Z2_CLOCKTOWER,49975296,50116192,33119040,33214672
Z2_CLOCKTOWER_room_00,50118656,50198704,33214672,33243312
Z2_ALLEY,50200576,50255968,33243312,33284320
Z2_ALLEY_room_00,50257920,50294000,33284320,33300128
Z2_OMOYA,50294784,50345808,33300128,33314240
Z2_OMOYA_room_00,50348032,50350352,33314240,33315344
Z2_WITCH_SHOP,50352128,50416848,33315344,33364160
Z2_WITCH_SHOP_room_00,50417664,50432656,33364160,33372480
Z2_WITCH_SHOP_room_01,50434048,50460976,33372480,33393104
Z2_WITCH_SHOP_room_02,50462720,50471328,33393104,33398160
Z2_WITCH_SHOP_room_03,50475008,50483872,33398160,33404112
Z2_WITCH_SHOP_room_04,50487296,50493856,33404112,33407584
Z2_WITCH_SHOP_room_05,50495488,50501360,33407584,33411280
Z2_WITCH_SHOP_room_06,50503680,50512688,33411280,33416112
Z2_WITCH_SHOP_room_07,50515968,50526848,33416112,33424096
Z2_WITCH_SHOP_room_08,50528256,50540896,33424096,33431968
Z2_WITCH_SHOP_room_09,50544640,50553360,33431968,33436960
Z2_WITCH_SHOP_room_10,50556928,50561952,33436960,33439840
Z2_WITCH_SHOP_room_11,50565120,50574832,33439840,33446864
Z2_WITCH_SHOP_room_12,50577408,50603232,33446864,33462512
Z2_WITCH_SHOP_room_13,50606080,50620256,33462512,33470064
Z2_WITCH_SHOP_room_14,50622464,50631376,33470064,33474944
Z2_LAST_BS,50634752,50635776,33474944,33475616
Z2_LAST_BS_room_00,50638848,50638864,50638848,0
bump_texture_static,50642944,50642960,50642944,0
anime_model_1_static,50647040,50647056,50647040,0
anime_model_2_static,50651136,50651152,50651136,0
anime_model_3_static,50655232,50655248,50655232,0
anime_model_4_static,50659328,50659344,50659328,0
anime_model_5_static,50663424,50663440,50663424,0
anime_model_6_static,50667520,50667536,50667520,0
anime_texture_1_static,50671616,50671632,50671616,0
anime_texture_2_static,50675712,50675728,50675712,0
anime_texture_3_static,50679808,50679824,50679808,0
anime_texture_4_static,50683904,50683920,50683904,0
anime_texture_5_static,50688000,50688064,50688000,0
anime_texture_6_static,0,0,0,0
softsprite_matrix_static,0,0,0,0
