makerom,0,4192,0,0
boot,4192,108112,4192,0
dmadata,108112,133536,108112,0
Audiobank,133536,290192,133536,0
Audioseq,290192,623120,290192,0
Audiotable,623120,6162816,623120,0
link_animetion,6162816,9283360,6162816,0
icon_item_static_old,9285632,9899712,9285632,0
icon_item_24_static_old,9900032,9930496,9900032,0
icon_item_field_static,9932800,10017520,9283360,9325120
icon_item_dungeon_static,10018816,10038144,9325120,9330144
icon_item_gameover_static,10039296,10052352,9330144,9336032
nes_map_name_static,10055680,10086912,9336032,9349568
ger_map_name_static,10088448,10120448,9349568,9363264
fra_map_name_static,10121216,10152960,9363264,9377440
esp_map_name_static,10153984,10185728,9377440,9391216
icon_item_vtx_static,10186752,10187488,9391216,9391456
map_i_static,10190848,10195728,9391456,0
map_grand_static,10195728,10233440,9396336,0
nes_item_name_static,10233440,10289904,9434048,0
ger_item_name_static,10289904,10341696,9490512,0
fra_item_name_static,10341696,10396896,9542304,0
esp_item_name_static,10396896,10452768,9597504,0
DBG_00A02F20,10452768,10459200,9653376,0
DBG_00A04840,10459200,10466096,9659808,0
DBG_00A06330,10466096,10473984,9666704,0
DBG_00A08200,10473984,10481264,9674592,0
icon_item_static,10481264,10764608,9681872,0
icon_item_24_static,10764608,10783232,9965216,0
schedule_dma_static_old,10783232,10828832,10783232,0
schedule_dma_static,10829824,10856976,9983840,0
schedule_static,10856976,10883296,10010992,10019792
story_static,10887168,11041792,10019792,10131568
nes_do_action_static,11042816,11058944,10131568,0
ger_do_action_static,11059200,11075328,10147696,0
fra_do_action_static,11075584,11091712,10163824,0
esp_do_action_static,11091968,11108096,10179952,0
message_static,11108352,11129216,10196080,0
message_texture_static,11132928,11137536,10216944,0
nes_font_static,11141120,11161088,10221552,0
nes_message_data_static,11161600,11594368,10241520,0
ger_message_data_static,11595776,12074480,10674288,0
fra_message_data_static,12075008,12538160,11152992,0
esp_message_data_static,12541952,12993984,11616144,0
staff_message_data_static,12996608,13000320,12068176,0
nes_message_table_static,13000704,13037424,12071888,0
ger_message_table_static,13037568,13073664,12108608,0
fra_message_table_static,13074432,13110496,12144704,0
esp_message_table_static,13111296,13147360,12180768,0
code,13148160,14415664,12216832,12968448
ovl_title,14415664,14418016,12968448,12970240
ovl_select,14418016,14431552,12970240,12978240
ovl_opening,14431552,14432096,12978240,12978720
ovl_file_choose,14432096,14508672,12978720,13021840
ovl_daytelop,14508672,14513728,13021840,13023840
ovl_kaleido_scope,14513728,14600080,13023840,13075344
ovl_Player_Actor,14600080,14817376,13075344,13221904
ovl_En_Test,14817376,14820704,13221904,13224608
ovl_En_GirlA,14820704,14827616,13224608,13227872
ovl_En_Part,14827616,14829184,13227872,13229232
ovl_En_Light,14829184,14832880,13229232,13231808
ovl_En_Door,14832880,14837936,13231808,13235792
ovl_En_Box,14837936,14846576,13235792,13242096
ovl_En_Pametfrog,14846576,14863104,13242096,13252976
ovl_En_Okuta,14863104,14875280,13252976,13261488
ovl_En_Bom,14875280,14889776,13261488,13270848
ovl_En_Wallmas,14889776,14897552,13270848,13276352
ovl_En_Dodongo,14897552,14909968,13276352,13285120
ovl_En_Firefly,14909968,14918224,13285120,13290832
ovl_En_Horse,14918224,14978400,13290832,13326080
ovl_En_Arrow,14978400,14987312,13326080,13332400
ovl_En_Elf,14987312,15006592,13332400,13345552
ovl_En_Niw,15006592,15016720,13345552,13353072
ovl_En_Tite,15016720,15030864,13353072,13362608
ovl_En_Peehat,15030864,15041664,13362608,13370064
ovl_En_Holl,15041664,15045120,13370064,13372688
ovl_En_Dinofos,15045120,15062016,13372688,13383856
ovl_En_Hata,15062016,15063216,13383856,13384928
ovl_En_Zl1,15063216,15063360,13384928,13385024
ovl_En_Viewer,15063360,15065072,13385024,13386288
ovl_En_Bubble,15065072,15070208,13386288,13390192
ovl_Door_Shutter,15070208,15077344,13390192,13395344
ovl_En_Boom,15077344,15080640,13395344,13398160
ovl_En_Torch2,15080640,15081856,13398160,13399216
ovl_En_Minifrog,15081856,15088480,13399216,13403968
ovl_En_St,15088480,15098944,13403968,13411328
ovl_Obj_Wturn,15098944,15100224,13411328,13412336
ovl_En_River_Sound,15100224,15100848,13412336,13412912
ovl_En_Ossan,15100848,15119408,13412912,13424128
ovl_En_Famos,15119408,15127504,13424128,13429456
ovl_En_Bombf,15127504,15132576,13429456,13433440
ovl_En_Am,15132576,15138304,13433440,13437568
ovl_En_Dekubaba,15138304,15154432,13437568,13448144
ovl_En_M_Fire1,15154432,15154832,13448144,13448480
ovl_En_M_Thunder,15154832,15162928,13448480,13453744
ovl_Bg_Breakwall,15162928,15167328,13453744,13456800
ovl_Door_Warp1,15167328,15182544,13456800,13466704
ovl_Obj_Syokudai,15182544,15186080,13466704,13469568
ovl_Item_B_Heart,15186080,15187088,13469568,13470384
ovl_En_Dekunuts,15187088,15195344,13470384,13475888
ovl_En_Bbfall,15195344,15203040,13475888,13481776
ovl_Arms_Hook,15203040,15206384,13481776,13484432
ovl_En_Bb,15206384,15213824,13484432,13489984
ovl_Bg_Keikoku_Spr,15213824,15214256,13489984,13490352
ovl_En_Wood02,15214256,15219216,13490352,13494256
ovl_En_Death,15219216,15240000,13494256,13508720
ovl_En_Minideath,15240000,15248608,13508720,13514768
ovl_En_Vm,15248608,15253952,13514768,13518832
ovl_Demo_Effect,15253952,15257296,13518832,13521552
ovl_Demo_Kankyo,15257296,15266048,13521552,13527264
ovl_En_Floormas,15266048,15280288,13527264,13536256
ovl_En_Rd,15280288,15294416,13536256,13544656
ovl_Bg_F40_Flift,15294416,15295312,13544656,13545376
ovl_Obj_Mure,15295312,15299520,13545376,13548320
ovl_En_Sw,15299520,15313152,13548320,13557888
ovl_Object_Kankyo,15313152,15323184,13557888,13564752
ovl_En_Horse_Link_Child,15323184,15330320,13564752,13568992
ovl_Door_Ana,15330320,15332000,13568992,13570320
ovl_En_Encount1,15332000,15333552,13570320,13571600
ovl_Demo_Tre_Lgt,15333552,15335376,13571600,13573104
ovl_En_Encount2,15335376,15338064,13573104,13575344
ovl_En_Fire_Rock,15338064,15338208,13575344,13575440
ovl_Bg_Ctower_Rot,15338208,15339632,13575440,13576576
ovl_Mir_Ray,15339632,15346016,13576576,13581760
ovl_En_Sb,15346016,15350320,13581760,13584784
ovl_En_Bigslime,15350320,15400032,13584784,13616048
ovl_En_Karebaba,15400032,15407888,13616048,13621440
ovl_En_In,15407888,15425296,13621440,13632128
ovl_En_Bom_Chu,15425296,15430912,13632128,13636544
ovl_En_Horse_Game_Check,15430912,15435872,13636544,13639744
ovl_En_Rr,15435872,15445936,13639744,13647152
ovl_En_Fr,15445936,15446304,13647152,13647440
ovl_Obj_Oshihiki,15446304,15452624,13647440,13651840
ovl_Eff_Dust,15452624,15457728,13651840,13655040
ovl_Bg_Umajump,15457728,15460144,13655040,13656768
ovl_En_Insect,15460144,15466288,13656768,13660816
ovl_En_Butte,15466288,15471808,13660816,13664768
ovl_En_Fish,15471808,15482240,13664768,13671824
ovl_Item_Etcetera,15482240,15483344,13671824,13672656
ovl_Arrow_Fire,15483344,15491760,13672656,13679776
ovl_Arrow_Ice,15491760,15499632,13679776,13686032
ovl_Arrow_Light,15499632,15507472,13686032,13692368
ovl_Obj_Kibako,15507472,15512608,13692368,13696000
ovl_Obj_Tsubo,15512608,15521648,13696000,13701536
ovl_En_Ik,15521648,15532944,13701536,13709264
ovl_Demo_Shd,15532944,15533088,13709264,13709360
ovl_En_Dns,15533088,15539696,13709360,13714144
ovl_Elf_Msg,15539696,15541104,13714144,13715184
ovl_En_Honotrap,15541104,15550016,13715184,13721552
ovl_En_Tubo_Trap,15550016,15553472,13721552,13724064
ovl_Obj_Ice_Poly,15553472,15557360,13724064,13727120
ovl_En_Fz,15557360,15566912,13727120,13733792
ovl_En_Kusa,15566912,15575344,13733792,13740192
ovl_Obj_Bean,15575344,15585264,13740192,13746704
ovl_Obj_Bombiwa,15585264,15591440,13746704,13751264
ovl_Obj_Switch,15591440,15601648,13751264,13757456
ovl_Obj_Lift,15601648,15604432,13757456,13759776
ovl_Obj_Hsblock,15604432,15605840,13759776,13760912
ovl_En_Okarina_Tag,15605840,15606992,13760912,13761920
ovl_En_Goroiwa,15606992,15626464,13761920,13775872
ovl_En_Daiku,15626464,15629840,13775872,13778496
ovl_En_Nwc,15629840,15634720,13778496,13782240
ovl_Item_Inbox,15634720,15635072,13782240,13782512
ovl_En_Ge1,15635072,15639248,13782512,13785600
ovl_Obj_Blockstop,15639248,15639808,13785600,13786096
ovl_En_Sda,15639808,15645392,13786096,13789808
ovl_En_Clear_Tag,15645392,15669840,13789808,13804672
ovl_En_Gm,15669840,15688080,13804672,13816480
ovl_En_Ms,15688080,15689664,13816480,13817728
ovl_En_Hs,15689664,15693312,13817728,13820528
ovl_Bg_Ingate,15693312,15697104,13820528,13823472
ovl_En_Kanban,15697104,15711280,13823472,13832192
ovl_En_Attack_Niw,15711280,15715920,13832192,13835584
ovl_En_Mk,15715920,15720576,13835584,13838912
ovl_En_Owl,15720576,15733328,13838912,13847232
ovl_En_Ishi,15733328,15742592,13847232,13853984
ovl_Obj_Hana,15742592,15742816,13853984,13854176
ovl_Obj_Lightswitch,15742816,15747168,13854176,13857088
ovl_Obj_Mure2,15747168,15749712,13857088,13858976
ovl_En_Fu,15749712,15765952,13858976,13869776
ovl_En_Stream,15765952,15767328,13869776,13870960
ovl_En_Mm,15767328,15769472,13870960,13872688
ovl_En_Weather_Tag,15769472,15775040,13872688,13876192
ovl_En_Ani,15775040,15778592,13876192,13878784
ovl_En_Js,15778592,15789072,13878784,13885584
ovl_En_Okarina_Effect,15789072,15789696,13885584,13886064
ovl_En_Mag,15789696,15804928,13886064,13894272
ovl_Elf_Msg2,15804928,15806240,13894272,13895152
ovl_Bg_F40_Swlift,15806240,15807376,13895152,13896128
ovl_En_Kakasi,15807376,15819008,13896128,13903744
ovl_Obj_Makeoshihiki,15819008,15819824,13903744,13904496
ovl_Oceff_Spot,15819824,15823616,13904496,13907744
ovl_En_Torch,15823616,15823856,13907744,13907968
ovl_Shot_Sun,15823856,15825408,13907968,13909232
ovl_Obj_Roomtimer,15825408,15826080,13909232,13909776
ovl_En_Ssh,15826080,15835744,13909776,13916416
ovl_Oceff_Wipe,15835744,15839152,13916416,13919360
ovl_Effect_Ss_Dust,15839152,15841184,13919360,13921008
ovl_Effect_Ss_Kirakira,15841184,15842832,13921008,13922416
ovl_Effect_Ss_Bomb2,15842832,15844976,13922416,13924144
ovl_Effect_Ss_Blast,15844976,15845840,13924144,13924976
ovl_Effect_Ss_G_Spk,15845840,15847248,13924976,13926240
ovl_Effect_Ss_D_Fire,15847248,15848288,13926240,13927216
ovl_Effect_Ss_Bubble,15848288,15849680,13927216,13928416
ovl_Effect_Ss_G_Ripple,15849680,15850992,13928416,13929584
ovl_Effect_Ss_G_Splash,15850992,15852048,13929584,13930432
ovl_Effect_Ss_G_Fire,15852048,15852576,13930432,13930928
ovl_Effect_Ss_Lightning,15852576,15854336,13930928,13932528
ovl_Effect_Ss_Dt_Bubble,15854336,15855632,13932528,13933664
ovl_Effect_Ss_Hahen,15855632,15857072,13933664,13934800
ovl_Effect_Ss_Stick,15857072,15857776,13934800,13935456
ovl_Effect_Ss_Sibuki,15857776,15859408,13935456,13936912
ovl_Effect_Ss_Stone1,15859408,15860272,13936912,13937728
ovl_Effect_Ss_Hitmark,15860272,15861552,13937728,13938832
ovl_Effect_Ss_Fhg_Flash,15861552,15864240,13938832,13940512
ovl_Effect_Ss_K_Fire,15864240,15865328,13940512,13941552
ovl_Effect_Ss_Solder_Srch_Ball,15865328,15866432,13941552,13942528
ovl_Effect_Ss_Kakera,15866432,15870576,13942528,13945616
ovl_Effect_Ss_Ice_Piece,15870576,15871600,13945616,13946592
ovl_Effect_Ss_En_Ice,15871600,15873568,13946592,13948304
ovl_Effect_Ss_Fire_Tail,15873568,15875328,13948304,13949888
ovl_Effect_Ss_En_Fire,15875328,15876976,13949888,13951392
ovl_Effect_Ss_Extra,15876976,15877856,13951392,13952256
ovl_Effect_Ss_Dead_Db,15877856,15878896,13952256,13953232
ovl_Effect_Ss_Dead_Dd,15878896,15880320,13953232,13954528
ovl_Effect_Ss_Dead_Ds,15880320,15881472,13954528,13955600
ovl_Oceff_Storm,15881472,15889088,13955600,13962736
ovl_Obj_Demo,15889088,15890064,13962736,13963456
ovl_En_Minislime,15890064,15899104,13963456,13969600
ovl_En_Nutsball,15899104,15900688,13969600,13971056
ovl_Oceff_Wipe2,15900688,15906672,13971056,13974688
ovl_Oceff_Wipe3,15906672,15912640,13974688,13979424
ovl_En_Dg,15912640,15927200,13979424,13988688
ovl_En_Si,15927200,15928256,13988688,13989472
ovl_Obj_Comb,15928256,15934272,13989472,13993712
ovl_Obj_Kibako2,15934272,15936736,13993712,13995728
ovl_En_Hs2,15936736,15936960,13995728,13995904
ovl_Obj_Mure3,15936960,15938944,13995904,13997440
ovl_En_Tg,15938944,15941776,13997440,13999728
ovl_En_Wf,15941776,15959344,13999728,14010944
ovl_En_Skb,15959344,15972368,14010944,14019264
ovl_En_Gs,15972368,15984288,14019264,14027920
ovl_Obj_Sound,15984288,15984816,14027920,14028352
ovl_En_Crow,15984816,15990800,14028352,14032784
ovl_En_Cow,15990800,15996160,14032784,14036256
ovl_Oceff_Wipe4,15996160,16000256,14036256,14039312
ovl_En_Zo,16000256,16004256,14039312,14042400
ovl_Effect_Ss_Ice_Smoke,16004256,16005040,14042400,14043152
ovl_Obj_Makekinsuta,16005040,16006176,14043152,14044096
ovl_En_Ge3,16006176,16010384,14044096,14047216
ovl_Obj_Hamishi,16010384,16013600,14047216,14049840
ovl_En_Zl4,16013600,16014752,14049840,14050768
ovl_En_Mm2,16014752,16017616,14050768,14052384
ovl_Door_Spiral,16017616,16019792,14052384,14054128
ovl_Obj_Pzlblock,16019792,16023344,14054128,14056736
ovl_Obj_Toge,16023344,16026480,14056736,14059248
ovl_Obj_Armos,16026480,16030336,14059248,14062144
ovl_Obj_Boyo,16030336,16031728,14062144,14063360
ovl_En_Grasshopper,16031728,16043648,14063360,14071728
ovl_Obj_Grass,16043648,16050960,14071728,14077392
ovl_Obj_Grass_Carry,16050960,16054928,14077392,14080544
ovl_Obj_Grass_Unit,16054928,16056672,14080544,14081840
ovl_Bg_Fire_Wall,16056672,16058944,14081840,14083680
ovl_En_Bu,16058944,16059376,14083680,14084064
ovl_En_Encount3,16059376,16061840,14084064,14086208
ovl_En_Jso,16061840,16077312,14086208,14096976
ovl_Obj_Chikuwa,16077312,16080288,14096976,14099504
ovl_En_Knight,16080288,16133232,14099504,14134304
ovl_En_Warp_tag,16133232,16135616,14134304,14136240
ovl_En_Aob_01,16135616,16147088,14136240,14144240
ovl_En_Boj_01,16147088,16147232,14144240,14144336
ovl_En_Boj_02,16147232,16147376,14144336,14144432
ovl_En_Boj_03,16147376,16147520,14144432,14144528
ovl_En_Encount4,16147520,16149664,14144528,14146272
ovl_En_Bom_Bowl_Man,16149664,16157136,14146272,14151552
ovl_En_Syateki_Man,16157136,16170864,14151552,14160144
ovl_Bg_Icicle,16170864,16173312,14160144,14162128
ovl_En_Syateki_Crow,16173312,16176912,14162128,14165088
ovl_En_Boj_04,16176912,16177056,14165088,14165184
ovl_En_Cne_01,16177056,16180592,14165184,14167968
ovl_En_Bba_01,16180592,16184048,14167968,14170720
ovl_En_Bji_01,16184048,16188368,14170720,14173840
ovl_Bg_Spdweb,16188368,16193632,14173840,14177680
ovl_En_Mt_tag,16193632,16198208,14177680,14181120
ovl_Boss_01,16198208,16232224,14181120,14204304
ovl_Boss_02,16232224,16257392,14204304,14221840
ovl_Boss_03,16257392,16286288,14221840,14241744
ovl_Boss_04,16286288,16295648,14241744,14248736
ovl_Boss_05,16295648,16311056,14248736,14259328
ovl_Boss_06,16311056,16319840,14259328,14265984
ovl_Boss_07,16319840,16406048,14265984,14323744
ovl_Bg_Dy_Yoseizo,16406048,16413952,14323744,14329584
ovl_En_Boj_05,16413952,16414096,14329584,14329680
ovl_En_Sob1,16414096,16432464,14329680,14341472
ovl_En_Go,16432464,16456384,14341472,14358064
ovl_En_Raf,16456384,16467136,14358064,14365168
ovl_Obj_Funen,16467136,16467600,14365168,14365616
ovl_Obj_Raillift,16467600,16470656,14365616,14368096
ovl_Bg_Numa_Hana,16470656,16474448,14368096,14370896
ovl_Obj_Flowerpot,16474448,16483760,14370896,14377248
ovl_Obj_Spinyroll,16483760,16490352,14377248,14382016
ovl_Dm_Hina,16490352,16492976,14382016,14384032
ovl_En_Syateki_Wf,16492976,16497840,14384032,14387696
ovl_Obj_Skateblock,16497840,16504992,14387696,14392944
ovl_Effect_En_Ice_Block,16504992,16505840,14392944,14393728
ovl_Obj_Iceblock,16505840,16523392,14393728,14405984
ovl_En_Bigpamet,16523392,16532960,14405984,14412720
ovl_Bg_Dblue_Movebg,16532960,16541520,14412720,14419088
ovl_En_Syateki_Dekunuts,16541520,16545888,14419088,14422432
ovl_Elf_Msg3,16545888,16547280,14422432,14423472
ovl_En_Fg,16547280,16552688,14423472,14427456
ovl_Dm_Ravine,16552688,16553136,14427456,14427824
ovl_Dm_Sa,16553136,16554224,14427824,14428704
ovl_En_Slime,16554224,16567632,14428704,14437808
ovl_En_Pr,16567632,16574016,14437808,14442640
ovl_Obj_Toudai,16574016,16577088,14442640,14444656
ovl_Obj_Entotu,16577088,16580688,14444656,14446816
ovl_Obj_Bell,16580688,16583504,14446816,14448832
ovl_En_Syateki_Okuta,16583504,16591408,14448832,14453664
ovl_Obj_Shutter,16591408,16592112,14453664,14454304
ovl_Dm_Zl,16592112,16594176,14454304,14455936
ovl_En_Ru,16594176,16597520,14455936,14458528
ovl_En_Elfgrp,16597520,16603072,14458528,14462464
ovl_Dm_Tsg,16603072,16604128,14462464,14463424
ovl_En_Baguo,16604128,16609344,14463424,14467552
ovl_Obj_Vspinyroll,16609344,16613856,14467552,14470976
ovl_Obj_Smork,16613856,16617200,14470976,14473024
ovl_En_Test2,16617200,16618304,14473024,14473936
ovl_En_Test3,16618304,16631936,14473936,14483888
ovl_En_Test4,16631936,16637936,14483888,14488000
ovl_En_Bat,16637936,16643968,14488000,14492720
ovl_En_Sekihi,16643968,16645728,14492720,14494144
ovl_En_Wiz,16645728,16661216,14494144,14505104
ovl_En_Wiz_Brock,16661216,16662944,14505104,14506544
ovl_En_Wiz_Fire,16662944,16674704,14506544,14514800
ovl_Eff_Change,16674704,16676016,14514800,14515952
ovl_Dm_Statue,16676016,16676240,14515952,14516128
ovl_Obj_Fireshield,16676240,16680176,14516128,14519248
ovl_Bg_Ladder,16680176,16681424,14519248,14520256
ovl_En_Mkk,16681424,16688448,14520256,14525408
ovl_Demo_Getitem,16688448,16689360,14525408,14526176
ovl_En_Dnb,16689360,16693312,14526176,14529248
ovl_En_Dnh,16693312,16695280,14529248,14530880
ovl_En_Dnk,16695280,16699440,14530880,14533568
ovl_En_Dnq,16699440,16704208,14533568,14536880
ovl_Bg_Keikoku_Saku,16704208,16705248,14536880,14537760
ovl_Obj_Hugebombiwa,16705248,16714688,14537760,14543824
ovl_En_Firefly2,16714688,16714832,14543824,14543920
ovl_En_Rat,16714832,16724640,14543920,14551168
ovl_En_Water_Effect,16724640,16735328,14551168,14558416
ovl_En_Kusa2,16735328,16751808,14558416,14569984
ovl_Bg_Spout_Fire,16751808,16753744,14569984,14571632
ovl_En_Dy_Extra,16753744,16755120,14571632,14572832
ovl_En_Bal,16755120,16766528,14572832,14580592
ovl_En_Ginko_Man,16766528,16773920,14580592,14585008
ovl_En_Warp_Uzu,16773920,16774928,14585008,14585808
ovl_Obj_Driftice,16774928,16779856,14585808,14589456
ovl_En_Look_Nuts,16779856,16783680,14589456,14592272
ovl_En_Mushi2,16783680,16798000,14592272,14601808
ovl_En_Fall,16798000,16808752,14601808,14608928
ovl_En_Mm3,16808752,16814384,14608928,14612672
ovl_Bg_Crace_Movebg,16814384,16817136,14612672,14614656
ovl_En_Dno,16817136,16828720,14614656,14622240
ovl_En_Pr2,16828720,16836432,14622240,14627888
ovl_En_Prz,16836432,16842064,14627888,14632256
ovl_En_Jso2,16842064,16860672,14632256,14645072
ovl_Obj_Etcetera,16860672,16864032,14645072,14647632
ovl_En_Egol,16864032,16882528,14647632,14660384
ovl_Obj_Mine,16882528,16896864,14660384,14670320
ovl_Obj_Purify,16896864,16899248,14670320,14672048
ovl_En_Tru,16899248,16924160,14672048,14687728
ovl_En_Trt,16924160,16943680,14687728,14700192
ovl_En_Test5,16943680,16944576,14700192,14700960
ovl_En_Test6,16944576,16961440,14700960,14712448
ovl_En_Az,16961440,16983024,14712448,14726240
ovl_En_Estone,16983024,16986656,14726240,14729200
ovl_Bg_Hakugin_Post,16986656,16999184,14729200,14738224
ovl_Dm_Opstage,16999184,17000304,14738224,14739072
ovl_Dm_Stk,17000304,17022944,14739072,14751760
ovl_Dm_Char00,17022944,17034320,14751760,14757792
ovl_Dm_Char01,17034320,17045648,14757792,14764416
ovl_Dm_Char02,17045648,17047296,14764416,14765696
ovl_Dm_Char03,17047296,17049248,14765696,14767184
ovl_Dm_Char04,17049248,17051648,14767184,14769168
ovl_Dm_Char05,17051648,17060064,14769168,14773616
ovl_Dm_Char06,17060064,17060896,14773616,14774320
ovl_Dm_Char07,17060896,17062576,14774320,14775376
ovl_Dm_Char08,17062576,17074288,14775376,14783296
ovl_Dm_Char09,17074288,17076720,14783296,14785376
ovl_Obj_Tokeidai,17076720,17086320,14785376,14791648
ovl_En_Mnk,17086320,17109504,14791648,14805024
ovl_En_Egblock,17109504,17111872,14805024,14806944
ovl_En_Guard_Nuts,17111872,17115680,14806944,14809936
ovl_Bg_Hakugin_Bombwall,17115680,17120304,14809936,14813232
ovl_Obj_Tokei_Tobira,17120304,17121936,14813232,14814688
ovl_Bg_Hakugin_Elvpole,17121936,17123072,14814688,14815616
ovl_En_Ma4,17123072,17134224,14815616,14822688
ovl_En_Twig,17134224,17136784,14822688,14824832
ovl_En_Po_Fusen,17136784,17139952,14824832,14827376
ovl_En_Door_Etc,17139952,17142032,14827376,14829072
ovl_En_Bigokuta,17142032,17150736,14829072,14835312
ovl_Bg_Icefloe,17150736,17152640,14835312,14836784
ovl_fbdemo_triforce,17152640,17154496,14836784,14838096
ovl_fbdemo_wipe1,17154496,17158480,14838096,14840800
ovl_fbdemo_wipe3,17158480,17165888,14840800,14843632
ovl_fbdemo_wipe4,17165888,17166592,14843632,14844208
ovl_fbdemo_wipe5,17166592,17167712,14844208,14845136
ovl_Effect_Ss_Sbn,17167712,17170128,14845136,14847040
ovl_Obj_Ocarinalift,17170128,17172656,14847040,14848928
ovl_En_Time_Tag,17172656,17175840,14848928,14851216
ovl_Bg_Open_Shutter,17175840,17177584,14851216,14852688
ovl_Bg_Open_Spot,17177584,17178128,14852688,14853152
ovl_Bg_Fu_Kaiten,17178128,17178800,14853152,14853744
ovl_Obj_Aqua,17178800,17182336,14853744,14856464
ovl_En_Elforg,17182336,17188576,14856464,14860880
ovl_En_Elfbub,17188576,17190208,14860880,14862400
ovl_En_Fu_Mato,17190208,17195408,14862400,14866624
ovl_En_Fu_Kago,17195408,17199680,14866624,14869952
ovl_En_Osn,17199680,17208704,14869952,14875744
ovl_Bg_Ctower_Gear,17208704,17210768,14875744,14877360
ovl_En_Trt2,17210768,17221056,14877360,14884352
ovl_Obj_Tokei_Step,17221056,17224048,14884352,14886720
ovl_Bg_Lotus,17224048,17225696,14886720,14888048
ovl_En_Kame,17225696,17235024,14888048,14894544
ovl_Obj_Takaraya_Wall,17235024,17239648,14894544,14898224
ovl_Bg_Fu_Mizu,17239648,17240384,14898224,14898880
ovl_En_Sellnuts,17240384,17253792,14898880,14907568
ovl_Bg_Dkjail_Ivy,17253792,17255904,14907568,14909328
ovl_Obj_Visiblock,17255904,17256192,14909328,14909568
ovl_En_Takaraya,17256192,17260560,14909568,14912848
ovl_En_Tsn,17260560,17267136,14912848,14917200
ovl_En_Ds2n,17267136,17268448,14917200,14918272
ovl_En_Fsn,17268448,17286304,14918272,14929744
ovl_En_Shn,17286304,17291024,14929744,14933056
ovl_En_Stop_heishi,17291024,17297120,14933056,14937552
ovl_Obj_Bigicicle,17297120,17300880,14937552,14940400
ovl_En_Lift_Nuts,17300880,17311696,14940400,14947056
ovl_En_Tk,17311696,17327040,14947056,14957296
ovl_Bg_Market_Step,17327040,17327312,14957296,14957536
ovl_Obj_Lupygamelift,17327312,17329024,14957536,14958992
ovl_En_Test7,17329024,17341456,14958992,14967792
ovl_Obj_Lightblock,17341456,17343088,14967792,14969120
ovl_Mir_Ray2,17343088,17344240,14969120,14970112
ovl_En_Wdhand,17344240,17353312,14970112,14976656
ovl_En_Gamelupy,17353312,17354976,14976656,14978048
ovl_Bg_Danpei_Movebg,17354976,17357120,14978048,14979760
ovl_En_Snowwd,17357120,17358400,14979760,14980880
ovl_En_Pm,17358400,17378400,14980880,14993440
ovl_En_Gakufu,17378400,17380992,14993440,14995568
ovl_Elf_Msg4,17380992,17382544,14995568,14996720
ovl_Elf_Msg5,17382544,17383232,14996720,14997184
ovl_En_Col_Man,17383232,17386400,14997184,14999648
ovl_En_Talk_Gibud,17386400,17398928,14999648,15007936
ovl_En_Giant,17398928,17403856,15007936,15011392
ovl_Obj_Snowball,17403856,17413520,15011392,15018464
ovl_Boss_Hakugin,17413520,17455328,15018464,15047696
ovl_En_Gb2,17455328,17465696,15047696,15054464
ovl_En_Onpuman,17465696,17467184,15054464,15055664
ovl_Bg_Tobira01,17467184,17468272,15055664,15056560
ovl_En_Tag_Obj,17468272,17468544,15056560,15056784
ovl_Obj_Dhouse,17468544,17474688,15056784,15061104
ovl_Obj_Hakaisi,17474688,17480336,15061104,15065152
ovl_Bg_Hakugin_Switch,17480336,17485296,15065152,15068320
ovl_En_Snowman,17485296,17498704,15068320,15078048
ovl_TG_Sw,17498704,17499808,15078048,15078928
ovl_En_Po_Sisters,17499808,17514912,15078928,15089344
ovl_En_Pp,17514912,17530352,15089344,15100016
ovl_En_Hakurock,17530352,17534704,15100016,15103200
ovl_En_Hanabi,17534704,17539136,15103200,15106768
ovl_Obj_Dowsing,17539136,17539520,15106768,15107040
ovl_Obj_Wind,17539520,17541408,15107040,15108480
ovl_En_Racedog,17541408,17548688,15108480,15113952
ovl_En_Kendo_Js,17548688,17556336,15113952,15119056
ovl_Bg_Botihasira,17556336,17557088,15119056,15119728
ovl_En_Fish2,17557088,17570592,15119728,15129488
ovl_En_Pst,17570592,17574368,15129488,15131952
ovl_En_Poh,17574368,17587712,15131952,15140816
ovl_Obj_Spidertent,17587712,17594496,15140816,15145520
ovl_En_Zoraegg,17594496,17604640,15145520,15152320
ovl_En_Kbt,17604640,17609312,15152320,15155696
ovl_En_Gg,17609312,17617776,15155696,15161712
ovl_En_Maruta,17617776,17625360,15161712,15166768
ovl_Obj_Snowball2,17625360,17633088,15166768,15172480
ovl_En_Gg2,17633088,17638736,15172480,15176624
ovl_Obj_Ghaka,17638736,17640720,15176624,15178208
ovl_En_Dnp,17640720,17646304,15178208,15182128
ovl_En_Dai,17646304,17654640,15182128,15187936
ovl_Bg_Goron_Oyu,17654640,17656560,15187936,15189392
ovl_En_Kgy,17656560,17669280,15189392,15197200
ovl_En_Invadepoh,17669280,17720720,15197200,15227664
ovl_En_Gk,17720720,17734080,15227664,15236656
ovl_En_An,17734080,17762464,15236656,15253664
ovl_En_Bee,17762464,17765472,15253664,15256112
ovl_En_Ot,17765472,17779200,15256112,15265808
ovl_En_Dragon,17779200,17787968,15265808,15272048
ovl_Obj_Dora,17787968,17790800,15272048,15274192
ovl_En_Bigpo,17790800,17806896,15274192,15285664
ovl_Obj_Kendo_Kanban,17806896,17812368,15285664,15289760
ovl_Obj_Hariko,17812368,17813152,15289760,15290400
ovl_En_Sth,17813152,17840080,15290400,15309200
ovl_Bg_Sinkai_Kabe,17840080,17841488,15309200,15310400
ovl_Bg_Haka_Curtain,17841488,17842576,15310400,15311168
ovl_Bg_Kin2_Bombwall,17842576,17844624,15311168,15312848
ovl_Bg_Kin2_Fence,17844624,17846544,15312848,15314272
ovl_Bg_Kin2_Picture,17846544,17849504,15314272,15316688
ovl_Bg_Kin2_Shelf,17849504,17852976,15316688,15319072
ovl_En_Rail_Skb,17852976,17865728,15319072,15327568
ovl_En_Jg,17865728,17875360,15327568,15334032
ovl_En_Tru_Mt,17875360,17881312,15334032,15338592
ovl_Obj_Um,17881312,17902064,15338592,15352784
ovl_En_Neo_Reeba,17902064,17910416,15352784,15358400
ovl_Bg_Mbar_Chair,17910416,17910720,15358400,15358640
ovl_Bg_Ikana_Block,17910720,17914000,15358640,15361120
ovl_Bg_Ikana_Mirror,17914000,17916992,15361120,15363152
ovl_Bg_Ikana_Rotaryroom,17916992,17925392,15363152,15368816
ovl_Bg_Dblue_Balance,17925392,17931728,15368816,15373584
ovl_Bg_Dblue_Waterfall,17931728,17938144,15373584,15378224
ovl_En_Kaizoku,17938144,17962016,15378224,15393712
ovl_En_Ge2,17962016,17969536,15393712,15398800
ovl_En_Ma_Yts,17969536,17974896,15398800,15402352
ovl_En_Ma_Yto,17974896,17989136,15402352,15409696
ovl_Obj_Tokei_Turret,17989136,17989744,15409696,15410224
ovl_Bg_Dblue_Elevator,17989744,17992800,15410224,15412576
ovl_Obj_Warpstone,17992800,17994848,15412576,15414192
ovl_En_Zog,17994848,18005856,15414192,15422128
ovl_Obj_Rotlift,18005856,18006816,15422128,15423040
ovl_Obj_Jg_Gakki,18006816,18007376,15423040,15423552
ovl_Bg_Inibs_Movebg,18007376,18007824,15423552,15423968
ovl_En_Zot,18007824,18023024,15423968,15433312
ovl_Obj_Tree,18023024,18024464,15433312,15434512
ovl_Obj_Y2lift,18024464,18025280,15434512,15435232
ovl_Obj_Y2shutter,18025280,18026768,15435232,15436480
ovl_Obj_Boat,18026768,18028704,15436480,15438096
ovl_Obj_Taru,18028704,18032144,15438096,15440784
ovl_Obj_Hunsui,18032144,18038928,15440784,15445728
ovl_En_Jc_Mato,18038928,18039920,15445728,15446576
ovl_Mir_Ray3,18039920,18044704,15446576,15450448
ovl_En_Zob,18044704,18052944,15450448,15455552
ovl_Elf_Msg6,18052944,18056656,15455552,15457904
ovl_Obj_Nozoki,18056656,18061408,15457904,15461408
ovl_En_Toto,18061408,18068896,15461408,15466624
ovl_En_Railgibud,18068896,18082240,15466624,15475728
ovl_En_Baba,18082240,18090096,15475728,15481536
ovl_En_Suttari,18090096,18108688,15481536,15493792
ovl_En_Zod,18108688,18115200,15493792,15498560
ovl_En_Kujiya,18115200,18118768,15498560,15500720
ovl_En_Geg,18118768,18131104,15500720,15509024
ovl_Obj_Kinoko,18131104,18132112,15509024,15509968
ovl_Obj_Yasi,18132112,18132896,15509968,15510688
ovl_En_Tanron1,18132896,18139504,15510688,15514896
ovl_En_Tanron2,18139504,18146800,15514896,15520208
ovl_En_Tanron3,18146800,18151728,15520208,15524032
ovl_Obj_Chan,18151728,18156768,15524032,15528256
ovl_En_Zos,18156768,18164416,15528256,15533152
ovl_En_S_Goro,18164416,18177520,15533152,15541152
ovl_En_Nb,18177520,18184512,15541152,15546016
ovl_En_Ja,18184512,18192832,15546016,15551680
ovl_Bg_F40_Block,18192832,18196464,15551680,15554096
ovl_Bg_F40_Switch,18196464,18198368,15554096,15555600
ovl_En_Po_Composer,18198368,18205728,15555600,15560512
ovl_En_Guruguru,18205728,18209536,15560512,15563488
ovl_Oceff_Wipe5,18209536,18215568,15563488,15569408
ovl_En_Stone_heishi,18215568,18220480,15569408,15573120
ovl_Oceff_Wipe6,18220480,18222096,15573120,15574416
ovl_En_Scopenuts,18222096,18231328,15574416,15580800
ovl_En_Scopecrow,18231328,18234576,15580800,15583328
ovl_Oceff_Wipe7,18234576,18238256,15583328,15585200
ovl_Eff_Kamejima_Wave,18238256,18239952,15585200,15586512
ovl_En_Hg,18239952,18244272,15586512,15589520
ovl_En_Hgo,18244272,18248160,15589520,15592336
ovl_En_Zov,18248160,18254384,15592336,15596688
ovl_En_Ah,18254384,18260112,15596688,15600576
ovl_Obj_Hgdoor,18260112,18261792,15600576,15601840
ovl_Bg_Ikana_Bombwall,18261792,18265024,15601840,15604096
ovl_Bg_Ikana_Ray,18265024,18265744,15604096,15604656
ovl_Bg_Ikana_Shutter,18265744,18267648,15604656,15605776
ovl_Bg_Haka_Bombwall,18267648,18269568,15605776,15607328
ovl_Bg_Haka_Tomb,18269568,18270480,15607328,15608048
ovl_En_Sc_Ruppe,18270480,18272016,15608048,15609312
ovl_Bg_Iknv_Doukutu,18272016,18274992,15609312,15611472
ovl_Bg_Iknv_Obj,18274992,18277040,15611472,15612960
ovl_En_Pamera,18277040,18287152,15612960,15619056
ovl_Obj_HsStump,18287152,18288704,15619056,15620416
ovl_En_Hidden_Nuts,18288704,18293360,15620416,15623712
ovl_En_Zow,18293360,18300896,15623712,15628864
ovl_En_Talk,18300896,18301344,15628864,15629216
ovl_En_Al,18301344,18310368,15629216,15635184
ovl_En_Tab,18310368,18316416,15635184,15639488
ovl_En_Nimotsu,18316416,18317360,15639488,15640336
ovl_En_Hit_Tag,18317360,18317920,15640336,15640816
ovl_En_Ruppecrow,18317920,18324352,15640816,15645200
ovl_En_Tanron4,18324352,18327856,15645200,15647616
ovl_En_Tanron5,18327856,18333760,15647616,15651856
ovl_En_Tanron6,18333760,18334160,15651856,15652208
ovl_En_Daiku2,18334160,18340608,15652208,15656976
ovl_En_Muto,18340608,18343152,15656976,15659072
ovl_En_Baisen,18343152,18345760,15659072,15661184
ovl_En_Heishi,18345760,18347280,15661184,15662496
ovl_En_Demo_heishi,18347280,18348832,15662496,15663840
ovl_En_Dt,18348832,18355488,15663840,15668752
ovl_En_Cha,18355488,18356544,15668752,15669648
ovl_Obj_Dinner,18356544,18356928,15669648,15669984
ovl_Eff_Lastday,18356928,18358848,15669984,15671168
ovl_Bg_Ikana_Dharma,18358848,18361296,15671168,15673296
ovl_En_Akindonuts,18361296,18378112,15673296,15683360
ovl_Eff_Stk,18378112,18379072,15683360,15684224
ovl_En_Ig,18379072,18389264,15684224,15691184
ovl_En_Rg,18389264,18398208,15691184,15697984
ovl_En_Osk,18398208,18404544,15697984,15701760
ovl_En_Sth2,18404544,18415840,15701760,15708752
ovl_En_Yb,18415840,18420832,15708752,15712352
ovl_En_Rz,18420832,18427776,15712352,15717040
ovl_En_Scopecoin,18427776,18428608,15717040,15717728
ovl_En_Bjt,18428608,18432336,15717728,15720400
ovl_En_Bomjima,18432336,18443904,15720400,15728288
ovl_En_Bomjimb,18443904,18453776,15728288,15735232
ovl_En_Bombers,18453776,18458896,15735232,15739120
ovl_En_Bombers2,18458896,18463312,15739120,15742512
ovl_En_Bombal,18463312,18466032,15742512,15744768
ovl_Obj_Moon_Stone,18466032,18467456,15744768,15745936
ovl_Obj_Mu_Pict,18467456,18469104,15745936,15747104
ovl_Bg_Ikninside,18469104,18470688,15747104,15748464
ovl_Eff_Zoraband,18470688,18471680,15748464,15749328
ovl_Obj_Kepn_Koya,18471680,18472032,15749328,15749632
ovl_Obj_Usiyane,18472032,18474816,15749632,15752048
ovl_En_Nnh,18474816,18475616,15752048,15752688
ovl_Obj_Kzsaku,18475616,18476576,15752688,15753456
ovl_Obj_Milk_Bin,18476576,18477232,15753456,15754016
ovl_En_Kitan,18477232,18480816,15754016,15756640
ovl_Bg_Astr_Bombwall,18480816,18482976,15756640,15758400
ovl_Bg_Iknin_Susceil,18482976,18485872,15758400,15760400
ovl_En_Bsb,18485872,18505648,15760400,15774112
ovl_En_Recepgirl,18505648,18507600,15774112,15775616
ovl_En_Thiefbird,18507600,18520320,15775616,15784672
ovl_En_Jgame_Tsn,18520320,18526912,15784672,15789184
ovl_Obj_Jgame_Light,18526912,18530736,15789184,15791536
ovl_Obj_Yado,18530736,18531392,15791536,15792080
ovl_Demo_Syoten,18531392,18536912,15792080,15795968
ovl_Demo_Moonend,18536912,18538720,15795968,15797312
ovl_Bg_Lbfshot,18538720,18539008,15797312,15797552
ovl_Bg_Last_Bwall,18539008,18541392,15797552,15799456
ovl_En_And,18541392,18543200,15799456,15800912
ovl_En_Invadepoh_Demo,18543200,18550016,15800912,15805024
ovl_Obj_Danpeilift,18550016,18552192,15805024,15806800
ovl_En_Fall2,18552192,18554064,15806800,15808272
ovl_Dm_Al,18554064,18555728,15808272,15809600
ovl_Dm_An,18555728,18559824,15809600,15812624
ovl_Dm_Ah,18559824,18562576,15812624,15814704
ovl_Dm_Nb,18562576,18563536,15814704,15815536
ovl_En_Drs,18563536,18564560,15815536,15816400
ovl_En_Ending_Hero,18564560,18565408,15816400,15817184
ovl_Dm_Bal,18565408,18567952,15817184,15819072
ovl_En_Paper,18567952,18570288,15819072,15820992
ovl_En_Hint_Skb,18570288,18580112,15820992,15827440
ovl_Dm_Tag,18580112,18582656,15827440,15829264
ovl_En_Bh,18582656,18583920,15829264,15830320
ovl_En_Ending_Hero2,18583920,18584480,15830320,15830832
ovl_En_Ending_Hero3,18584480,18585040,15830832,15831344
ovl_En_Ending_Hero4,18585040,18585600,15831344,15831856
ovl_En_Ending_Hero5,18585600,18586576,15831856,15832704
ovl_En_Ending_Hero6,18586576,18588320,15832704,15834208
ovl_Dm_Gm,18588320,18592416,15834208,15837232
ovl_Obj_Swprize,18592416,18593760,15837232,15838256
ovl_En_Invisible_Ruppe,18593760,18594560,15838256,15838832
ovl_Obj_Ending,18594560,18594944,15838832,15839136
ovl_En_Rsn,18594944,18595808,15839136,15839824
gameplay_keep,18595840,19195360,15839824,16152768
gameplay_field_keep,19197952,19235472,16152768,16179792
gameplay_dangeon_keep,19238912,19382912,16179792,16262240
gameplay_object_exchange_static,19386368,19386384,19386368,0
object_link_boy,19390464,19445904,16262240,16288208
object_link_child,19447808,19571280,16288208,16346864
object_link_goron,19574784,19671696,16346864,16395936
object_link_zora,19673088,19749952,16395936,16430880
object_link_nuts,19750912,19798576,16430880,16455424
object_mask_ki_tan,19800064,19802832,16455424,16457168
object_mask_rabit,19804160,19809184,16457168,16459312
object_mask_skj,19812352,19818208,16459312,16463424
object_mask_truth,19820544,19825312,16463424,16466016
object_mask_gibudo,19828736,19832224,16466016,16469552
object_mask_json,19832832,19837792,16469552,16472768
object_mask_kerfay,19841024,19846592,16472768,16476144
object_mask_bigelf,19849216,19862704,16476144,16483184
object_mask_kyojin,19865600,19868832,16483184,16485344
object_mask_romerny,19869696,19876368,16485344,16489392
object_mask_posthat,19877888,19880784,16489392,16491152
object_mask_zacho,19881984,19887760,16491152,16494480
object_mask_stone,19890176,19894336,16494480,16497056
object_mask_bree,19898368,19905952,16497056,16501520
object_mask_gero,19906560,19918480,16501520,16507984
object_mask_yofukasi,19918848,19925664,16507984,16511248
object_mask_meoto,19927040,19934432,16511248,16514352
object_mask_dancer,19935232,19942224,16514352,16518576
object_mask_bakuretu,19943424,19948032,16518576,16521600
object_mask_bu_san,19951616,19956720,16521600,16524768
object_mask_goron,19959808,19965872,16524768,16528496
object_mask_zora,19968000,19972240,16528496,16531312
object_mask_nuts,19976192,19984608,16531312,16536256
object_mask_boy,19988480,19996880,16536256,16541664
object_box,20000768,20033824,16541664,16557984
object_okuta,20037632,20055680,16557984,16567808
object_wallmaster,20058112,20099184,16567808,16594704
object_dy_obj,20103168,20220096,16594704,16671184
object_firefly,20221952,20228288,16671184,16674912
object_dodongo,20230144,20269376,16674912,16702624
object_niw,20271104,20280640,16702624,16707472
object_tite,20283392,20298288,16707472,16717504
object_ph,20299776,20307088,16717504,16721024
object_dinofos,20307968,20362816,16721024,16762720
object_zl1,20365312,20448192,16762720,16806864
object_bubble,20451328,20455616,16806864,16808752
object_test3,20459520,20523008,16808752,16835760
object_famos,20525056,20540992,16835760,16844944
object_st,20541440,20564912,16844944,16858000
object_thiefbird,20566016,20591584,16858000,16873152
object_bombf,20594688,20601344,16873152,16877152
object_am,20602880,20626736,16877152,16889488
object_dekubaba,20627456,20642240,16889488,16899712
object_warp1,20643840,20679680,16899712,16928080
object_b_heart,20680704,20682304,16928080,16929264
object_dekunuts,20684800,20699024,16929264,16938160
object_bb,20701184,20707904,16938160,16942016
object_death,20709376,20761552,16942016,16978096
object_hata,20762624,20774880,16978096,16984080
object_wood02,20774912,20813760,16984080,17008352
object_trap,20815872,20825056,17008352,17015376
object_vm,20828160,20844400,17015376,17023712
object_efc_star_field,20844544,20850640,17023712,17027888
object_rd,20852736,20926848,17027888,17075472
object_yukimura_obj,20930560,20938912,17075472,17080832
object_horse_link_child,20942848,21001456,17080832,17124768
object_syokudai,21004288,21019792,17124768,17133584
object_efc_tw,21020672,21025520,17133584,17138608
object_gi_key,21028864,21031456,17138608,17139840
object_mir_ray,21032960,21036384,17139840,17142448
object_ctower_rot,21037056,21136832,17142448,17201856
object_bdoor,21139456,21171104,17201856,17222000
object_sb,21172224,21183648,17222000,17227600
object_gi_melody,21184512,21187872,17227600,17229088
object_gi_heart,21188608,21189104,17229088,17229488
object_gi_compass,21192704,21196048,17229488,17231168
object_gi_bosskey,21196800,21200912,17231168,17233040
object_gi_nuts,21204992,21209536,17233040,17235984
object_gi_hearts,21213184,21219248,17235984,17238384
object_gi_arrowcase,21221376,21224624,17238384,17240064
object_gi_bombpouch,21225472,21229152,17240064,17241760
object_in,21229568,21348272,17241760,17311680
object_os_anime,21348352,21359760,17311680,17320752
object_gi_bottle,21360640,21362928,17320752,17322048
object_gi_stick,21364736,21366464,17322048,17323360
object_gi_map,21368832,21373280,17323360,17326688
object_oF1d_map,21377024,21462416,17326688,17378192
object_ru2,21463040,21526736,17378192,17412224
object_gi_magicpot,21528576,21533136,17412224,17414368
object_gi_bomb_1,21536768,21540016,17414368,17415920
object_ma2,21540864,21632816,17415920,17479088
object_gi_purse,21635072,21642096,17479088,17485472
object_rr,21643264,21646848,17485472,17487952
object_gi_arrow,21647360,21654288,17487952,17490656
object_gi_bomb_2,21655552,21657248,17490656,17491856
object_gi_shield_2,21659648,21667520,17491856,17495744
object_gi_hookshot,21667840,21673040,17495744,17499424
object_gi_ocarina,21676032,21679024,17499424,17501264
object_gi_milk,21680128,21685360,17501264,17503680
object_ma1,21688320,21800832,17503680,17582240
object_ny,21803008,21812016,17582240,17586496
object_fr,21815296,21861712,17586496,17604448
object_gi_bow,21864448,21869296,17604448,17607296
object_gi_glasses,21872640,21877120,17607296,17609360
object_gi_liquid,21880832,21887184,17609360,17612064
object_ani,21889024,21936320,17612064,17645088
object_gi_shield_3,21938176,21945344,17645088,17650208
object_gi_bean,21946368,21948608,17650208,17651712
object_gi_fish,21950464,21952848,17651712,17653184
object_gi_longsword,21954560,21956800,17653184,17654624
object_zo,21958656,22029376,17654624,17699824
object_umajump,22032384,22037904,17699824,17702816
object_mastergolon,22040576,22040848,17702816,17703040
object_masterzoora,22044672,22046624,17703040,17705136
object_aob,22048768,22079344,17705136,17719664
object_ik,22081536,22161072,17719664,17771184
object_ahg,22163456,22186416,17771184,17782496
object_cne,22188032,22198736,17782496,17787120
object_bji,22200320,22223728,17787120,17798816
object_bba,22224896,22266016,17798816,17821056
object_an1,22269952,22351408,17821056,17879360
object_boj,22351872,22431680,17879360,17945440
object_fz,22433792,22447312,17945440,17950064
object_bob,22450176,22470432,17950064,17957632
object_ge1,22470656,22520288,17957632,17983920
object_yabusame_point,22523904,22527568,17983920,17985392
object_d_hsblock,22528000,22533984,17985392,17990176
object_d_lift,22536192,22545200,17990176,17998144
object_mamenoki,22548480,22558368,17998144,18006208
object_goroiwa,22560768,22603168,18006208,18028272
object_toryo,22605824,22634848,18028272,18042192
object_daiku,22638592,22692672,18042192,18078704
object_nwc,22695936,22703264,18078704,18083408
object_gm,22704128,22704144,18083408,18083440
object_ms,22708224,22724048,18083440,18091792
object_hs,22724608,22749808,18091792,18104960
object_lightswitch,22753280,22762528,18104960,18110224
object_kusa,22765568,22766464,18110224,18110816
object_tsubo,22769664,22776304,18110816,18116496
object_kanban,22777856,22783920,18116496,18118176
object_owl,22786048,22853072,18118176,18149584
object_mk,22855680,22883504,18149584,18165360
object_fu,22884352,22912160,18165360,18179808
object_gi_ki_tan_mask,22913024,22916592,18179808,18181808
object_gi_mask18,22917120,22923456,18181808,18186320
object_gi_rabit_mask,22925312,22929152,18186320,18188352
object_gi_truth_mask,22929408,22935648,18188352,18191520
object_stream,22937600,22940288,18191520,18192976
object_mm,22941696,22997600,18192976,18229952
object_js,22999040,23026208,18229952,18245424
object_cs,23027712,23096192,18245424,18287280
object_gi_soldout,23097344,23098576,18287280,18287936
object_mag,23101440,23237472,18287936,18342384
object_gi_golonmask,23240704,23248160,18342384,18345792
object_gi_zoramask,23248896,23254880,18345792,18348752
object_ka,23257088,23290304,18348752,18364256
object_zg,23293952,23298560,18364256,18364976
object_gi_m_arrow,23302144,23305856,18364976,18366704
object_ds2,23306240,23323248,18366704,18375216
object_fish,23326720,23414256,18375216,18420016
object_gi_sutaru,23416832,23418448,18420016,18420928
object_ssh,23420928,23448976,18420928,18435856
object_bigslime,23449600,23528448,18435856,18493008
object_bg,23531520,23604080,18493008,18530288
object_bombiwa,23605248,23632496,18530288,18552896
object_hintnuts,23633920,23646528,18552896,18561616
object_rs,23650304,23687728,18561616,18584544
object_gla,23691264,23733088,18584544,18610272
object_geldb,23736320,23781632,18610272,18637456
object_dog,23785472,23818496,18637456,18654416
object_kibako2,23822336,23826880,18654416,18658112
object_dns,23830528,23844096,18658112,18667760
object_dnk,23846912,23858048,18667760,18674864
object_gi_insect,23859200,23862256,18674864,18676720
object_gi_ghost,23863296,23866800,18676720,18679168
object_gi_soul,23867392,23871408,18679168,18681248
object_f40_obj,23871488,23889520,18681248,18694560
object_gi_rupy,23891968,23894080,18694560,18695632
object_po_composer,23896064,23934944,18695632,18722720
object_mu,23937024,23984864,18722720,18758080
object_wf,23986176,24028128,18758080,18782912
object_skb,24031232,24059296,18782912,18804096
object_gs,24059904,24062592,18804096,18806896
object_ps,24064000,24094992,18806896,18822656
object_omoya_obj,24096768,24103680,18822656,18827456
object_crow,24104960,24109264,18827456,18829424
object_cow,24113152,24133296,18829424,18840016
object_gi_sword_1,24133632,24138272,18840016,18842864
object_zl4,24141824,24293216,18842864,18949904
object_grasshopper,24293376,24314464,18949904,18964304
object_boyo,24317952,24321680,18964304,18966896
object_fwall,24322048,24345760,18966896,18975488
object_jso,24346624,24393216,18975488,19007616
object_knight,24395776,24538304,19007616,19124816
object_icicle,24539136,24543936,19124816,19129792
object_spdweb,24547328,24557232,19129792,19135136
object_boss01,24559616,24705376,19135136,19241328
object_boss02,24707072,24792480,19241328,19275568
object_boss03,24793088,24854208,19275568,19307792
object_boss04,24854528,24872448,19307792,19317680
object_boss05,24875008,24906016,19317680,19338592
object_boss07,24907776,25212720,19338592,19533632
object_raf,25214976,25228352,19533632,19540384
object_funen,25231360,25232832,19540384,19541472
object_raillift,25235456,25267888,19541472,19561824
object_numa_obj,25268224,25350576,19561824,19605408
object_flowerpot,25354240,25359936,19605408,19609376
object_spinyroll,25362432,25366448,19609376,19612432
object_ice_block,25366528,25373408,19612432,19616896
object_keikoku_demo,25374720,25428784,19616896,19657536
object_slime,25432064,25439344,19657536,19662432
object_pr,25440256,25457488,19662432,19673280
object_f52_obj,25460736,25467872,19673280,19677872
object_f53_obj,25468928,25483888,19677872,19688640
object_kibako,25485312,25492224,19688640,19692544
object_sek,25493504,25512560,19692544,19709264
object_gmo,25513984,25522416,19709264,19714480
object_bat,25526272,25529504,19714480,19715488
object_sekihil,25530368,25543728,19715488,19723584
object_sekihig,25546752,25560080,19723584,19731792
object_sekihin,25563136,25576464,19731792,19740016
object_sekihiz,25579520,25583680,19740016,19743488
object_wiz,25587712,25633584,19743488,19773504
object_ladder,25636864,25641120,19773504,19775408
object_mkk,25645056,25646352,19775408,19775984
object_keikoku_obj,25649152,25670176,19775984,19789888
object_sichitai_obj,25673728,25684240,19789888,19798720
object_dekucity_ana_obj,25686016,25690368,19798720,19802800
object_rat,25694208,25700464,19802800,19806128
object_water_effect,25702400,25719824,19806128,19817136
object_dblue_object,25722880,25824864,19817136,19866528
object_bal,25825280,25880000,19866528,19901968
object_warp_uzu,25882624,25891920,19901968,19906784
object_driftice,25894912,25901792,19906784,19911040
object_fall,25903104,25946944,19911040,19938640
object_hanareyama_obj,25948160,25968064,19938640,19945696
object_crace_object,25968640,25972272,19945696,19948704
object_dnq,25972736,26035488,19948704,19994752
object_obj_tokeidai,26038272,26111104,19994752,20044048
object_eg,26112000,26190320,20044048,20099728
object_tru,26193920,26306016,20099728,20188240
object_trt,26308608,26373888,20188240,20226624
object_hakugin_obj,26374144,26440768,20226624,20282128
object_horse_game_check,26443776,26458448,20282128,20292064
object_stk,26460160,26579936,20292064,20374112
object_mnk,26583040,26703152,20374112,20454560
object_gi_bottle_red,26705920,26709968,20454560,20457056
object_tokei_tobira,26710016,26715584,20457056,20461872
object_az,26718208,26828240,20461872,20513936
object_twig,26828800,26837200,20513936,20519840
object_dekucity_obj,26841088,26859200,20519840,20534624
object_po_fusen,26861568,26871040,20534624,20539312
object_racetsubo,26873856,26880160,20539312,20543280
object_ha,26882048,26968304,20543280,20588096
object_bigokuta,26972160,26999760,20588096,20603584
object_open_obj,27000832,27071600,20603584,20645440
object_fu_kaiten,27074560,27088944,20645440,20655360
object_fu_mato,27090944,27103824,20655360,20661616
object_mtoride,27107328,27177152,20661616,20705040
object_osn,27181056,27313504,20705040,20796208
object_tokei_step,27316224,27318688,20796208,20798176
object_lotus,27320320,27322960,20798176,20800256
object_tl,27324416,27357776,20800256,20824272
object_dkjail_obj,27361280,27365856,20824272,20827328
object_visiblock,27369472,27372288,20827328,20829104
object_tsn,27373568,27411216,20829104,20849120
object_ds2n,27414528,27447680,20849120,20864064
object_fsn,27451392,27534112,20864064,20908512
object_shn,27537408,27607584,20908512,20945520
object_bigicicle,27611136,27622768,20945520,20950144
object_gi_bottle_15,27623424,27631616,20950144,20954816
object_tk,27631616,27679232,20954816,20983232
object_market_obj,27680768,27815376,20983232,21069936
object_gi_reserve00,27815936,27823216,21069936,21074832
object_gi_reserve01,27824128,27829776,21074832,21079408
object_lightblock,27832320,27835312,21079408,21082096
object_takaraya_objects,27836416,27840080,21082096,21083584
object_wdhand,27840512,27848240,21083584,21089120
object_sdn,27848704,27905168,21089120,21131360
object_snowwd,27906048,27916960,21131360,21137584
object_giant,27918336,28014944,21137584,21220304
object_comb,28016640,28020944,21220304,21223248
object_hana,28024832,28026704,21223248,21223792
object_boss_hakugin,28028928,28121152,21223792,21274320
object_meganeana_obj,28123136,28128720,21274320,21279440
object_gi_nutsmask,28131328,28138544,21279440,21283760
object_stk2,28139520,28379408,21283760,21516496
object_spot11_obj,28381184,28389104,21516496,21523584
object_danpei_object,28389376,28405264,21523584,21532848
object_dhouse,28405760,28439232,21532848,21553136
object_hakaisi,28442624,28454896,21553136,21559984
object_po,28454912,28475616,21559984,21573264
object_snowman,28479488,28510000,21573264,21588624
object_po_sisters,28512256,28538320,21588624,21605248
object_pp,28540928,28617472,21605248,21642544
object_goronswitch,28618752,28629424,21642544,21651008
object_delf,28631040,28716560,21651008,21705776
object_botihasira,28717056,28724240,21705776,21710480
object_gi_bigbomb,28725248,28731696,21710480,21713952
object_pst,28733440,28740240,21713952,21719152
object_bsmask,28741632,28793744,21719152,21750336
object_spidertent,28794880,28804032,21750336,21754240
object_zoraegg,28807168,28830128,21754240,21769568
object_kbt,28831744,28893408,21769568,21807296
object_gg,28897280,28963040,21807296,21845472
object_maruta,28966912,28979168,21845472,21851168
object_ghaka,28979200,28994816,21851168,21860352
object_oyu,28995584,28998080,21860352,21862480
object_dnp,28999680,29074496,21862480,21923984
object_dai,29077504,29155552,21923984,21973584
object_kgy,29159424,29227936,21973584,22020080
object_fb,29229056,29257392,22020080,22038864
object_taisou,29257728,29288320,22038864,22069776
object_gk,29290496,29361952,22069776,22117648
object_haka_obj,29364224,29395008,22117648,22140048
object_dnt,29396992,29442768,22140048,22172448
object_yukiyama,29446144,29472880,22172448,22191616
object_icefloe,29474816,29478080,22191616,22193824
object_gi_gold_dust,29478912,29483328,22193824,22197136
object_gi_bottle_16,29487104,29492000,22197136,22200464
object_gi_bottle_22,29495296,29502144,22200464,22204928
object_bee,29503488,29508512,22204928,22207120
object_ot,29511680,29530944,22207120,22216976
object_utubo,29532160,29551312,22216976,22226992
object_dora,29552640,29573648,22226992,22241792
object_gi_loach,29577216,29582400,22241792,22245264
object_gi_seahorse,29585408,29591504,22245264,22248944
object_bigpo,29593600,29617184,22248944,22264960
object_hariko,29618176,29619232,22264960,22265728
object_dno,29622272,29680144,22265728,22310800
object_sinkai_kabe,29683712,29683840,22310800,22310896
object_kin2_obj,29687808,29721536,22310896,22329712
object_ishi,29724672,29727328,22329712,22331696
object_hakugin_demo,29728768,29741968,22331696,22345456
object_jg,29745152,29856288,22345456,22426784
object_gi_sword_2,29859840,29865312,22426784,22429904
object_gi_sword_3,29868032,29872800,22429904,22432976
object_gi_sword_4,29876224,29881440,22432976,22436672
object_um,29884416,29990432,22436672,22487936
object_rb,29990912,29998832,22487936,22493088
object_mbar_obj,29999104,30005728,22493088,22498032
object_ikana_obj,30007296,30096288,22498032,22542560
object_kz,30097408,30161152,22542560,22588944
object_tokei_turret,30162944,30175552,22588944,22595696
object_zog,30179328,30347648,22595696,22725632
object_rotlift,30351360,30371360,22725632,22739408
object_posthouse_obj,30371840,30382464,22739408,22744320
object_gi_mask09,30384128,30390112,22744320,22747920
object_gi_mask14,30392320,30400384,22747920,22753024
object_gi_mask15,30400512,30407520,22753024,22758208
object_inibs_object,30408704,30469856,22758208,22792368
object_tree,30470144,30477152,22792368,22796992
object_kaizoku_obj,30478336,30525600,22796992,22825200
object_gi_reserve_b_00,30527488,30531632,22825200,22827760
object_gi_reserve_c_00,30535680,30540000,22827760,22830048
object_zob,30543872,30613856,22830048,22873056
object_milkbar,30617600,30689456,22873056,22921584
object_dmask,30691328,30708416,22921584,22932096
object_gi_reserve_c_01,30711808,30715648,22932096,22934512
object_zod,30715904,30771648,22934512,22962272
object_kumo30,30773248,30786416,22962272,22972928
object_obj_yasi,30789632,30794848,22972928,22976768
object_tanron1,30797824,30797840,22976768,22976800
object_tanron2,30801920,30806688,22976800,22978816
object_tanron3,30810112,30814880,22978816,22980832
object_gi_magicmushroom,30818304,30821856,22980832,22983344
object_obj_chan,30822400,30835952,22983344,22992064
object_gi_mask10,30838784,30846144,22992064,22996256
object_zos,30846976,30938400,22996256,23061856
object_an2,30941184,30958304,23061856,23077232
object_an3,30961664,30972512,23077232,23087168
object_f40_switch,30973952,30977520,23087168,23089440
object_lodmoon,30978048,30993952,23089440,23099344
object_tro,30994432,31005024,23099344,23102528
object_gi_mask12,31006720,31010560,23102528,23105024
object_gi_mask23,31010816,31016208,23105024,23108208
object_gi_bottle_21,31019008,31026336,23108208,23112736
object_gi_camera,31027200,31033440,23112736,23117008
object_kamejima,31035392,31121056,23117008,23177184
object_nb,31121408,31157328,23177184,23197760
object_harfgibud,31158272,31249920,23197760,23259520
object_zov,31252480,31343216,23259520,23322144
object_ah,31346688,31387264,23322144,23343664
object_hgdoor,31387648,31395136,23343664,23349248
object_dor01,31395840,31401552,23349248,23352432
object_dor02,31404032,31409680,23352432,23356896
object_dor03,31412224,31417552,23356896,23360880
object_dor04,31420416,31426144,23360880,23364832
object_last_obj,31428608,31447840,23364832,23380336
object_redead_obj,31449088,31452080,23380336,23383024
object_ikninside_obj,31453184,31510144,23383024,23423600
object_iknv_obj,31510528,31588752,23423600,23472528
object_pamera,31592448,31650176,23472528,23505120
object_hsstump,31653888,31658464,23505120,23509104
object_zm,31662080,31713424,23509104,23546128
object_al,31715328,31771632,23546128,23580880
object_tab,31772672,31807168,23580880,23599952
object_secom_obj,31809536,31821040,23599952,23607904
object_dt,31821824,31868176,23607904,23632640
object_gi_mask03,31870976,31878832,23632640,23637488
object_cha,31879168,31886864,23637488,23643680
object_obj_dinner,31887360,31897152,23643680,23649296
object_gi_reserve_b_01,31899648,31905504,23649296,23653280
object_lastday,31907840,31918608,23653280,23661792
object_bai,31920128,31953328,23661792,23680832
object_ikn_demo,31956992,32012416,23680832,23722016
object_gi_fieldmap,32014336,32020512,23722016,23726832
object_big_fwall,32022528,32025280,23726832,23728992
object_hunsui,32026624,32033088,23728992,23731200
object_uch,32034816,32054880,23731200,23742320
object_tanron4,32055296,32059008,23742320,23743712
object_tanron5,32059392,32064160,23743712,23745728
object_in2,32067584,32116816,23745728,23778848
object_yb,32120832,32145248,23778848,23789536
object_rz,32145408,32200944,23789536,23820992
object_bjt,32202752,32211872,23820992,23827072
object_taru,32215040,32222432,23827072,23831808
object_moonston,32223232,32227888,23831808,23836176
object_gi_schedule,32231424,32237760,23836176,23840528
object_gi_stonemask,32239616,32244560,23840528,23843536
object_zoraband,32247808,32251712,23843536,23846880
object_kepn_koya,32251904,32284816,23846880,23867600
object_obj_usiyane,32288768,32297696,23867600,23873088
object_gi_mask05,32301056,32307904,23873088,23877024
object_gi_mask11,32309248,32317072,23877024,23881312
object_gi_mask20,32317440,32323648,23881312,23885248
object_nnh,32325632,32337568,23885248,23892256
object_kzsaku,32337920,32342352,23892256,23893680
object_obj_milk_bin,32346112,32352768,23893680,23897280
object_random_obj,32354304,32359152,23897280,23900256
object_kujiya,32362496,32387504,23900256,23913632
object_kitan,32391168,32423872,23913632,23930208
object_gi_mask06,32423936,32430304,23930208,23933456
object_gi_mask16,32432128,32440272,23933456,23937888
object_astr_obj,32440320,32449744,23937888,23943232
object_bsb,32452608,32506848,23943232,23990192
object_fall2,32509952,32544928,23990192,24009584
object_sth,32546816,32559632,24009584,24015104
object_gi_mssa,32563200,32568432,24015104,24018224
object_smtower,32571392,32577424,24018224,24023440
object_gi_mask21,32579584,32584624,24023440,24025696
object_yado_obj,32587776,32592624,24025696,24029232
object_syoten,32595968,32615840,24029232,24040096
object_moonend,32616448,32692736,24040096,24084800
object_ob,32694272,32792240,24084800,24142560
object_gi_bottle_04,32792576,32797280,24142560,24145328
object_and,32800768,32875232,24145328,24186224
object_obj_danpeilift,32878592,32881616,24186224,24188416
object_drs,32882688,32905872,24188416,24202464
object_msmo,32907264,32913056,24202464,24205584
object_an4,32915456,32950480,24205584,24239248
object_wdor01,32952320,32958128,24239248,24243264
object_wdor02,32960512,32966320,24243264,24247728
object_wdor03,32968704,32974512,24247728,24251136
object_wdor04,32976896,32982640,24251136,24255232
object_wdor05,32985088,32990832,24255232,24258832
object_stk3,32993280,33017696,24258832,24283840
object_kinsta1_obj,33017856,33022704,24283840,24287616
object_kinsta2_obj,33026048,33031408,24287616,24291104
object_bh,33034240,33042032,24291104,24295072
object_gi_mask17,33042432,33049680,24295072,24299360
object_gi_mask22,33050624,33056480,24299360,24303216
object_lbfshot,33058816,33064208,24303216,24307472
object_fusen,33067008,33076304,24307472,24313456
object_ending_obj,33079296,33114080,24313456,24335952
object_gi_mask13,33116160,33121792,24335952,24338480
scene_texture_01,33124352,33144064,24338480,24352448
scene_texture_02,33144832,33152256,24352448,24357424
scene_texture_03,33153024,33171456,24357424,24367680
scene_texture_04,33173504,33194496,24367680,24380176
scene_texture_05,33198080,33224704,24380176,24396528
scene_texture_06,33226752,33248352,24396528,24409696
scene_texture_07,33251328,33251344,24409696,24409728
scene_texture_08,33255424,33288192,24409728,24428576
nintendo_rogo_static,33288192,33299904,24428576,24434576
title_static,33300480,33653776,24434576,24614688
memerrmsg,33656832,33670144,24614688,24622160
locerrmsg,33673216,33679872,24622160,24626064
parameter_static,33681408,33726208,24626064,24640944
DBG_020F0000,33726464,33728992,24640944,24641952
DBG_020F1000,33730560,33733088,24641952,24643056
DBG_020F2000,33734656,33737712,24643056,24644064
DBG_020F3000,33738752,33741280,24644064,24645280
week_static,33742848,33758400,24645280,0
daytelop_static,33759232,33798912,24660832,24668736
ger_daytelop_static,33800192,33839872,24668736,24678144
fra_daytelop_static,33841152,33880832,24678144,24685776
esp_daytelop_static,33882112,33921792,24685776,24693600
d2_fine_static,33923072,33972224,24693600,24702352
d2_cloud_static,33972224,34021376,24702352,24724688
d2_fine_pal_static,34021376,34021888,24724688,24725088
elf_message_field,34025472,34025584,24725088,24725232
elf_message_ydan,34029568,34029584,24725232,24725264
Z2_SONCHONOIE,34033664,34100784,24725264,24777760
Z2_SONCHONOIE_room_00,34103296,34214464,24777760,24838624
Z2_SONCHONOIE_room_01,34217984,34293280,24838624,24882864
Z2_SONCHONOIE_room_02,34295808,34349216,24882864,24914512
Z2_BOWLING,34353152,34397120,24914512,24942720
Z2_BOWLING_room_00,34398208,34437728,24942720,24958432
Z2_HAKASHITA,34439168,34470016,24958432,24977024
Z2_HAKASHITA_room_00,34471936,34507360,24977024,24990240
Z2_20SICHITAI2,34508800,34559616,24990240,25025872
Z2_20SICHITAI2_room_00,34562048,34594880,25025872,25041312
Z2_20SICHITAI2_room_01,34598912,34629168,25041312,25056960
Z2_20SICHITAI2_room_02,34631680,34660320,25056960,25069680
Z2_20SICHITAI2_room_03,34660352,34678384,25069680,25078928
Z2_20SICHITAI2_room_04,34680832,34703808,25078928,25091376
Z2_AYASHIISHOP,34705408,34718880,25091376,25100752
Z2_AYASHIISHOP_room_00,34721792,34794112,25100752,25134336
Z2_AYASHIISHOP_room_01,34795520,34817312,25134336,25142416
TEST01,34820096,34867216,25142416,25175744
TEST01_room_00,34869248,34907616,25175744,25191520
TEST01_room_01,34910208,34975824,25191520,25221168
TEST01_room_02,34979840,35020720,25221168,25240704
KAKUSIANA,35020800,35037344,25240704,25252896
KAKUSIANA_room_00,35041280,35061072,25252896,25260336
SPOT00,35061760,35091712,25260336,25278752
SPOT00_room_00,35094528,35132880,25278752,25294784
SPOT00_room_01,35135488,35164032,25294784,25309008
SPOT00_room_02,35164160,35205488,25309008,25328928
SPOT00_room_03,35209216,35249520,25328928,25346512
Z2_IKANA,35250176,35373952,25346512,25408256
Z2_IKANA_room_00,35377152,35546992,25408256,25519360
Z2_IKANA_room_01,35549184,35550352,25519360,25519888
Z2_IKANA_room_02,35553280,35568432,25519888,25529488
Z2_IKANA_room_03,35569664,35581280,25529488,25537600
Z2_IKANA_room_04,35581952,35616880,25537600,25559776
Z2_KAIZOKU,35618816,35691808,25559776,25608336
Z2_KAIZOKU_room_00,35692544,35774272,25608336,25631264
Z2_MILK_BAR,35774464,35828688,25631264,25664512
Z2_MILK_BAR_room_00,35831808,35876736,25664512,25681552
Z2_INISIE_N,35876864,35952176,25681552,25725376
Z2_INISIE_N_room_00,35954688,36014656,25725376,25752032
Z2_INISIE_N_room_01,36016128,36058368,25752032,25771232
Z2_INISIE_N_room_02,36061184,36091632,25771232,25782512
Z2_INISIE_N_room_03,36093952,36137024,25782512,25799728
Z2_INISIE_N_room_04,36139008,36169008,25799728,25811488
Z2_INISIE_N_room_05,36171776,36172208,25811488,25811760
Z2_INISIE_N_room_06,36175872,36176304,25811760,25812032
Z2_INISIE_N_room_07,36179968,36195088,25812032,25818384
Z2_INISIE_N_room_08,36196352,36215888,25818384,25826384
Z2_INISIE_N_room_09,36216832,36250256,25826384,25842576
Z2_INISIE_N_room_10,36253696,36272688,25842576,25852592
Z2_INISIE_N_room_11,36274176,36274640,25852592,25852912
Z2_TAKARAYA,36278272,36317312,25852912,25878128
Z2_TAKARAYA_room_00,36319232,36351616,25878128,25890768
Z2_INISIE_R,36352000,36425856,25890768,25932048
Z2_INISIE_R_room_00,36429824,36484208,25932048,25956496
Z2_INISIE_R_room_01,36487168,36525648,25956496,25974080
Z2_INISIE_R_room_02,36528128,36561936,25974080,25986672
Z2_INISIE_R_room_03,36564992,36609648,25986672,26005072
Z2_INISIE_R_room_04,36610048,36636320,26005072,26016464
Z2_INISIE_R_room_05,36638720,36639328,26016464,26016880
Z2_INISIE_R_room_06,36642816,36643392,26016880,26017248
Z2_INISIE_R_room_07,36646912,36647376,26017248,26017552
Z2_INISIE_R_room_08,36651008,36668464,26017552,26023824
Z2_INISIE_R_room_09,36671488,36671952,26023824,26024160
Z2_INISIE_R_room_10,36675584,36698064,26024160,26035392
Z2_INISIE_R_room_11,36700160,36717312,26035392,26042896
Z2_OKUJOU,36720640,36831136,26042896,26092128
Z2_OKUJOU_room_00,36831232,36843392,26092128,26096704
Z2_OPENINGDAN,36843520,36888160,26096704,26120688
Z2_OPENINGDAN_room_00,36888576,36935888,26120688,26146096
Z2_OPENINGDAN_room_01,36937728,36964016,26146096,26159056
Z2_MITURIN,36966400,37061520,26159056,26218096
Z2_MITURIN_room_00,37064704,37104720,26218096,26235584
Z2_MITURIN_room_01,37105664,37140592,26235584,26251248
Z2_MITURIN_room_02,37142528,37170400,26251248,26265072
Z2_MITURIN_room_03,37171200,37211584,26265072,26282048
Z2_MITURIN_room_04,37212160,37221456,26282048,26287152
Z2_MITURIN_room_05,37224448,37249088,26287152,26297584
Z2_MITURIN_room_06,37253120,37265424,26297584,26304336
Z2_MITURIN_room_07,37269504,37283680,26304336,26311904
Z2_MITURIN_room_08,37285888,37312304,26311904,26325888
Z2_MITURIN_room_09,37314560,37359072,26325888,26346768
Z2_MITURIN_room_10,37359616,37379760,26346768,26354400
Z2_MITURIN_room_11,37380096,37408160,26354400,26368928
Z2_MITURIN_room_12,37408768,37424272,26368928,26381264
Z2_13HUBUKINOMITI,37425152,37457392,26381264,26408656
Z2_13HUBUKINOMITI_room_00,37457920,37475616,26408656,26420416
Z2_CASTLE,37478400,37542000,26420416,26460720
Z2_CASTLE_room_00,37543936,37642304,26460720,26516352
Z2_CASTLE_room_01,37646336,37671520,26516352,26529152
Z2_CASTLE_room_02,37675008,37697344,26529152,26543616
Z2_CASTLE_room_03,37699584,37721456,26543616,26556144
Z2_CASTLE_room_04,37724160,37758688,26556144,26574512
Z2_CASTLE_room_05,37761024,37777520,26574512,26582656
Z2_CASTLE_room_06,37781504,37791168,26582656,26587520
Z2_CASTLE_room_07,37793792,37803632,26587520,26592048
Z2_CASTLE_room_08,37806080,37809936,26592048,26594208
Z2_CASTLE_room_09,37810176,37814032,26594208,26596352
Z2_DEKUTES,37814272,37850768,26596352,26622864
Z2_DEKUTES_room_00,37851136,37868384,26622864,26629616
Z2_MITURIN_BS,37871616,37884336,26629616,26641904
Z2_MITURIN_BS_room_00,37888000,37895344,26641904,26644240
Z2_SYATEKI_MIZU,37896192,37934784,26644240,26669728
Z2_SYATEKI_MIZU_room_00,37937152,37962064,26669728,26679104
Z2_HAKUGIN,37965824,38078928,26679104,26754256
Z2_HAKUGIN_room_00,38080512,38114352,26754256,26777728
Z2_HAKUGIN_room_01,38117376,38145296,26777728,26799744
Z2_HAKUGIN_room_02,38146048,38196384,26799744,26833456
Z2_HAKUGIN_room_03,38199296,38221904,26833456,26849120
Z2_HAKUGIN_room_04,38223872,38360992,26849120,26930880
Z2_HAKUGIN_room_05,38363136,38393504,26930880,26950640
Z2_HAKUGIN_room_06,38395904,38410832,26950640,26962320
Z2_HAKUGIN_room_07,38412288,38439600,26962320,26983984
Z2_HAKUGIN_room_08,38440960,38461392,26983984,26997440
Z2_HAKUGIN_room_09,38461440,38495296,26997440,27019968
Z2_HAKUGIN_room_10,38498304,38511744,27019968,27029040
Z2_HAKUGIN_room_11,38514688,38526768,27029040,27037424
Z2_HAKUGIN_room_12,38526976,38546704,27037424,27051792
Z2_HAKUGIN_room_13,38547456,38564608,27051792,27066160
Z2_ROMANYMAE,38567936,38581936,27066160,27076416
Z2_ROMANYMAE_room_00,38584320,38597472,27076416,27084000
Z2_PIRATE,38600704,38684240,27084000,27133600
Z2_PIRATE_room_00,38686720,38698944,27133600,27138544
Z2_PIRATE_room_01,38699008,38718976,27138544,27145952
Z2_PIRATE_room_02,38719488,38741120,27145952,27153248
Z2_PIRATE_room_03,38744064,38840672,27153248,27192048
Z2_PIRATE_room_04,38842368,38855008,27192048,27197840
Z2_PIRATE_room_05,38858752,38923040,27197840,27216192
Z2_PIRATE_room_06,38924288,38939904,27216192,27223872
Z2_PIRATE_room_07,38940672,39012864,27223872,27252592
Z2_PIRATE_room_08,39014400,39028704,27252592,27259184
Z2_PIRATE_room_09,39030784,39071024,27259184,27277152
Z2_PIRATE_room_10,39071744,39115872,27277152,27296320
Z2_PIRATE_room_11,39116800,39156848,27296320,27314000
Z2_PIRATE_room_12,39157760,39212592,27314000,27336176
Z2_PIRATE_room_13,39215104,39231984,27336176,27343840
Z2_PIRATE_room_14,39235584,39241024,27343840,27347312
Z2_SYATEKI_MORI,39243776,39316688,27347312,27395536
Z2_SYATEKI_MORI_room_00,39317504,39342160,27395536,27406672
Z2_SINKAI,39346176,39386784,27406672,27440496
Z2_SINKAI_room_00,39387136,39418960,27440496,27458512
Z2_YOUSEI_IZUMI,39419904,39564224,27458512,27522016
Z2_YOUSEI_IZUMI_room_00,39567360,39588064,27522016,27530960
Z2_YOUSEI_IZUMI_room_01,39591936,39612512,27530960,27539808
Z2_YOUSEI_IZUMI_room_02,39616512,39637120,27539808,27548640
Z2_YOUSEI_IZUMI_room_03,39641088,39661664,27548640,27557504
Z2_YOUSEI_IZUMI_room_04,39665664,39686288,27557504,27566384
Z2_KINSTA1,39690240,39734368,27566384,27594528
Z2_KINSTA1_room_00,39735296,39744032,27594528,27597888
Z2_KINSTA1_room_01,39747584,39788800,27597888,27614432
Z2_KINSTA1_room_02,39792640,39814688,27614432,27625840
Z2_KINSTA1_room_03,39817216,39835344,27625840,27633600
Z2_KINSTA1_room_04,39837696,39874640,27633600,27647392
Z2_KINSTA1_room_05,39878656,39886640,27647392,27651680
Z2_KINDAN2,39886848,39951936,27651680,27692096
Z2_KINDAN2_room_00,39952384,39979584,27692096,27707248
Z2_KINDAN2_room_01,39981056,40030992,27707248,27725552
Z2_KINDAN2_room_02,40034304,40076096,27725552,27743136
Z2_KINDAN2_room_03,40079360,40117280,27743136,27758656
Z2_KINDAN2_room_04,40120320,40139456,27758656,27766800
Z2_KINDAN2_room_05,40140800,40173040,27766800,27781792
Z2_TENMON_DAI,40173568,40208256,27781792,27804448
Z2_TENMON_DAI_room_00,40210432,40284960,27804448,27836080
Z2_TENMON_DAI_room_01,40288256,40389296,27836080,27884448
Z2_LAST_DEKU,40390656,40406928,27884448,27895920
Z2_LAST_DEKU_room_00,40407040,40463104,27895920,27936912
Z2_LAST_DEKU_room_01,40464384,40482720,27936912,27950976
Z2_22DEKUCITY,40484864,40538656,27950976,27987584
Z2_22DEKUCITY_room_00,40542208,40614480,27987584,28020096
Z2_22DEKUCITY_room_01,40615936,40675664,28020096,28045344
Z2_22DEKUCITY_room_02,40677376,40752368,28045344,28079184
Z2_KAJIYA,40755200,40786384,28079184,28101648
Z2_KAJIYA_room_00,40787968,40843552,28101648,28123152
Z2_00KEIKOKU,40845312,41076096,28123152,28265344
Z2_00KEIKOKU_room_00,41078784,41244768,28265344,28340000
Z2_POSTHOUSE,41246720,41285552,28340000,28366272
Z2_POSTHOUSE_room_00,41287680,41322768,28366272,28379392
Z2_LABO,41324544,41380928,28379392,28416688
Z2_LABO_room_00,41381888,41416352,28416688,28431680
Z2_DANPEI2TEST,41418752,41442384,28431680,28449968
Z2_DANPEI2TEST_room_00,41443328,41536608,28449968,28490656
Z2_DANPEI2TEST_room_01,41537536,41561264,28490656,28499184
Z2_16GORON_HOUSE,41562112,41615968,28499184,28537440
Z2_16GORON_HOUSE_room_00,41619456,41670096,28537440,28560640
Z2_16GORON_HOUSE_room_01,41672704,41702256,28560640,28574544
Z2_33ZORACITY,41705472,41764720,28574544,28623360
Z2_33ZORACITY_room_00,41766912,41807952,28623360,28643056
Z2_8ITEMSHOP,41811968,41853552,28643056,28670736
Z2_8ITEMSHOP_room_00,41857024,41908784,28670736,28690080
Z2_F01,41910272,42026080,28690080,28769408
Z2_F01_room_00,42029056,42083008,28769408,28796496
Z2_INISIE_BS,42086400,42097680,28796496,28803744
Z2_INISIE_BS_room_00,42098688,42099120,28803744,28804000
Z2_30GYOSON,42102784,42229200,28804000,28892032
Z2_30GYOSON_room_00,42229760,42349312,28892032,28947360
Z2_31MISAKI,42352640,42454928,28947360,29021696
Z2_31MISAKI_room_00,42455040,42550384,29021696,29068032
Z2_TAKARAKUJI,42553344,42563088,29068032,29076160
Z2_TAKARAKUJI_room_00,42565632,42577488,29076160,29080688
Z2_TORIDE,42577920,42627152,29080688,29120512
Z2_TORIDE_room_00,42631168,42684928,29120512,29143040
Z2_FISHERMAN,42688512,42725712,29143040,29171600
Z2_FISHERMAN_room_00,42729472,42763584,29171600,29185808
Z2_GORONSHOP,42766336,42816304,29185808,29221392
Z2_GORONSHOP_room_00,42819584,42857888,29221392,29237152
Z2_DEKU_KING,42860544,42933184,29237152,29282336
Z2_DEKU_KING_room_00,42934272,42972384,29282336,29299184
Z2_LAST_GORON,42975232,43013568,29299184,29322432
Z2_LAST_GORON_room_00,43016192,43105936,29322432,29374080
Z2_LAST_GORON_room_01,43106304,43123904,29374080,29388128
Z2_24KEMONOMITI,43126784,43158352,29388128,29412224
Z2_24KEMONOMITI_room_00,43159552,43184608,29412224,29425728
Z2_F01_B,43188224,43235616,29425728,29464432
Z2_F01_B_room_00,43237376,43266688,29464432,29477072
Z2_F01C,43270144,43328176,29477072,29517088
Z2_F01C_room_00,43331584,43354672,29517088,29526544
Z2_BOTI,43356160,43413968,29526544,29571872
Z2_BOTI_room_00,43417600,43467232,29571872,29598592
Z2_BOTI_room_01,43470848,43506464,29598592,29620928
Z2_HAKUGIN_BS,43507712,43540400,29620928,29645776
Z2_HAKUGIN_BS_room_00,43540480,43565648,29645776,29656480
Z2_20SICHITAI,43569152,43640160,29656480,29712240
Z2_20SICHITAI_room_00,43642880,43764624,29712240,29782160
Z2_20SICHITAI_room_01,43765760,43848960,29782160,29832880
Z2_20SICHITAI_room_02,43851776,43910368,29832880,29869952
Z2_21MITURINMAE,43913216,43958256,29869952,29901808
Z2_21MITURINMAE_room_00,43958272,44022848,29901808,29925952
Z2_LAST_ZORA,44023808,44107808,29925952,29990928
Z2_LAST_ZORA_room_00,44109824,44169056,29990928,30012224
Z2_11GORONNOSATO2,44171264,44197632,30012224,30033152
Z2_11GORONNOSATO2_room_00,44199936,44291824,30033152,30091920
Z2_11GORONNOSATO2_room_01,44294144,44304032,30091920,30097488
Z2_SEA,44306432,44422976,30097488,30172240
Z2_SEA_room_00,44425216,44485216,30172240,30196432
Z2_SEA_room_01,44486656,44520352,30196432,30209056
Z2_SEA_room_02,44523520,44531904,30209056,30212848
Z2_SEA_room_03,44535808,44545088,30212848,30216624
Z2_SEA_room_04,44548096,44583824,30216624,30232576
Z2_SEA_room_05,44584960,44606192,30232576,30244000
Z2_SEA_room_06,44609536,44658064,30244000,30266512
Z2_SEA_room_07,44658688,44679360,30266512,30277664
Z2_SEA_room_08,44683264,44725248,30277664,30293680
Z2_SEA_room_09,44728320,44747504,30293680,30300624
Z2_SEA_room_10,44748800,44784416,30300624,30315456
Z2_SEA_room_11,44785664,44829424,30315456,30334544
Z2_SEA_room_12,44830720,44864880,30334544,30348240
Z2_SEA_room_13,44867584,44881808,30348240,30355200
Z2_SEA_room_14,44883968,44890944,30355200,30359072
Z2_SEA_room_15,44892160,44898672,30359072,30361376
Z2_35TAKI,44900352,45000704,30361376,30445056
Z2_35TAKI_room_00,45002752,45104400,30445056,30498576
Z2_REDEAD,45105152,45158448,30498576,30532000
Z2_REDEAD_room_00,45162496,45183728,30532000,30540624
Z2_REDEAD_room_01,45187072,45222800,30540624,30554608
Z2_REDEAD_room_02,45223936,45256832,30554608,30567392
Z2_REDEAD_room_03,45260800,45291824,30567392,30579264
Z2_REDEAD_room_04,45293568,45323328,30579264,30591712
Z2_REDEAD_room_05,45326336,45364128,30591712,30605888
Z2_REDEAD_room_06,45367296,45395616,30605888,30617632
Z2_REDEAD_room_07,45395968,45420736,30617632,30627104
Z2_REDEAD_room_08,45424640,45434464,30627104,30631040
Z2_REDEAD_room_09,45436928,45447216,30631040,30635200
Z2_REDEAD_room_10,45449216,45459968,30635200,30639520
Z2_REDEAD_room_11,45461504,45500288,30639520,30662496
Z2_REDEAD_room_12,45502464,45506448,30662496,30663984
Z2_REDEAD_room_13,45506560,45512848,30663984,30666304
Z2_BANDROOM,45514752,45562032,30666304,30698000
Z2_BANDROOM_room_00,45563904,45637584,30698000,30743040
Z2_BANDROOM_room_01,45637632,45684512,30743040,30770128
Z2_BANDROOM_room_02,45686784,45745584,30770128,30803152
Z2_BANDROOM_room_03,45748224,45791088,30803152,30830416
Z2_BANDROOM_room_04,45793280,45831760,30830416,30852080
Z2_11GORONNOSATO,45834240,45856512,30852080,30869216
Z2_11GORONNOSATO_room_00,45858816,45939808,30869216,30917440
Z2_11GORONNOSATO_room_01,45940736,45951584,30917440,30924064
Z2_GORON_HAKA,45953024,45987728,30924064,30948688
Z2_GORON_HAKA_room_00,45989888,46022064,30948688,30963248
Z2_SECOM,46022656,46049808,30963248,30979808
Z2_SECOM_room_00,46051328,46064368,30979808,30987504
Z2_SECOM_room_01,46067712,46131632,30987504,31015488
Z2_10YUKIYAMANOMURA,46133248,46192208,31015488,31056000
Z2_10YUKIYAMANOMURA_room_00,46194688,46241472,31056000,31079232
Z2_TOUGITES,46243840,46270400,31079232,31097904
Z2_TOUGITES_room_00,46272512,46290384,31097904,31106192
Z2_DANPEI,46292992,46361344,31106192,31152224
Z2_DANPEI_room_00,46362624,46406592,31152224,31174080
Z2_DANPEI_room_01,46407680,46441088,31174080,31189248
Z2_DANPEI_room_02,46444544,46495952,31189248,31212816
Z2_DANPEI_room_03,46497792,46538512,31212816,31234880
Z2_DANPEI_room_04,46538752,46560432,31234880,31245648
Z2_DANPEI_room_05,46563328,46603888,31245648,31265040
Z2_DANPEI_room_06,46604288,46649936,31265040,31284256
Z2_DANPEI_room_07,46653440,46709520,31284256,31309856
Z2_DANPEI_room_08,46710784,46736400,31309856,31324432
Z2_IKANAMAE,46739456,46772368,31324432,31351728
Z2_IKANAMAE_room_00,46776320,46795728,31351728,31362032
Z2_DOUJOU,46796800,46826800,31362032,31384448
Z2_DOUJOU_room_00,46829568,46855392,31384448,31394864
Z2_MUSICHOUSE,46858240,46962688,31394864,31464224
Z2_MUSICHOUSE_room_00,46964736,47016544,31464224,31485280
Z2_IKNINSIDE,47017984,47063024,31485280,31513552
Z2_IKNINSIDE_room_00,47063040,47073760,31513552,31517456
Z2_IKNINSIDE_room_01,47075328,47106112,31517456,31531664
Z2_MAP_SHOP,47108096,47136800,31531664,31552656
Z2_MAP_SHOP_room_00,47140864,47163488,31552656,31560672
Z2_F40,47165440,47248128,31560672,31623184
Z2_F40_room_00,47251456,47300208,31623184,31646736
Z2_F41,47300608,47381232,31646736,31707888
Z2_F41_room_00,47382528,47429984,31707888,31730544
Z2_10YUKIYAMANOMURA2,47431680,47460448,31730544,31749408
Z2_10YUKIYAMANOMURA2_room_00,47464448,47588496,31749408,31824336
Z2_10YUKIYAMANOMURA2_room_01,47591424,47599152,31824336,31828672
Z2_14YUKIDAMANOMITI,47599616,47623408,31828672,31846400
Z2_14YUKIDAMANOMITI_room_00,47624192,47642032,31846400,31857696
Z2_12HAKUGINMAE,47644672,47674720,31857696,31881456
Z2_12HAKUGINMAE_room_00,47677440,47706288,31881456,31899040
Z2_17SETUGEN,47710208,47750064,31899040,31924560
Z2_17SETUGEN_room_00,47751168,47781616,31924560,31939312
Z2_17SETUGEN2,47783936,47819472,31939312,31967952
Z2_17SETUGEN2_room_00,47820800,47849952,31967952,31982784
Z2_SEA_BS,47853568,47874800,31982784,32001008
Z2_SEA_BS_room_00,47878144,47900880,32001008,32009184
Z2_RANDOM,47902720,47948000,32009184,32040192
Z2_RANDOM_room_00,47951872,47962912,32040192,32045056
Z2_RANDOM_room_01,47964160,48002896,32045056,32060016
Z2_RANDOM_room_02,48005120,48034256,32060016,32074480
Z2_RANDOM_room_03,48037888,48067312,32074480,32089072
Z2_RANDOM_room_04,48070656,48084416,32089072,32095664
Z2_RANDOM_room_05,48087040,48102400,32095664,32103680
Z2_YADOYA,48103424,48165536,32103680,32137840
Z2_YADOYA_room_00,48168960,48268480,32137840,32179184
Z2_YADOYA_room_01,48271360,48304944,32179184,32193424
Z2_YADOYA_room_02,48308224,48332512,32193424,32202496
Z2_YADOYA_room_03,48332800,48353472,32202496,32209760
Z2_YADOYA_room_04,48357376,48387376,32209760,32219776
Z2_KONPEKI_ENT,48390144,48419360,32219776,32238480
Z2_KONPEKI_ENT_room_00,48422912,48448416,32238480,32250176
Z2_INSIDETOWER,48451584,48483712,32250176,32261792
Z2_INSIDETOWER_room_00,48484352,48548368,32261792,32301120
Z2_INSIDETOWER_room_01,48549888,48550320,32301120,32301376
Z2_26SARUNOMORI,48553984,48604384,32301376,32335520
Z2_26SARUNOMORI_room_00,48607232,48621040,32335520,32342896
Z2_26SARUNOMORI_room_01,48623616,48637408,32342896,32350160
Z2_26SARUNOMORI_room_02,48640000,48656992,32350160,32360384
Z2_26SARUNOMORI_room_03,48660480,48670576,32360384,32365536
Z2_26SARUNOMORI_room_04,48672768,48686160,32365536,32372656
Z2_26SARUNOMORI_room_05,48689152,48699248,32372656,32377808
Z2_26SARUNOMORI_room_06,48701440,48717872,32377808,32386576
Z2_26SARUNOMORI_room_07,48721920,48732016,32386576,32391760
Z2_26SARUNOMORI_room_08,48734208,48747824,32391760,32399152
Z2_LOST_WOODS,48750592,48814560,32399152,32430384
Z2_LOST_WOODS_room_00,48816128,48849136,32430384,32452960
Z2_LOST_WOODS_room_01,48852992,48893216,32452960,32481424
Z2_LOST_WOODS_room_02,48893952,48901568,32481424,32484016
Z2_LAST_LINK,48902144,48931600,32484016,32507728
Z2_LAST_LINK_room_00,48934912,48947648,32507728,32515648
Z2_LAST_LINK_room_01,48951296,48961024,32515648,32521376
Z2_LAST_LINK_room_02,48963584,48975600,32521376,32529552
Z2_LAST_LINK_room_03,48975872,48991056,32529552,32540112
Z2_LAST_LINK_room_04,48992256,48998800,32540112,32543552
Z2_LAST_LINK_room_05,49000448,49016624,32543552,32555648
Z2_LAST_LINK_room_06,49016832,49019712,32555648,32556736
Z2_LAST_LINK_room_07,49020928,49023808,32556736,32557824
Z2_SOUGEN,49025024,49070032,32557824,32588320
Z2_SOUGEN_room_00,49070080,49101536,32588320,32602464
Z2_BOMYA,49102848,49154416,32602464,32633232
Z2_BOMYA_room_00,49156096,49188576,32633232,32645616
Z2_KYOJINNOMA,49188864,49249712,32645616,32662880
Z2_KYOJINNOMA_room_00,49250304,49257008,32662880,32665264
Z2_KOEPONARACE,49258496,49300624,32665264,32700224
Z2_KOEPONARACE_room_00,49303552,49337408,32700224,32717584
Z2_GORONRACE,49340416,49403536,32717584,32767216
Z2_GORONRACE_room_00,49405952,49462128,32767216,32801344
Z2_TOWN,49463296,49588080,32801344,32888416
Z2_TOWN_room_00,49590272,49686176,32888416,32928304
Z2_ICHIBA,49688576,49778240,32928304,32990992
Z2_ICHIBA_room_00,49778688,49822464,32990992,33007600
Z2_BACKTOWN,49823744,49893088,33007600,33056144
Z2_BACKTOWN_room_00,49893376,49934720,33056144,33073088
Z2_CLOCKTOWER,49938432,50079328,33073088,33168752
Z2_CLOCKTOWER_room_00,50081792,50161840,33168752,33197392
Z2_ALLEY,50163712,50219104,33197392,33238400
Z2_ALLEY_room_00,50221056,50257136,33238400,33254208
Z2_OMOYA,50257920,50308944,33254208,33268320
Z2_OMOYA_room_00,50311168,50313488,33268320,33269424
Z2_WITCH_SHOP,50315264,50379984,33269424,33318240
Z2_WITCH_SHOP_room_00,50380800,50395792,33318240,33326560
Z2_WITCH_SHOP_room_01,50397184,50424112,33326560,33347184
Z2_WITCH_SHOP_room_02,50425856,50434464,33347184,33352240
Z2_WITCH_SHOP_room_03,50438144,50447008,33352240,33358192
Z2_WITCH_SHOP_room_04,50450432,50456992,33358192,33361664
Z2_WITCH_SHOP_room_05,50458624,50464496,33361664,33365360
Z2_WITCH_SHOP_room_06,50466816,50475824,33365360,33370192
Z2_WITCH_SHOP_room_07,50479104,50489984,33370192,33378176
Z2_WITCH_SHOP_room_08,50491392,50504032,33378176,33386048
Z2_WITCH_SHOP_room_09,50507776,50516496,33386048,33391040
Z2_WITCH_SHOP_room_10,50520064,50525088,33391040,33393920
Z2_WITCH_SHOP_room_11,50528256,50537968,33393920,33400944
Z2_WITCH_SHOP_room_12,50540544,50566368,33400944,33416592
Z2_WITCH_SHOP_room_13,50569216,50583392,33416592,33424144
Z2_WITCH_SHOP_room_14,50585600,50594512,33424144,33429024
Z2_LAST_BS,50597888,50598912,33429024,33429696
Z2_LAST_BS_room_00,50601984,50602000,50601984,0
bump_texture_static,50606080,50606096,50606080,0
anime_model_1_static,50610176,50610192,50610176,0
anime_model_2_static,50614272,50614288,50614272,0
anime_model_3_static,50618368,50618384,50618368,0
anime_model_4_static,50622464,50622480,50622464,0
anime_model_5_static,50626560,50626576,50626560,0
anime_model_6_static,50630656,50630672,50630656,0
anime_texture_1_static,50634752,50634768,50634752,0
anime_texture_2_static,50638848,50638864,50638848,0
anime_texture_3_static,50642944,50642960,50642944,0
anime_texture_4_static,50647040,50647056,50647040,0
anime_texture_5_static,50651136,50651200,50651136,0
anime_texture_6_static,0,0,0,0
softsprite_matrix_static,0,0,0,0
