makerom,0,4192,0,0
boot,4192,31056,4192,0
dmadata,31056,55488,31056,0
Audiobank,55488,235136,55488,0
Audioseq,235136,561408,235136,0
Audiotable,561408,5088400,561408,0
link_animetion,5088400,7602368,5088400,0
icon_item_static,7606272,8170656,7602368,0
icon_item_24_static,8171520,8217600,8166752,0
icon_item_field_static,8220672,8268080,8212832,8240064
icon_item_dungeon_static,8269824,8277376,8240064,8241632
icon_item_gameover_static,8278016,8293504,8241632,8248352
icon_item_nes_static,8294400,8350848,8248352,8271360
icon_item_ger_static,8351744,8412032,8271360,8293888
icon_item_fra_static,8413184,8475776,8293888,8316704
item_name_static,8478720,8856576,8316704,0
map_name_static,8859648,9065472,8694560,0
do_action_static,9068544,9101952,8900384,0
message_static,9105408,9122176,8933792,0
message_texture_static,9125888,9130496,8950560,0
nes_font_static,9134080,9151872,8955168,0
nes_message_data_static,9154560,9384224,8972960,0
ger_message_data_static,9388032,9632160,9202624,0
fra_message_data_static,9633792,9859856,9446752,0
staff_message_data_static,9863168,9867088,9672816,0
map_grand_static,9867264,9925456,9676736,0
map_i_static,9928704,10903824,9734928,0
map_48x85_static,10907648,11046368,10710048,0
code,11046912,12100912,10848768,11480000
n64dd,12100912,12177856,11480000,11520224
ovl_title,12177856,12180352,11520224,11522208
ovl_select,12180352,12191968,11522208,11529216
ovl_opening,12191968,12192320,11529216,11529520
ovl_file_choose,12192320,12259888,11529520,11568144
ovl_kaleido_scope,12259888,12377648,11568144,11630048
ovl_player_actor,12377648,12535008,11630048,11733232
ovl_map_mark_data,12535008,12562496,11733232,11734176
ovl_En_Test,12562496,12585200,11734176,11747696
ovl_En_GirlA,12585200,12595728,11747696,11752928
ovl_En_Part,12595728,12601376,11752928,11757072
ovl_En_Light,12601376,12604944,11757072,11759568
ovl_En_Door,12604944,12608592,11759568,11762576
ovl_En_Box,12608592,12615552,11762576,11767408
ovl_En_Poh,12615552,12632336,11767408,11778288
ovl_En_Okuta,12632336,12642032,11778288,11785024
ovl_En_Bom,12642032,12645824,11785024,11788016
ovl_En_Wallmas,12645824,12652496,11788016,11792528
ovl_En_Dodongo,12652496,12664176,11792528,11800528
ovl_En_Firefly,12664176,12672736,11800528,11806288
ovl_En_Horse,12672736,12722496,11806288,11837008
ovl_En_Arrow,12722496,12728368,11837008,11841232
ovl_En_Elf,12728368,12747248,11841232,11853440
ovl_En_Niw,12747248,12760352,11853440,11862864
ovl_En_Tite,12760352,12772032,11862864,11869712
ovl_En_Reeba,12772032,12778800,11869712,11874576
ovl_En_Peehat,12778800,12792880,11874576,11883488
ovl_En_Holl,12792880,12796928,11883488,11886464
ovl_En_Scene_Change,12796928,12797232,11886464,11886704
ovl_En_Zf,12797232,12824608,11886704,11904224
ovl_En_Hata,12824608,12826032,11904224,11905504
ovl_Boss_Dodongo,12826032,12865680,11905504,11930768
ovl_Boss_Goma,12865680,12890128,11930768,11945536
ovl_En_Zl1,12890128,12906000,11945536,11953520
ovl_En_Viewer,12906000,12917952,11953520,11961520
ovl_En_Goma,12917952,12929360,11961520,11969104
ovl_Bg_Pushbox,12929360,12930128,11969104,11969760
ovl_En_Bubble,12930128,12935280,11969760,11973696
ovl_Door_Shutter,12935280,12944112,11973696,11980032
ovl_En_Dodojr,12944112,12951952,11980032,11985488
ovl_En_Bdfire,12951952,12954912,11985488,11987776
ovl_En_Boom,12954912,12957152,11987776,11989632
ovl_En_Torch2,12957152,12967232,11989632,11996976
ovl_En_Bili,12967232,12976144,11996976,12003168
ovl_En_Tp,12976144,12983904,12003168,12008832
ovl_En_St,12983904,12995280,12008832,12016736
ovl_En_Bw,12995280,13008448,12016736,12025600
ovl_En_Eiyer,13008448,13015712,12025600,12030752
ovl_En_River_Sound,13015712,13018160,12030752,12032768
ovl_En_Horse_Normal,13018160,13027920,12032768,12039008
ovl_En_Ossan,13027920,13054000,12039008,12053312
ovl_Bg_Treemouth,13054000,13059728,12053312,12056384
ovl_Bg_Dodoago,13059728,13063120,12056384,12059040
ovl_Bg_Hidan_Dalm,13063120,13065248,12059040,12060672
ovl_Bg_Hidan_Hrock,13065248,13067344,12060672,12062320
ovl_En_Horse_Ganon,13067344,13070800,12062320,12064992
ovl_Bg_Hidan_Rock,13070800,13075136,12064992,12068272
ovl_Bg_Hidan_Rsekizou,13075136,13078176,12068272,12070560
ovl_Bg_Hidan_Sekizou,13078176,13083376,12070560,12074528
ovl_Bg_Hidan_Sima,13083376,13087248,12074528,12077600
ovl_Bg_Hidan_Syoku,13087248,13088368,12077600,12078384
ovl_En_Xc,13088368,13114832,12078384,12091840
ovl_Bg_Hidan_Curtain,13114832,13117552,12091840,12093952
ovl_Bg_Spot00_Hanebasi,13117552,13121920,12093952,12097488
ovl_En_Mb,13121920,13138864,12097488,12108480
ovl_En_Bombf,13138864,13144096,12108480,12112560
ovl_Bg_Hidan_Firewall,13144096,13145984,12112560,12114128
ovl_Bg_Dy_Yoseizo,13145984,13157760,12114128,12122128
ovl_En_Zl2,13157760,13175984,12122128,12131296
ovl_Bg_Hidan_Fslift,13175984,13177216,12131296,12132240
ovl_En_OE2,13177216,13177440,12132240,12132384
ovl_Bg_Ydan_Hasi,13177440,13179408,12132384,12133936
ovl_Bg_Ydan_Maruta,13179408,13181168,12133936,12135344
ovl_Boss_Ganondrof,13181168,13200992,12135344,12148512
ovl_En_Am,13200992,13210208,12148512,12154704
ovl_En_Dekubaba,13210208,13225216,12154704,12164416
ovl_En_M_Fire1,13225216,13225632,12164416,12164752
ovl_En_M_Thunder,13225632,13231248,12164752,12168832
ovl_Bg_Ddan_Jd,13231248,13232864,12168832,12170112
ovl_Bg_Breakwall,13232864,13236560,12170112,12173024
ovl_En_Jj,13236560,13242144,12173024,12176176
ovl_En_Horse_Zelda,13242144,13244944,12176176,12178432
ovl_Bg_Ddan_Kd,13244944,13247232,12178432,12180192
ovl_Door_Warp1,13247232,13264288,12180192,12190256
ovl_Obj_Syokudai,13264288,13267408,12190256,12192864
ovl_Item_B_Heart,13267408,13268416,12192864,12193744
ovl_En_Dekunuts,13268416,13274560,12193744,12197776
ovl_Bg_Menkuri_Kaiten,13274560,13274960,12197776,12198128
ovl_Bg_Menkuri_Eye,13274960,13276128,12198128,12199136
ovl_En_Vali,13276128,13286016,12199136,12205936
ovl_Bg_Mizu_Movebg,13286016,13290512,12205936,12209232
ovl_Bg_Mizu_Water,13290512,13293792,12209232,12211536
ovl_Arms_Hook,13293792,13297216,12211536,12214240
ovl_En_fHG,13297216,13307760,12214240,12221216
ovl_Bg_Mori_Hineri,13307760,13311088,12221216,12223664
ovl_En_Bb,13311088,13326656,12223664,12234848
ovl_Bg_Toki_Hikari,13326656,13330144,12234848,12236960
ovl_En_Yukabyun,13330144,13331696,12236960,12238320
ovl_Bg_Toki_Swd,13331696,13337408,12238320,12240944
ovl_En_Fhg_Fire,13337408,13347168,12240944,12247984
ovl_Bg_Mjin,13347168,13348160,12247984,12248848
ovl_Bg_Hidan_Kousi,13348160,13349568,12248848,12249920
ovl_Door_Toki,13349568,13349920,12249920,12250208
ovl_Bg_Hidan_Hamstep,13349920,13353680,12250208,12253072
ovl_En_Bird,13353680,13354896,12253072,12254064
ovl_En_Wood02,13354896,13359456,12254064,12257712
ovl_En_Lightbox,13359456,13360608,12257712,12258688
ovl_En_Pu_box,13360608,13361440,12258688,12259424
ovl_En_Trap,13361440,13366208,12259424,12262560
ovl_En_Arow_Trap,13366208,13366544,12262560,12262880
ovl_En_Vase,13366544,13366800,12262880,12263104
ovl_En_Ta,13366800,13381584,12263104,12272128
ovl_En_Tk,13381584,13389312,12272128,12277808
ovl_Bg_Mori_Bigst,13389312,13391664,12277808,12279456
ovl_Bg_Mori_Elevator,13391664,13394464,12279456,12281328
ovl_Bg_Mori_Kaitenkabe,13394464,13396096,12281328,12282688
ovl_Bg_Mori_Rakkatenjo,13396096,13398512,12282688,12284416
ovl_En_Vm,13398512,13404832,12284416,12288912
ovl_Demo_Effect,13404832,13428128,12288912,12304160
ovl_Demo_Kankyo,13428128,13443664,12304160,12313552
ovl_Bg_Hidan_Fwbig,13443664,13446960,12313552,12316192
ovl_En_Floormas,13446960,13460240,12316192,12324400
ovl_En_Heishi1,13460240,13465632,12324400,12328064
ovl_En_Rd,13465632,13476048,12328064,12334752
ovl_En_Po_Sisters,13476048,13495744,12334752,12347584
ovl_Bg_Heavy_Block,13495744,13502128,12347584,12352256
ovl_Bg_Po_Event,13502128,13509856,12352256,12357968
ovl_Obj_Mure,13509856,13513968,12357968,12360832
ovl_En_Sw,13513968,13528160,12360832,12371152
ovl_Boss_Fd,13528160,13557648,12371152,12390896
ovl_Object_Kankyo,13557648,13570480,12390896,12400048
ovl_En_Du,13570480,13577296,12400048,12404656
ovl_En_Fd,13577296,13588752,12404656,12413104
ovl_En_Horse_Link_Child,13588752,13596432,12413104,12417712
ovl_Door_Ana,13596432,13598080,12417712,12419072
ovl_Bg_Spot02_Objects,13598080,13603024,12419072,12422560
ovl_Bg_Haka,13603024,13604752,12422560,12424016
ovl_Magic_Wind,13604752,13612176,12424016,12430560
ovl_Magic_Fire,13612176,13621088,12430560,12438528
ovl_En_Ru1,13621088,13651456,12438528,12454320
ovl_Boss_Fd2,13651456,13667120,12454320,12465424
ovl_En_Fd_Fire,13667120,13670464,12465424,12468208
ovl_En_Dh,13670464,13677328,12468208,12473200
ovl_En_Dha,13677328,13681424,12473200,12476224
ovl_En_Rl,13681424,13685232,12476224,12478576
ovl_En_Encount1,13685232,13688144,12478576,12480976
ovl_Demo_Du,13688144,13702448,12480976,12487936
ovl_Demo_Im,13702448,13718688,12487936,12496032
ovl_Demo_Tre_Lgt,13718688,13720496,12496032,12497552
ovl_En_Fw,13720496,13726560,12497552,12502464
ovl_Bg_Vb_Sima,13726560,13728368,12502464,12504064
ovl_En_Vb_Ball,13728368,13732880,12504064,12507472
ovl_Bg_Haka_Megane,13732880,13733904,12507472,12508320
ovl_Bg_Haka_MeganeBG,13733904,13735632,12508320,12509680
ovl_Bg_Haka_Ship,13735632,13738256,12509680,12511744
ovl_Bg_Haka_Sgami,13738256,13741360,12511744,12514176
ovl_En_Heishi2,13741360,13750064,12514176,12519472
ovl_En_Encount2,13750064,13754720,12519472,12523056
ovl_En_Fire_Rock,13754720,13759088,12523056,12526240
ovl_En_Brob,13759088,13763424,12526240,12529376
ovl_Mir_Ray,13763424,13769760,12529376,12534496
ovl_Bg_Spot09_Obj,13769760,13771056,12534496,12535488
ovl_Bg_Spot18_Obj,13771056,13773312,12535488,12537104
ovl_Boss_Va,13773312,13832688,12537104,12575568
ovl_Bg_Haka_Tubo,13832688,13835280,12575568,12577680
ovl_Bg_Haka_Trap,13835280,13840864,12577680,12581792
ovl_Bg_Haka_Huta,13840864,13843584,12581792,12583936
ovl_Bg_Haka_Zou,13843584,13848176,12583936,12587392
ovl_Bg_Spot17_Funen,13848176,13848768,12587392,12587936
ovl_En_Syateki_Itm,13848768,13852256,12587936,12590592
ovl_En_Syateki_Man,13852256,13855776,12590592,12593200
ovl_En_Tana,13855776,13856448,12593200,12593776
ovl_En_Nb,13856448,13874320,12593776,12603104
ovl_Boss_Mo,13874320,13920816,12603104,12635248
ovl_En_Sb,13920816,13926000,12635248,12638704
ovl_En_Bigokuta,13926000,13937024,12638704,12646208
ovl_En_Karebaba,13937024,13943408,12646208,12650672
ovl_Bg_Bdan_Objects,13943408,13948224,12650672,12654032
ovl_Demo_Sa,13948224,13959264,12654032,12659488
ovl_Demo_Go,13959264,13962688,12659488,12661856
ovl_En_In,13962688,13974368,12661856,12670240
ovl_En_Tr,13974368,13980768,12670240,12674864
ovl_Bg_Spot16_Bombstone,13980768,13986208,12674864,12679168
ovl_Bg_Hidan_Kowarerukabe,13986208,13990000,12679168,12681696
ovl_Bg_Bombwall,13990000,13992240,12681696,12683456
ovl_En_Ru2,13992240,14003888,12683456,12689184
ovl_Obj_Dekujr,14003888,14005488,12689184,12690544
ovl_Bg_Mizu_Uzu,14005488,14005952,12690544,12690944
ovl_Bg_Spot06_Objects,14005952,14011088,12690944,12694800
ovl_Bg_Ice_Objects,14011088,14014992,12694800,12697424
ovl_Bg_Haka_Water,14014992,14017008,12697424,12698928
ovl_En_Ma2,14017008,14021200,12698928,12702144
ovl_En_Bom_Chu,14021200,14026992,12702144,12706736
ovl_En_Horse_Game_Check,14026992,14031296,12706736,12709840
ovl_Boss_Tw,14031296,14109248,12709840,12760480
ovl_En_Rr,14109248,14118768,12760480,12767408
ovl_En_Ba,14118768,14126656,12767408,12772624
ovl_En_Bx,14126656,14129456,12772624,12775104
ovl_En_Anubice,14129456,14134240,12775104,12778640
ovl_En_Anubice_Fire,14134240,14137760,12778640,12781552
ovl_Bg_Mori_Hashigo,14137760,14140000,12781552,12783216
ovl_Bg_Mori_Hashira4,14140000,14141408,12783216,12784320
ovl_Bg_Mori_Idomizu,14141408,14143008,12784320,12785568
ovl_Bg_Spot16_Doughnut,14143008,14144464,12785568,12786800
ovl_Bg_Bdan_Switch,14144464,14149632,12786800,12789792
ovl_En_Ma1,14149632,14154464,12789792,12793376
ovl_Boss_Ganon,14154464,14294336,12793376,12881184
ovl_Boss_Sst,14294336,14344896,12881184,12912736
ovl_En_Ny,14344896,14351344,12912736,12917424
ovl_En_Fr,14351344,14362240,12917424,12925200
ovl_Item_Shield,14362240,14364816,12925200,12927248
ovl_Bg_Ice_Shelter,14364816,14369472,12927248,12930784
ovl_En_Ice_Hono,14369472,14374064,12930784,12934064
ovl_Item_Ocarina,14374064,14376064,12934064,12935536
ovl_Magic_Dark,14376064,14382288,12935536,12940464
ovl_Demo_6K,14382288,14393824,12940464,12948992
ovl_En_Anubice_Tag,14393824,14394544,12948992,12949616
ovl_Bg_Haka_Gate,14394544,14398768,12949616,12952896
ovl_Bg_Spot15_Saku,14398768,14399600,12952896,12953616
ovl_Bg_Jya_Goroiwa,14399600,14401520,12953616,12955248
ovl_Bg_Jya_Zurerukabe,14401520,14403232,12955248,12956608
ovl_Bg_Jya_Cobra,14403232,14410688,12956608,12962112
ovl_Bg_Jya_Kanaami,14410688,14411632,12962112,12962864
ovl_Fishing,14411632,14491936,12962864,13017472
ovl_Obj_Oshihiki,14491936,14498768,13017472,13022224
ovl_Bg_Gate_Shutter,14498768,14499920,13022224,13023120
ovl_Eff_Dust,14499920,14505008,13023120,13026144
ovl_Bg_Spot01_Fusya,14505008,14505680,13026144,13026720
ovl_Bg_Spot01_Idohashira,14505680,14508752,13026720,13029072
ovl_Bg_Spot01_Idomizu,14508752,14509536,13029072,13029792
ovl_Bg_Po_Syokudai,14509536,14511920,13029792,13031744
ovl_Bg_Ganon_Otyuka,14511920,14521712,13031744,13039216
ovl_Bg_Spot15_Rrbox,14521712,14525264,13039216,13041792
ovl_Bg_Umajump,14525264,14525664,13041792,13042160
ovl_En_Insect,14525664,14535168,13042160,13048464
ovl_En_Butte,14535168,14540752,13048464,13052528
ovl_En_Fish,14540752,14549216,13052528,13057840
ovl_Bg_Spot08_Iceblock,14549216,14553376,13057840,13060816
ovl_Item_Etcetera,14553376,14555632,13060816,13062496
ovl_Arrow_Fire,14555632,14563504,13062496,13069328
ovl_Arrow_Ice,14563504,14571408,13069328,13075568
ovl_Arrow_Light,14571408,14579328,13075568,13081952
ovl_Obj_Kibako,14579328,14582656,13081952,13084224
ovl_Obj_Tsubo,14582656,14586736,13084224,13087136
ovl_En_Wonder_Item,14586736,14589888,13087136,13089376
ovl_En_Ik,14589888,14607840,13089376,13099888
ovl_Demo_Ik,14607840,14613232,13099888,13103232
ovl_En_Skj,14613232,14627872,13103232,13112384
ovl_En_Skjneedle,14627872,14628656,13112384,13113072
ovl_En_G_Switch,14628656,14634848,13113072,13117872
ovl_Demo_Ext,14634848,14637216,13117872,13119696
ovl_Demo_Shd,14637216,14646448,13119696,13125904
ovl_En_Dns,14646448,14651456,13125904,13129184
ovl_Elf_Msg,14651456,14652976,13129184,13130304
ovl_En_Honotrap,14652976,14658432,13130304,13134352
ovl_En_Tubo_Trap,14658432,14661664,13134352,13136672
ovl_Obj_Ice_Poly,14661664,14664144,13136672,13138704
ovl_Bg_Spot03_Taki,14664144,14666432,13138704,13140448
ovl_Bg_Spot07_Taki,14666432,14667920,13140448,13141568
ovl_En_Fz,14667920,14676128,13141568,13147440
ovl_En_Po_Relay,14676128,14682032,13147440,13151920
ovl_Bg_Relay_Objects,14682032,14684000,13151920,13153488
ovl_En_Diving_Game,14684000,14690576,13153488,13158080
ovl_En_Kusa,14690576,14695920,13158080,13162000
ovl_Obj_Bean,14695920,14706048,13162000,13168352
ovl_Obj_Bombiwa,14706048,14707440,13168352,13169552
ovl_Obj_Switch,14707440,14715056,13169552,13174384
ovl_Obj_Elevator,14715056,14716016,13174384,13175136
ovl_Obj_Lift,14716016,14718608,13175136,13177248
ovl_Obj_Hsblock,14718608,14720096,13177248,13178432
ovl_En_Okarina_Tag,14720096,14725472,13178432,13181520
ovl_En_Yabusame_Mark,14725472,14727216,13181520,13182896
ovl_En_Goroiwa,14727216,14736368,13182896,13189328
ovl_En_Ex_Ruppy,14736368,14740656,13189328,13192592
ovl_En_Toryo,14740656,14743872,13192592,13194960
ovl_En_Daiku,14743872,14749824,13194960,13199552
ovl_En_Nwc,14749824,14752448,13199552,13201776
ovl_En_Blkobj,14752448,14753824,13201776,13202928
ovl_Item_Inbox,14753824,14754176,13202928,13203200
ovl_En_Ge1,14754176,14762416,13203200,13208368
ovl_Obj_Blockstop,14762416,14762832,13208368,13208752
ovl_En_Sda,14762832,14768528,13208752,13212480
ovl_En_Clear_Tag,14768528,14804224,13212480,13229952
ovl_En_Niw_Lady,14804224,14810624,13229952,13234544
ovl_En_Gm,14810624,14814000,13234544,13237120
ovl_En_Ms,14814000,14815776,13237120,13238560
ovl_En_Hs,14815776,14818752,13238560,13240672
ovl_Bg_Ingate,14818752,14819664,13240672,13241456
ovl_En_Kanban,14819664,14832288,13241456,13249168
ovl_En_Heishi3,14832288,14834832,13249168,13251024
ovl_En_Syateki_Niw,14834832,14843168,13251024,13257120
ovl_En_Attack_Niw,14843168,14847872,13257120,13260544
ovl_Bg_Spot01_Idosoko,14847872,14848400,13260544,13260992
ovl_En_Sa,14848400,14857216,13260992,13266640
ovl_En_Wonder_Talk,14857216,14858896,13266640,13268000
ovl_Bg_Gjyo_Bridge,14858896,14860176,13268000,13269088
ovl_En_Ds,14860176,14863280,13269088,13271232
ovl_En_Mk,14863280,14867008,13271232,13273760
ovl_En_Bom_Bowl_Man,14867008,14872448,13273760,13277760
ovl_En_Bom_Bowl_Pit,14872448,14874864,13277760,13279648
ovl_En_Owl,14874864,14890128,13279648,13288480
ovl_En_Ishi,14890128,14927328,13288480,13293424
ovl_Obj_Hana,14927328,14928112,13293424,13294048
ovl_Obj_Lightswitch,14928112,14933280,13294048,13297632
ovl_Obj_Mure2,14933280,14935872,13297632,13299552
ovl_En_Go,14935872,14953856,13299552,13311184
ovl_En_Fu,14953856,14957248,13311184,13313856
ovl_En_Changer,14957248,14959776,13313856,13315728
ovl_Bg_Jya_Megami,14959776,14964352,13315728,13319536
ovl_Bg_Jya_Lift,14964352,14965712,13319536,13320640
ovl_Bg_Jya_Bigmirror,14965712,14967824,13320640,13322448
ovl_Bg_Jya_Bombchuiwa,14967824,14970688,13322448,13324704
ovl_Bg_Jya_Amishutter,14970688,14971600,13324704,13325296
ovl_Bg_Jya_Bombiwa,14971600,14973072,13325296,13326544
ovl_Bg_Spot18_Basket,14973072,14977152,13326544,13329632
ovl_En_Ganon_Organ,14977152,15005824,13329632,13343552
ovl_En_Siofuki,15005824,15009328,13343552,13346176
ovl_En_Stream,15009328,15010752,13346176,13347408
ovl_En_Mm,15010752,15016416,13347408,13351776
ovl_En_Ko,15016416,15033120,13351776,13361376
ovl_En_Kz,15033120,15038656,13361376,13365488
ovl_En_Weather_Tag,15038656,15042480,13365488,13367344
ovl_Bg_Sst_Floor,15042480,15043856,13367344,13368608
ovl_En_Ani,15043856,15047296,13368608,13371056
ovl_En_Ex_Item,15047296,15051760,13371056,13374320
ovl_Bg_Jya_Ironobj,15051760,15055264,13374320,13376720
ovl_En_Js,15055264,15057776,13376720,13378544
ovl_En_Jsjutan,15057776,15077680,13378544,13386080
ovl_En_Cs,15077680,15082336,13386080,13389632
ovl_En_Md,15082336,15092176,13389632,13395504
ovl_En_Hy,15092176,15106832,13395504,13404736
ovl_En_Ganon_Mant,15106832,15123760,13404736,13412208
ovl_En_Okarina_Effect,15123760,15124720,13412208,13412960
ovl_En_Mag,15124720,15135824,13412960,13420768
ovl_Door_Gerudo,15135824,15137344,13420768,13422032
ovl_Elf_Msg2,15137344,15138480,13422032,13422800
ovl_Demo_Gt,15138480,15160496,13422800,13433872
ovl_En_Po_Field,15160496,15175312,13433872,13444368
ovl_Efc_Erupc,15175312,15178096,13444368,13446704
ovl_Bg_Zg,15178096,15179232,13446704,13447616
ovl_En_Heishi4,15179232,15183072,13447616,13450320
ovl_En_Zl3,15183072,15215408,13450320,13466800
ovl_Boss_Ganon2,15215408,15285808,13466800,13509328
ovl_En_Kakasi,15285808,15289200,13509328,13511920
ovl_En_Takara_Man,15289200,15291440,13511920,13513840
ovl_Obj_Makeoshihiki,15291440,15292608,13513840,13514832
ovl_Oceff_Spot,15292608,15296496,13514832,13518144
ovl_End_Title,15296496,15313184,13518144,13524912
ovl_En_Torch,15313184,15313424,13524912,13525136
ovl_Demo_Ec,15313424,15327856,13525136,13531040
ovl_Shot_Sun,15327856,15329584,13531040,13532480
ovl_En_Dy_Extra,15329584,15330992,13532480,13533728
ovl_En_Wonder_Talk2,15330992,15332688,13533728,13535168
ovl_En_Ge2,15332688,15339248,13535168,13539664
ovl_Obj_Roomtimer,15339248,15339840,13539664,13540176
ovl_En_Ssh,15339840,15349552,13540176,13546912
ovl_En_Sth,15349552,15366112,13546912,13558112
ovl_Oceff_Wipe,15366112,15369520,13558112,13561136
ovl_Effect_Ss_Dust,15369520,15371616,13561136,13562848
ovl_Effect_Ss_KiraKira,15371616,15373264,13562848,13564288
ovl_Effect_Ss_Bomb,15373264,15374320,13564288,13565264
ovl_Effect_Ss_Bomb2,15374320,15376672,13565264,13567168
ovl_Effect_Ss_Blast,15376672,15377584,13567168,13568048
ovl_Effect_Ss_G_Spk,15377584,15379040,13568048,13569360
ovl_Effect_Ss_D_Fire,15379040,15380304,13569360,13570544
ovl_Effect_Ss_Bubble,15380304,15381456,13570544,13571568
ovl_Effect_Ss_G_Ripple,15381456,15382832,13571568,13572832
ovl_Effect_Ss_G_Splash,15382832,15384032,13572832,13573808
ovl_Effect_Ss_G_Magma,15384032,15384640,13573808,13574384
ovl_Effect_Ss_G_Fire,15384640,15385296,13574384,13574992
ovl_Effect_Ss_Lightning,15385296,15387040,13574992,13576608
ovl_Effect_Ss_Dt_Bubble,15387040,15388464,13576608,13577856
ovl_Effect_Ss_Hahen,15388464,15390064,13577856,13579120
ovl_Effect_Ss_Stick,15390064,15390992,13579120,13579968
ovl_Effect_Ss_Sibuki,15390992,15392736,13579968,13581520
ovl_Effect_Ss_Sibuki2,15392736,15393552,13581520,13582304
ovl_Effect_Ss_G_Magma2,15393552,15394848,13582304,13583520
ovl_Effect_Ss_Stone1,15394848,15395760,13583520,13584368
ovl_Effect_Ss_HitMark,15395760,15397120,13584368,13585584
ovl_Effect_Ss_Fhg_Flash,15397120,15401088,13585584,13588176
ovl_Effect_Ss_K_Fire,15401088,15402160,13588176,13589184
ovl_Effect_Ss_Solder_Srch_Ball,15402160,15402592,13589184,13589600
ovl_Effect_Ss_Kakera,15402592,15406832,13589600,13592720
ovl_Effect_Ss_Ice_Piece,15406832,15407920,13592720,13593760
ovl_Effect_Ss_En_Ice,15407920,15410160,13593760,13595744
ovl_Effect_Ss_Fire_Tail,15410160,15411952,13595744,13597376
ovl_Effect_Ss_En_Fire,15411952,15413808,13597376,13599024
ovl_Effect_Ss_Extra,15413808,15414768,13599024,13599968
ovl_Effect_Ss_Fcircle,15414768,15415968,13599968,13601088
ovl_Effect_Ss_Dead_Db,15415968,15417216,13601088,13602304
ovl_Effect_Ss_Dead_Dd,15417216,15418640,13602304,13603616
ovl_Effect_Ss_Dead_Ds,15418640,15419792,13603616,13604688
ovl_Effect_Ss_Dead_Sound,15419792,15420112,13604688,13605008
ovl_Oceff_Storm,15420112,15427184,13605008,13611760
ovl_En_Weiyer,15427184,15433840,13611760,13616160
ovl_Bg_Spot05_Soko,15433840,15434640,13616160,13616816
ovl_Bg_Jya_1flift,15434640,15436320,13616816,13618096
ovl_Bg_Jya_Haheniron,15436320,15438352,13618096,13619760
ovl_Bg_Spot12_Gate,15438352,15439392,13619760,13620544
ovl_Bg_Spot12_Saku,15439392,15440608,13620544,13621504
ovl_En_Hintnuts,15440608,15447312,13621504,13626016
ovl_En_Nutsball,15447312,15448880,13626016,13627424
ovl_Bg_Spot00_Break,15448880,15449296,13627424,13627792
ovl_En_Shopnuts,15449296,15453152,13627792,13630448
ovl_En_It,15453152,15453552,13630448,13630752
ovl_En_GeldB,15453552,15474976,13630752,13644016
ovl_Oceff_Wipe2,15474976,15480976,13644016,13647664
ovl_Oceff_Wipe3,15480976,15486944,13647664,13652416
ovl_En_Niw_Girl,15486944,15489712,13652416,13654800
ovl_En_Dog,15489712,15494240,13654800,13658000
ovl_En_Si,15494240,15495520,13658000,13659056
ovl_Bg_Spot01_Objects2,15495520,15496736,13659056,13660096
ovl_Obj_Comb,15496736,15498880,13660096,13661952
ovl_Bg_Spot11_Bakudankabe,15498880,15500480,13661952,13663328
ovl_Obj_Kibako2,15500480,15502208,13663328,13664800
ovl_En_Dnt_Demo,15502208,15505568,13664800,13667440
ovl_En_Dnt_Jiji,15505568,15510960,13667440,13670688
ovl_En_Dnt_Nomal,15510960,15522800,13670688,13677856
ovl_En_Guest,15522800,15525264,13677856,13679936
ovl_Bg_Bom_Guard,15525264,15525808,13679936,13680432
ovl_En_Hs2,15525808,15527312,13680432,13681680
ovl_Demo_Kekkai,15527312,15532144,13681680,13685424
ovl_Bg_Spot08_Bakudankabe,15532144,15533840,13685424,13686880
ovl_Bg_Spot17_Bakudankabe,15533840,15535600,13686880,13688384
ovl_Obj_Mure3,15535600,15537600,13688384,13689968
ovl_En_Tg,15537600,15539344,13689968,13691456
ovl_En_Mu,15539344,15541680,13691456,13693440
ovl_En_Go2,15541680,15566320,13693440,13709328
ovl_En_Wf,15566320,15583488,13709328,13720416
ovl_En_Skb,15583488,15589872,13720416,13725040
ovl_Demo_Gj,15589872,15605408,13725040,13732320
ovl_Demo_Geff,15605408,15607488,13732320,13733840
ovl_Bg_Gnd_Firemeiro,15607488,15608832,13733840,13734944
ovl_Bg_Gnd_Darkmeiro,15608832,15610816,13734944,13736416
ovl_Bg_Gnd_Soulmeiro,15610816,15612960,13736416,13738192
ovl_Bg_Gnd_Nisekabe,15612960,15613328,13738192,13738528
ovl_Bg_Gnd_Iceblock,15613328,15617664,13738528,13741392
ovl_Bg_Ydan_Sp,15617664,15623664,13741392,13745760
ovl_En_Gb,15623664,15629600,13745760,13750160
ovl_En_Gs,15629600,15637440,13750160,13755920
ovl_Bg_Mizu_Bwall,15637440,15642768,13755920,13759472
ovl_Bg_Mizu_Shutter,15642768,15644816,13759472,13761056
ovl_En_Daiku_Kakariko,15644816,15649872,13761056,13764864
ovl_Bg_Bowl_Wall,15649872,15652304,13764864,13766944
ovl_En_Wall_Tubo,15652304,15653568,13766944,13768000
ovl_En_Po_Desert,15653568,15657088,13768000,13770912
ovl_En_Crow,15657088,15662880,13770912,13775216
ovl_Door_Killer,15662880,15668368,13775216,13779440
ovl_Bg_Spot11_Oasis,15668368,15670208,13779440,13781024
ovl_Bg_Spot18_Futa,15670208,15670624,13781024,13781376
ovl_Bg_Spot18_Shutter,15670624,15671984,13781376,13782432
ovl_En_Ma3,15671984,15676288,13782432,13785728
ovl_En_Cow,15676288,15681504,13785728,13789088
ovl_Bg_Ice_Turara,15681504,15683600,13789088,13790816
ovl_Bg_Ice_Shutter,15683600,15684736,13790816,13791680
ovl_En_Kakasi2,15684736,15686560,13791680,13793120
ovl_En_Kakasi3,15686560,15690880,13793120,13796256
ovl_Oceff_Wipe4,15690880,15694944,13796256,13799264
ovl_En_Eg,15694944,15695376,13799264,13799616
ovl_Bg_Menkuri_Nisekabe,15695376,15695712,13799616,13799904
ovl_En_Zo,15695712,15705360,13799904,13806656
ovl_Effect_Ss_Ice_Smoke,15705360,15706576,13806656,13807744
ovl_Obj_Makekinsuta,15706576,15706912,13807744,13808064
ovl_En_Ge3,15706912,15710048,13808064,13810384
ovl_Obj_Timeblock,15710048,15713184,13810384,13812672
ovl_Obj_Hamishi,15713184,15715312,13812672,13814464
ovl_En_Zl4,15715312,15734304,13814464,13824192
ovl_En_Mm2,15734304,15737824,13824192,13826864
ovl_Bg_Jya_Block,15737824,15738448,13826864,13827472
ovl_Obj_Warp2block,15738448,15741312,13827472,13829728
gameplay_keep,15745024,16099248,13829728,14012832
gameplay_field_keep,16101376,16155440,14012832,14050240
gameplay_dangeon_keep,16158720,16255728,14050240,14110368
gameplay_object_exchange_static,16257024,16257040,14110368,14110400
object_link_boy,16261120,16488448,14110400,14217808
object_link_child,16490496,16674688,14217808,14306272
object_box,16674816,16699392,14306272,14319024
object_human,16699392,16777600,14319024,14350784
object_okuta,16781312,16796800,14350784,14358528
object_poh,16797696,16818400,14358528,14371808
object_wallmaster,16822272,16863344,14371808,14398704
object_dy_obj,16867328,16987440,14398704,14473344
object_firefly,16990208,16996544,14473344,14477072
object_dodongo,16998400,17037632,14477072,14504784
object_fire,17039360,17055904,14504784,14511488
object_niw,17059840,17069376,14511488,14516336
object_tite,17072128,17087024,14516336,14526368
object_reeba,17088512,17096432,14526368,14531520
object_peehat,17096704,17104016,14531520,14535040
object_kingdodongo,17104896,17304800,14535040,14661936
object_horse,17305600,17362704,14661936,14704640
object_zf,17362944,17453984,14704640,14766992
object_goma,17457152,17585664,14766992,14861280
object_zl1,17588224,17671104,14861280,14905424
object_gol,17674240,17691168,14905424,14916560
object_bubble,17694720,17699008,14916560,14918448
object_dodojr,17702912,17711344,14918448,14924640
object_torch2,17715200,17733488,14924640,14932928
object_bl,17735680,17758288,14932928,14942240
object_tp,17760256,17767664,14942240,14947184
object_oA1,17768448,17786640,14947184,14956544
object_st,17788928,17812400,14956544,14969600
object_bw,17813504,17822304,14969600,14974976
object_ei,17825792,17839136,14974976,14982544
object_horse_normal,17842176,17883072,14982544,15015344
object_oB1,17883136,17909424,15015344,15027584
object_o_anime,17911808,17920336,15027584,15034752
object_spot04_objects,17924096,17929920,15034752,15037952
object_ddan_objects,17932288,17966944,15037952,15060224
object_hidan_objects,17969152,18066720,15060224,15108848
object_horse_ganon,18067456,18116752,15108848,15142592
object_oA2,18120704,18142928,15142592,15147760
object_spot00_objects,18145280,18152464,15147760,15150624
object_mb,18153472,18235808,15150624,15206848
object_bombf,18239488,18246144,15206848,15210848
object_sk2,18247680,18307072,15210848,15256576
object_oE1,18309120,18335760,15256576,15269152
object_oE_anime,18337792,18358368,15269152,15288608
object_oE2,18362368,18385520,15288608,15299600
object_ydan_objects,18386944,18423936,15299600,15328112
object_gnd,18427904,18505728,15328112,15387472
object_am,18505728,18529104,15387472,15399584
object_dekubaba,18530304,18545088,15399584,15409808
object_oA3,18546688,18555184,15409808,15414336
object_oA4,18558976,18564912,15414336,15417088
object_oA5,18567168,18572976,15417088,15419776
object_oA6,18575360,18582016,15419776,15422816
object_oA7,18583552,18589008,15422816,15425360
object_jj,18591744,18639552,15425360,15453392
object_oA8,18640896,18646960,15453392,15456016
object_oA9,18649088,18650400,15456016,15456976
object_oB2,18653184,18669792,15456976,15465392
object_oB3,18673664,18691216,15465392,15474128
object_oB4,18694144,18700400,15474128,15477024
object_horse_zelda,18702336,18731360,15477024,15495744
object_opening_demo1,18735104,18755680,15495744,15514432
object_warp1,18759680,18771120,15514432,15522640
object_b_heart,18771968,18773568,15522640,15523824
object_dekunuts,18776064,18789984,15523824,15532144
object_oE3,18792448,18821408,15532144,15545616
object_oE4,18825216,18845648,15545616,15555264
object_menkuri_objects,18845696,18881296,15555264,15580000
object_oE5,18882560,18904512,15580000,15590816
object_oE6,18907136,18918992,15590816,15597072
object_oE7,18919424,18930272,15597072,15603616
object_oE8,18931712,18944976,15603616,15610432
object_oE9,18948096,18960144,15610432,15615664
object_oE10,18960384,18971088,15615664,15621536
object_oE11,18972672,18985456,15621536,15627376
object_oE12,18989056,19003328,15627376,15634576
object_vali,19005440,19023952,15634576,15644256
object_oA10,19025920,19037872,15644256,15649904
object_oA11,19038208,19043776,15649904,15652736
object_mizu_objects,19046400,19092256,15652736,15680128
object_fhg,19095552,19169760,15680128,15727424
object_ossan,19173376,19213136,15727424,15744512
object_mori_hineri1,19214336,19236080,15744512,15752752
object_Bb,19238912,19245632,15752752,15756608
object_toki_objects,19247104,19280976,15756608,15773424
object_yukabyun,19283968,19289328,15773424,15776128
object_zl2,19292160,19361152,15776128,15807632
object_mjin,19361792,19366544,15807632,15810240
object_mjin_flash,19369984,19374080,15810240,15812848
object_mjin_dark,19374080,19378176,15812848,15816112
object_mjin_flame,19378176,19382272,15816112,15818944
object_mjin_ice,19382272,19386368,15818944,15822272
object_mjin_soul,19386368,19390464,15822272,15825568
object_mjin_wind,19390464,19394560,15825568,15828832
object_mjin_oka,19394560,19401568,15828832,15834032
object_haka_objects,19402752,19523248,15834032,15895280
object_spot06_objects,19525632,19537312,15895280,15903552
object_ice_objects,19537920,19574096,15903552,15929248
object_relay_objects,19574784,19588656,15929248,15938896
object_mori_hineri1a,19591168,19604672,15938896,15943824
object_mori_hineri2,19607552,19624960,15943824,15950432
object_mori_hineri2a,19628032,19652784,15950432,15960000
object_mori_objects,19656704,19692048,15960000,15976928
object_mori_tex,19693568,19734016,15976928,16000976
object_spot08_obj,19734528,19756544,16000976,16014608
object_warp2,19759104,19759120,16014608,16014640
object_hata,19763200,19775456,16014640,16020624
object_bird,19775488,19784096,16020624,16026496
object_wood02,19787776,19822544,16026496,16046608
object_lightbox,19824640,19832640,16046608,16048992
object_pu_box,19832832,19838464,16048992,16051600
object_trap,19841024,19850208,16051600,16058624
object_vase,19853312,19858832,16058624,16062880
object_im,19861504,19935792,16062880,16098976
object_ta,19939328,19997680,16098976,16131808
object_tk,20000768,20049488,16131808,16161536
object_xc,20049920,20164864,16161536,16241296
object_vm,20168704,20184944,16241296,16249632
object_bv,20185088,20312496,16249632,16311632
object_hakach_objects,20316160,20343536,16311632,16331120
object_efc_crystal_light,20344832,20347552,16331120,16333776
object_efc_fire_ball,20348928,20352256,16333776,16336960
object_efc_flash,20353024,20353040,16336960,16336992
object_efc_lgt_shower,20357120,20361936,16336992,16340704
object_efc_star_field,20365312,20371408,16340704,16344880
object_god_lgt,20373504,20390736,16344880,16356336
object_light_ring,20393984,20398720,16356336,16357744
object_triforce_spot,20402176,20412688,16357744,16364752
object_medal,20414464,20435264,16364752,16371984
object_bdan_objects,20439040,20491536,16371984,16404352
object_sd,20492288,20543200,16404352,16430512
object_rd,20545536,20606960,16430512,16467536
object_po_sisters,20606976,20665280,16467536,16500512
object_heavy_object,20668416,20675296,16500512,16503872
object_gndd,20676608,20748800,16503872,16541792
object_fd,20750336,20821616,16541792,16580992
object_du,20824064,20897840,16580992,16627280
object_fw,20901888,20934112,16627280,16648832
object_horse_link_child,20934656,20970272,16648832,16673232
object_spot02_objects,20971520,21063200,16673232,16723264
object_haka,21065728,21070944,16723264,16727536
object_ru1,21073920,21154432,16727536,16786176
object_syokudai,21155840,21171344,16786176,16794992
object_fd2,21172224,21244560,16794992,16842064
object_dh,21245952,21283008,16842064,16870368
object_rl,21286912,21318480,16870368,16886144
object_efc_tw,21319680,21324528,16886144,16891168
object_demo_tre_lgt,21327872,21327888,16891168,16891200
object_gi_key,21331968,21334560,16891200,16892432
object_mir_ray,21336064,21343488,16892432,16894080
object_brob,21344256,21351072,16894080,16897600
object_gi_jewel,21352448,21366400,16897600,16906032
object_spot09_obj,21368832,21469328,16906032,16965248
object_spot18_obj,21471232,21522960,16965248,16995248
object_bdoor,21524480,21554624,16995248,17012512
object_spot17_obj,21557248,21563440,17012512,17017408
object_shop_dungen,21565440,21580320,17017408,17026352
object_nb,21581824,21680608,17026352,17091776
object_mo,21684224,21721200,17091776,17111392
object_sb,21725184,21736608,17111392,17116992
object_gi_melody,21737472,21740832,17116992,17118480
object_gi_heart,21741568,21742064,17118480,17118880
object_gi_compass,21745664,21749008,17118880,17120560
object_gi_bosskey,21749760,21753872,17120560,17122432
object_gi_medal,21757952,21779312,17122432,17128736
object_gi_nuts,21782528,21787072,17128736,17131680
object_sa,21790720,21877296,17131680,17191040
object_gi_hearts,21880832,21886896,17191040,17193440
object_gi_arrowcase,21889024,21892272,17193440,17195120
object_gi_bombpouch,21893120,21896800,17195120,17196816
object_in,21897216,21998672,17196816,17253472
object_tr,21999616,22076976,17253472,17301344
object_spot16_obj,22077440,22082816,17301344,17305568
object_oE1s,22085632,22111584,17305568,17318336
object_oE4s,22114304,22134272,17318336,17327888
object_os_anime,22134784,22177344,17327888,17363072
object_gi_bottle,22179840,22182128,17363072,17364368
object_gi_stick,22183936,22185664,17364368,17365680
object_gi_map,22188032,22192480,17365680,17369008
object_oF1d_map,22196224,22263200,17369008,17408832
object_ru2,22265856,22329552,17408832,17442864
object_gi_shield_1,22331392,22334800,17442864,17445648
object_dekujr,22335488,22349072,17445648,17452800
object_gi_magicpot,22351872,22356432,17452800,17454944
object_gi_bomb_1,22360064,22363312,17454944,17456496
object_oF1s,22364160,22399136,17456496,17473504
object_ma2,22401024,22441712,17473504,17496432
object_gi_purse,22441984,22449008,17496432,17502816
object_hni,22450176,22495088,17502816,17538320
object_tw,22495232,22736816,17538320,17690064
object_rr,22736896,22740480,17690064,17692544
object_bxa,22740992,22752240,17692544,17700288
object_anubice,22753280,22768032,17700288,17708976
object_gi_gerudo,22769664,22774592,17708976,17712144
object_gi_arrow,22777856,22784784,17712144,17714848
object_gi_bomb_2,22786048,22787744,17714848,17716048
object_gi_egg,22790144,22795040,17716048,17718560
object_gi_scale,22798336,22801904,17718560,17720448
object_gi_shield_2,22802432,22806640,17720448,17722864
object_gi_hookshot,22810624,22816096,17722864,17725712
object_gi_ocarina,22818816,22821808,17725712,17727552
object_gi_milk,22822912,22828144,17727552,17729968
object_ma1,22831104,22867328,17729968,17748160
object_ganon,22867968,22938880,17748160,17779664
object_sst,22941696,23051184,17779664,17821632
object_ny,23052288,23060848,17821632,17825504
object_fr,23064576,23110832,17825504,17843392
object_gi_pachinko,23113728,23116896,17843392,17845248
object_gi_boomerang,23117824,23121312,17845248,17847280
object_gi_bow,23121920,23125296,17847280,17849424
object_gi_glasses,23126016,23130496,17849424,17851488
object_gi_liquid,23134208,23140560,17851488,17854192
object_ani,23142400,23172864,17854192,17869968
object_demo_6k,23175168,23190432,17869968,17879728
object_gi_shield_3,23191552,23196352,17879728,17881584
object_gi_letter,23199744,23203328,17881584,17883920
object_spot15_obj,23203840,23211264,17883920,17887856
object_jya_obj,23212032,23327040,17887856,17943120
object_gi_clothes,23330816,23337056,17943120,17946784
object_gi_bean,23339008,23341248,17946784,17948288
object_gi_fish,23343104,23345488,17948288,17949760
object_gi_saw,23347200,23350144,17949760,17951536
object_gi_hammer,23351296,23354560,17951536,17953248
object_gi_grass,23355392,23358480,17953248,17955248
object_gi_longsword,23359488,23361728,17955248,17956688
object_spot01_objects,23363584,23372944,17956688,17963568
object_md,23375872,23417168,17963568,17986848
object_km1,23420928,23443904,17986848,17996992
object_kw1,23445504,23472352,17996992,18008560
object_zo,23474176,23523392,18008560,18033088
object_kz,23527424,23561952,18033088,18047904
object_umajump,23564288,23569520,18047904,18050864
object_masterkokiri,23572480,23573696,18050864,18052000
object_masterkokirihead,23576576,23588000,18052000,18057248
object_mastergolon,23588864,23589136,18057248,18057472
object_masterzoora,23592960,23594912,18057472,18059568
object_aob,23597056,23619248,18059568,18067920
object_ik,23621632,23754192,18067920,18161920
object_ahg,23756800,23779760,18161920,18173248
object_cne,23781376,23792080,18173248,18177872
object_gi_niwatori,23793664,23800304,18177872,18182048
object_skj,23801856,23838256,18182048,18207536
object_gi_bottle_letter,23838720,23841920,18207536,18209520
object_bji,23842816,23859600,18209520,18217152
object_bba,23863296,23880336,18217152,18224528
object_gi_ocarina_0,23883776,23886864,18224528,18226544
object_ds,23887872,23906176,18226544,18237280
object_ane,23908352,23936944,18237280,18249072
object_boj,23937024,23960768,18249072,18260864
object_spot03_object,23961600,23967328,18260864,18264272
object_spot07_object,23969792,23997744,18264272,18283296
object_fz,23998464,24011984,18283296,18287920
object_bob,24014848,24035104,18287920,18295488
object_ge1,24035328,24077488,18295488,18314544
object_yabusame_point,24080384,24084048,18314544,18316016
object_gi_boots_2,24084480,24091584,18316016,18319728
object_gi_seed,24092672,24095424,18319728,18321584
object_gnd_magic,24096768,24101504,18321584,18325904
object_d_elevator,24104960,24109968,18325904,18330832
object_d_hsblock,24113152,24119136,18330832,18335616
object_d_lift,24121344,24127488,18335616,18341536
object_mamenoki,24129536,24139488,18341536,18349680
object_goroiwa,24141824,24148128,18349680,18353088
object_toryo,24150016,24179040,18353088,18367008
object_daiku,24182784,24217712,18367008,18386672
object_nwc,24219648,24223136,18386672,18389408
object_blkobj,24223744,24303760,18389408,18437152
object_gm,24305664,24306384,18437152,18437744
object_ms,24309760,24325584,18437744,18446096
object_hs,24326144,24351344,18446096,18459264
object_ingate,24354816,24359408,18459264,18461216
object_lightswitch,24363008,24372256,18461216,18466480
object_kusa,24375296,24376192,18466480,18467072
object_tsubo,24379392,24386032,18467072,18472752
object_gi_gloves,24387584,24394080,18472752,18475856
object_gi_coin,24395776,24397904,18475856,18477008
object_kanban,24399872,24405936,18477008,18478688
object_gjyo_objects,24408064,24413680,18478688,18481968
object_owl,24416256,24481984,18481968,18512288
object_mk,24485888,24509952,18512288,18523936
object_fu,24510464,24538272,18523936,18538384
object_gi_ki_tan_mask,24539136,24542704,18538384,18540384
object_gi_redead_mask,24543232,24545936,18540384,18541728
object_gi_skj_mask,24547328,24550624,18541728,18543680
object_gi_rabit_mask,24551424,24555264,18543680,18545712
object_gi_truth_mask,24555520,24561760,18545712,18548880
object_ganon_objects,24563712,24568176,18548880,18551248
object_siofuki,24571904,24575408,18551248,18552976
object_stream,24576000,24578688,18552976,18554432
object_mm,24580096,24612976,18554432,18572560
object_fa,24616960,24632208,18572560,18578640
object_os,24633344,24651376,18578640,18588784
object_gi_eye_lotion,24653824,24656240,18588784,18590128
object_gi_powder,24657920,24660864,18590128,18591872
object_gi_mushroom,24662016,24665296,18591872,18593472
object_gi_ticketstone,24666112,24670880,18593472,18596416
object_gi_brokensword,24674304,24676752,18596416,18597792
object_js,24678400,24702768,18597792,18610384
object_cs,24702976,24737104,18610384,18626992
object_gi_prescription,24739840,24742944,18626992,18628368
object_gi_bracelet,24743936,24746992,18628368,18629872
object_gi_soldout,24748032,24749264,18629872,18630528
object_gi_frog,24752128,24756496,18630528,18632960
object_mag,24760320,24888384,18632960,18676256
object_door_gerudo,24891392,24893856,18676256,18677408
object_gt,24895488,24974832,18677408,18724928
object_efc_erupc,24977408,24987888,18724928,18730992
object_zl2_anime1,24989696,25036304,18730992,18766336
object_zl2_anime2,25038848,25082592,18766336,18803408
object_gi_golonmask,25083904,25089968,18803408,18807360
object_gi_zoramask,25092096,25097776,18807360,18810720
object_gi_gerudomask,25100288,25105408,18810720,18814400
object_ganon2,25108480,25328624,18814400,18975408
object_ka,25329664,25356224,18975408,18985200
object_ts,25358336,25378800,18985200,18995008
object_zg,25378816,25383424,18995008,18995728
object_gi_hoverboots,25387008,25394800,18995728,19000128
object_gi_m_arrow,25395200,25398912,19000128,19001856
object_ds2,25399296,25416304,19001856,19010368
object_ec,25419776,25471280,19010368,19054992
object_fish,25473024,25560560,19054992,19099792
object_gi_sutaru,25563136,25564752,19099792,19100704
object_gi_goddess,25567232,25570384,19100704,19102112
object_ssh,25571328,25594880,19102112,19114624
object_bigokuta,25595904,25623504,19114624,19130112
object_bg,25624576,25653952,19130112,19145296
object_spot05_objects,25657344,25662192,19145296,19148800
object_spot12_obj,25665536,25674688,19148800,19153664
object_bombiwa,25677824,25680640,19153664,19156384
object_hintnuts,25681920,25694528,19156384,19165104
object_rs,25698304,25716864,19165104,19174640
object_spot00_break,25718784,25726496,19174640,19180272
object_gla,25726976,25767664,19180272,19204928
object_shopnuts,25767936,25785744,19204928,19216320
object_geldb,25788416,25835248,19216320,19245536
object_gr,25837568,25877648,19245536,19258480
object_dog,25878528,25907872,19258480,19273344
object_jya_iron,25911296,25921120,19273344,19277168
object_jya_door,25923584,25932416,19277168,19280864
object_spot01_objects2,25935872,25935888,19280864,19280896
object_spot11_obj,25939968,25946768,19280896,19286096
object_kibako2,25948160,25952448,19286096,19289760
object_dns,25956352,25970640,19289760,19299136
object_dnk,25972736,25984560,19299136,19306544
object_gi_fire,25985024,25989088,19306544,19309072
object_gi_insect,25989120,25992176,19309072,19310928
object_gi_butterfly,25993216,25996240,19310928,19312768
object_gi_ghost,25997312,26000816,19312768,19315216
object_gi_soul,26001408,26005424,19315216,19317296
object_bowl,26005504,26019056,19317296,19322656
object_po_field,26021888,26049088,19322656,19339408
object_demo_kekkai,26050560,26111248,19339408,19374976
object_efc_doughnut,26112000,26116176,19374976,19377232
object_gi_dekupouch,26120192,26124368,19377232,19379872
object_ganon_anime1,26128384,26176576,19379872,19428416
object_ganon_anime2,26177536,26244400,19428416,19484304
object_ganon_anime3,26247168,26331120,19484304,19554784
object_gi_rupy,26333184,26335232,19554784,19555840
object_spot01_matoya,26337280,26352784,19555840,19567088
object_spot01_matoyab,26353664,26362336,19567088,19572512
object_po_composer,26365952,26394528,19572512,19589600
object_mu,26394624,26439248,19589600,19612928
object_wf,26439680,26481920,19612928,19637776
object_skb,26484736,26503184,19637776,19651200
object_gj,26505216,26548000,19651200,19684608
object_geff,26550272,26554288,19684608,19688000
object_haka_door,26554368,26569072,19688000,19694672
object_gs,26570752,26573440,19694672,19697472
object_ps,26574848,26626304,19697472,19723104
object_bwall,26628096,26632528,19723104,19726144
object_crow,26636288,26640592,19726144,19728112
object_cow,26644480,26664624,19728112,19738704
object_cob,26664960,26673680,19738704,19742032
object_gi_sword_1,26677248,26680608,19742032,19743872
object_door_killer,26681344,26688480,19743872,19745792
object_ouke_haka,26689536,26691952,19745792,19748176
object_timeblock,26693632,26696544,19748176,19750880
object_zl4,26697728,26816032,19750880,19829920
g_pn_01,26816512,26826880,19829920,19833488
g_pn_02,26828800,26839168,19833488,19837392
g_pn_03,26841088,26851456,19837392,19840336
g_pn_04,26853376,26863744,19840336,19843696
g_pn_05,26865664,26876032,19843696,19847232
g_pn_06,26877952,26888320,19847232,19850688
g_pn_07,26890240,26900608,19850688,19855072
g_pn_08,26902528,26912896,19855072,19859168
g_pn_09,26914816,26925184,19859168,19862816
g_pn_10,26927104,26937472,19862816,19865840
g_pn_11,26939392,26949760,19865840,19869856
g_pn_12,26951680,26962048,19869856,19873360
g_pn_13,26963968,26974336,19873360,19877504
g_pn_14,26976256,26986624,19877504,19881856
g_pn_15,26988544,26998912,19881856,19885408
g_pn_16,27000832,27011200,19885408,19888960
g_pn_17,27013120,27023488,19888960,19892032
g_pn_18,27025408,27035776,19892032,19894800
g_pn_19,27037696,27048064,19894800,19898112
g_pn_20,27049984,27060352,19898112,19901472
g_pn_21,27062272,27072640,19901472,19904384
g_pn_22,27074560,27084928,19904384,19908192
g_pn_23,27086848,27097216,19908192,19909520
g_pn_24,27099136,27109504,19909520,19912704
g_pn_25,27111424,27121792,19912704,19917120
g_pn_26,27123712,27134080,19917120,19921088
g_pn_27,27136000,27146368,19921088,19924720
g_pn_28,27148288,27158656,19924720,19928304
g_pn_29,27160576,27170944,19928304,19930912
g_pn_30,27172864,27183232,19930912,19933904
g_pn_31,27185152,27195520,19933904,19937184
g_pn_32,27197440,27207808,19937184,19939840
g_pn_33,27209728,27220096,19939840,19943104
g_pn_34,27222016,27232384,19943104,19946512
g_pn_35,27234304,27244672,19946512,19949616
g_pn_36,27246592,27256960,19949616,19953056
g_pn_37,27258880,27269248,19953056,19957008
g_pn_38,27271168,27281536,19957008,19960832
g_pn_39,27283456,27293824,19960832,19964608
g_pn_40,27295744,27306112,19964608,19968464
g_pn_41,27308032,27318400,19968464,19971200
g_pn_42,27320320,27330688,19971200,19974080
g_pn_43,27332608,27342976,19974080,19977984
g_pn_44,27344896,27355264,19977984,19981680
g_pn_45,27357184,27367552,19981680,19985200
g_pn_46,27369472,27379840,19985200,19987680
g_pn_47,27381760,27392128,19987680,19991840
g_pn_48,27394048,27404416,19991840,19993728
g_pn_49,27406336,27416704,19993728,19997760
g_pn_50,27418624,27428992,19997760,20001840
g_pn_51,27430912,27441280,20001840,20005712
g_pn_52,27443200,27453568,20005712,20009632
g_pn_53,27455488,27465856,20009632,20013696
g_pn_54,27467776,27478144,20013696,20016800
g_pn_55,27480064,27490432,20016800,20020768
g_pn_56,27492352,27502720,20020768,20024768
g_pn_57,27504640,27515008,20024768,20025168
z_select_static,27516928,27525632,20025168,20027200
nintendo_rogo_static,27529216,27540928,20027200,20033200
title_static,27541504,27857600,20033200,20190128
parameter_static,27860992,27876096,20190128,20194416
vr_fine0_static,27877376,27926528,20194416,20205312
vr_fine0_pal_static,27926528,27926784,20205312,0
vr_fine1_static,27930624,27979776,20205568,20230576
vr_fine1_pal_static,27979776,27980032,20230576,0
vr_fine2_static,27983872,28033024,20230832,20251232
vr_fine2_pal_static,28033024,28033280,20251232,0
vr_fine3_static,28037120,28086272,20251488,20267088
vr_fine3_pal_static,28086272,28086528,20267088,0
vr_cloud0_static,28090368,28139520,20267344,20294960
vr_cloud0_pal_static,28139520,28139776,20294960,0
vr_cloud1_static,28143616,28192768,20295216,20323696
vr_cloud1_pal_static,28192768,28193024,20323696,0
vr_cloud2_static,28196864,28246016,20323952,20353456
vr_cloud2_pal_static,28246016,28246272,20353456,0
vr_cloud3_static,28250112,28299264,20353712,20373824
vr_cloud3_pal_static,28299264,28299520,20373824,0
vr_holy0_static,28303360,28368896,20374080,20400976
vr_holy0_pal_static,28368896,28369152,20400976,0
vr_holy1_static,28372992,28438528,20401232,20428048
vr_holy1_pal_static,28438528,28438784,20428048,0
vr_MDVR_static,28442624,28704768,20428304,20611664
vr_MDVR_pal_static,28704768,28706816,20611664,0
vr_MNVR_static,28708864,28971008,20613712,20769632
vr_MNVR_pal_static,28971008,28973056,20769632,0
vr_RUVR_static,28975104,29237248,20771680,20990912
vr_RUVR_pal_static,29237248,29239296,20990912,0
vr_LHVR_static,29241344,29503488,20992960,21242912
vr_LHVR_pal_static,29503488,29505536,21242912,0
vr_KHVR_static,29507584,29769728,21244960,21482176
vr_KHVR_pal_static,29769728,29771776,21482176,0
vr_K3VR_static,29773824,29970432,21484224,21659136
vr_K3VR_pal_static,29970432,29971968,21659136,0
vr_K4VR_static,29974528,30171136,21660672,21843840
vr_K4VR_pal_static,30171136,30172672,21843840,0
vr_K5VR_static,30175232,30371840,21845376,22020208
vr_K5VR_pal_static,30371840,30373376,22020208,0
vr_SP1a_static,30375936,30507008,22021744,22081872
vr_SP1a_pal_static,30507008,30508032,22081872,0
vr_MLVR_static,30511104,30773248,22082896,22316448
vr_MLVR_pal_static,30773248,30775296,22316448,0
vr_KKRVR_static,30777344,31039488,22318496,22462640
vr_KKRVR_pal_static,31039488,31041536,22462640,0
vr_KR3VR_static,31043584,31240192,22464688,22577408
vr_KR3VR_pal_static,31240192,31241728,22577408,0
vr_IPVR_static,31244288,31506432,22578944,22720416
vr_IPVR_pal_static,31506432,31508480,22720416,0
vr_KSVR_static,31510528,31641600,22722464,22821040
vr_KSVR_pal_static,31641600,31642624,22821040,0
vr_GLVR_static,31645696,31776768,22822064,22937456
vr_GLVR_pal_static,31776768,31777792,22937456,0
vr_ZRVR_static,31780864,31911936,22938480,23036288
vr_ZRVR_pal_static,31911936,31912960,23036288,0
vr_DGVR_static,31916032,32047104,23037312,23120992
vr_DGVR_pal_static,32047104,32048128,23120992,0
vr_ALVR_static,32051200,32182272,23122016,23220720
vr_ALVR_pal_static,32182272,32183296,23220720,0
vr_NSVR_static,32186368,32317440,23221744,23309568
vr_NSVR_pal_static,32317440,32318464,23309568,0
vr_LBVR_static,32321536,32583680,23310592,23489296
vr_LBVR_pal_static,32583680,32585728,23489296,0
vr_TTVR_static,32587776,32784384,23491344,23625856
vr_TTVR_pal_static,32784384,32785920,23625856,0
vr_FCVR_static,32788480,32919552,23627392,23702416
vr_FCVR_pal_static,32919552,32920576,23702416,0
elf_message_field,32923648,32923760,23703440,23703584
elf_message_ydan,32927744,32927760,23703584,23703616
ddan_scene,32931840,33018176,23703616,23754704
ddan_room_0,33021952,33134752,23754704,23809120
ddan_room_1,33136640,33176320,23809120,23830848
ddan_room_2,33177600,33209760,23830848,23849136
ddan_room_3,33210368,33267136,23849136,23879136
ddan_room_4,33267712,33306704,23879136,23898768
ddan_room_5,33308672,33332960,23898768,23912144
ddan_room_6,33333248,33342464,23912144,23918320
ddan_room_7,33345536,33375952,23918320,23933344
ddan_room_8,33378304,33416192,23933344,23957232
ddan_room_9,33419264,33465680,23957232,23982864
ddan_room_10,33468416,33500752,23982864,24002672
ddan_room_11,33501184,33509504,24002672,24007984
ddan_room_12,33513472,33548080,24007984,24028592
ddan_room_13,33550336,33559680,24028592,24034848
ddan_room_14,33562624,33571984,24034848,24041056
ddan_room_15,33574912,33585232,24041056,24048128
ddan_room_16,33587200,33609040,24048128,24064080
spot00_scene,33611776,33784384,24064080,24171568
spot00_room_0,33787904,33874480,24171568,24208512
spot01_scene,33878016,33993072,24208512,24286240
spot01_room_0,33996800,34037472,24286240,24304400
spot02_scene,34037760,34086016,24304400,24334192
spot02_room_0,34086912,34096864,24334192,24337760
spot02_room_1,34099200,34221968,24337760,24412384
spot03_scene,34222080,34268512,24412384,24446272
spot03_room_0,34271232,34326912,24446272,24475616
spot03_room_1,34328576,34358528,24475616,24492912
spot04_scene,34361344,34431600,24492912,24538224
spot04_room_0,34435072,34546832,24538224,24602992
spot04_room_1,34549760,34583936,24602992,24623280
spot04_room_2,34586624,34607216,24623280,24635792
spot05_scene,34611200,34696560,24635792,24692144
spot05_room_0,34697216,34737920,24692144,24708496
spot06_scene,34738176,34849856,24708496,24786032
spot06_room_0,34852864,34895392,24786032,24806128
spot07_scene,34897920,34936880,24806128,24836032
spot07_room_0,34938880,34964208,24836032,24847056
spot07_room_1,34967552,35019168,24847056,24873552
spot08_scene,35020800,35092128,24873552,24927440
spot08_room_0,35094528,35127648,24927440,24943136
spot09_scene,35131392,35201424,24943136,24989408
spot09_room_0,35205120,35239872,24989408,25004832
spot10_scene,35241984,35308592,25004832,25048528
spot10_room_0,35311616,35321328,25048528,25052208
spot10_room_1,35323904,35357744,25052208,25070896
spot10_room_2,35360768,35380208,25070896,25080752
spot10_room_3,35381248,35404464,25080752,25093376
spot10_room_4,35405824,35415248,25093376,25096800
spot10_room_5,35418112,35446768,25096800,25110400
spot10_room_6,35446784,35461872,25110400,25119648
spot10_room_7,35463168,35472832,25119648,25123152
spot10_room_8,35475456,35485296,25123152,25126720
spot10_room_9,35487744,35503072,25126720,25135280
spot11_scene,35504128,35607792,25135280,25208176
spot11_room_0,35610624,35661760,25208176,25235328
spot12_scene,35663872,35729040,25235328,25276432
spot12_room_0,35729408,35800512,25276432,25314208
spot12_room_1,35803136,35852448,25314208,25341840
spot13_scene,35856384,35880496,25341840,25358272
spot13_room_0,35880960,35883280,25358272,25359616
spot13_room_1,35885056,35961408,25359616,25405584
spot15_scene,35962880,36062464,25405584,25473264
spot15_room_0,36065280,36118976,25473264,25496832
spot16_scene,36122624,36248256,25496832,25587616
spot16_room_0,36249600,36293904,25587616,25609808
spot17_scene,36294656,36359920,25609808,25654320
spot17_room_0,36360192,36386944,25654320,25668224
spot17_room_1,36388864,36463456,25668224,25704128
spot18_scene,36466688,36508624,25704128,25731184
spot18_room_0,36511744,36587472,25731184,25774096
spot18_room_1,36589568,36614656,25774096,25790096
spot18_room_2,36618240,36690352,25790096,25831536
spot18_room_3,36691968,36814064,25831536,25897264
market_day_scene,36814848,36824688,25897264,25902688
market_day_room_0,36827136,36849776,25902688,25908432
market_night_scene,36851712,36861488,25908432,25913744
market_night_room_0,36864000,36886432,25913744,25919344
HIDAN_scene,36888576,36997488,25919344,25982944
HIDAN_room_0,36999168,37028544,25982944,25996512
HIDAN_room_1,37031936,37083616,25996512,26021968
HIDAN_room_2,37085184,37150672,26021968,26050496
HIDAN_room_3,37150720,37160160,26050496,26055584
HIDAN_room_4,37163008,37193872,26055584,26070112
HIDAN_room_5,37195776,37237296,26070112,26086848
HIDAN_room_6,37240832,37269408,26086848,26101744
HIDAN_room_7,37269504,37284320,26101744,26109200
HIDAN_room_8,37285888,37325504,26109200,26129520
HIDAN_room_9,37326848,37361520,26129520,26144832
HIDAN_room_10,37363712,37463200,26144832,26185728
HIDAN_room_11,37466112,37480384,26185728,26192816
HIDAN_room_12,37482496,37493632,26192816,26197696
HIDAN_room_13,37494784,37546976,26197696,26217936
HIDAN_room_14,37548032,37556832,26217936,26222624
HIDAN_room_15,37560320,37564880,26222624,26225088
HIDAN_room_16,37568512,37615984,26225088,26249344
HIDAN_room_17,37617664,37654848,26249344,26265568
HIDAN_room_18,37658624,37673856,26265568,26273712
HIDAN_room_19,37675008,37691872,26273712,26282160
HIDAN_room_20,37695488,37723408,26282160,26296400
HIDAN_room_21,37724160,37758144,26296400,26314896
HIDAN_room_22,37761024,37788416,26314896,26328848
HIDAN_room_23,37789696,37817632,26328848,26343152
HIDAN_room_24,37818368,37840192,26343152,26353376
HIDAN_room_25,37842944,37870304,26353376,26367856
HIDAN_room_26,37871616,37898400,26367856,26379456
Bmori1_scene,37900288,37990288,26379456,26432272
Bmori1_room_0,37990400,38046656,26432272,26467296
Bmori1_room_1,38047744,38071136,26467296,26479152
Bmori1_room_2,38072320,38136368,26479152,26509712
Bmori1_room_3,38137856,38152720,26509712,26516880
Bmori1_room_4,38154240,38167216,26516880,26521824
Bmori1_room_5,38170624,38184416,26521824,26528848
Bmori1_room_6,38187008,38225088,26528848,26543952
Bmori1_room_7,38227968,38305792,26543952,26583232
Bmori1_room_8,38305792,38402928,26583232,26630704
Bmori1_room_9,38404096,38445456,26630704,26650400
Bmori1_room_10,38449152,38470624,26650400,26663968
Bmori1_room_11,38473728,38517712,26663968,26681680
Bmori1_room_12,38518784,38552544,26681680,26699520
Bmori1_room_13,38555648,38591152,26699520,26717648
Bmori1_room_14,38592512,38615984,26717648,26729552
Bmori1_room_15,38617088,38626960,26729552,26736032
Bmori1_room_16,38629376,38649760,26736032,26745568
Bmori1_room_17,38649856,38687056,26745568,26761264
Bmori1_room_18,38690816,38695744,26761264,26763936
Bmori1_room_19,38699008,38700304,26763936,26764752
Bmori1_room_20,38703104,38707968,26764752,26768256
Bmori1_room_21,38711296,38717312,26768256,26771392
Bmori1_room_22,38719488,38727136,26771392,26774800
ydan_scene,38727680,38783504,26774800,26808256
ydan_room_0,38785024,38871792,26808256,26861792
ydan_room_1,38875136,38891856,26861792,26875440
ydan_room_2,38895616,38919728,26875440,26892976
ydan_room_3,38920192,39002528,26892976,26948912
ydan_room_4,39006208,39025616,26948912,26963232
ydan_room_5,39026688,39060256,26963232,26986896
ydan_room_6,39063552,39083712,26986896,27002448
ydan_room_7,39084032,39119120,27002448,27031024
ydan_room_8,39120896,39124224,27031024,27033216
ydan_room_9,39124992,39164064,27033216,27064656
ydan_room_10,39165952,39185792,27064656,27078192
ydan_room_11,39186432,39215472,27078192,27095840
kenjyanoma_scene,39219200,39233776,27095840,27101728
kenjyanoma_room_0,39235584,39313680,27101728,27140736
tokinoma_scene,39317504,39393216,27140736,27173344
tokinoma_room_0,39395328,39490016,27173344,27205472
tokinoma_room_1,39493632,39522512,27205472,27217008
link_home_scene,39526400,39533408,27217008,27220192
link_home_room_0,39534592,39697536,27220192,27250400
kokiri_shop_scene,39698432,39700864,27250400,27251872
kokiri_shop_room_0,39702528,39902352,27251872,27283632
MIZUsin_scene,39903232,39992560,27283632,27332016
MIZUsin_room_0,39993344,40082560,27332016,27377216
MIZUsin_room_1,40083456,40124768,27377216,27397312
MIZUsin_room_2,40128512,40151952,27397312,27410800
MIZUsin_room_3,40153088,40179472,27410800,27425120
MIZUsin_room_4,40181760,40206304,27425120,27439440
MIZUsin_room_5,40206336,40248816,27439440,27465232
MIZUsin_room_6,40251392,40297152,27465232,27491328
MIZUsin_room_7,40300544,40322384,27491328,27503600
MIZUsin_room_8,40325120,40381648,27503600,27537168
MIZUsin_room_9,40382464,40415200,27537168,27555264
MIZUsin_room_10,40415232,40439728,27555264,27567904
MIZUsin_room_11,40439808,40458672,27567904,27578624
MIZUsin_room_12,40460288,40488336,27578624,27592816
MIZUsin_room_13,40488960,40491520,27592816,27594240
MIZUsin_room_14,40493056,40521312,27594240,27609184
MIZUsin_room_15,40521728,40551472,27609184,27626704
MIZUsin_room_16,40554496,40569552,27626704,27636352
MIZUsin_room_17,40570880,40606240,27636352,27653728
MIZUsin_room_18,40607744,40624320,27653728,27663808
MIZUsin_room_19,40628224,40642864,27663808,27673600
MIZUsin_room_20,40644608,40671040,27673600,27689344
MIZUsin_room_21,40673280,40703136,27689344,27705728
MIZUsin_room_22,40706048,40743152,27705728,27725264
kokiri_home_scene,40747008,40750272,27725264,27727168
kokiri_home_room_0,40751104,40930352,27727168,27761824
kakusiana_scene,40931328,40986656,27761824,27802976
kakusiana_room_0,40988672,41018016,27802976,27821440
kakusiana_room_1,41021440,41042320,27821440,27835984
kakusiana_room_2,41046016,41056448,27835984,27842640
kakusiana_room_3,41058304,41079088,27842640,27857200
kakusiana_room_4,41082880,41113952,27857200,27879648
kakusiana_room_5,41115648,41133792,27879648,27894688
kakusiana_room_6,41136128,41159280,27894688,27908928
kakusiana_room_7,41160704,41177040,27908928,27920592
kakusiana_room_8,41177088,41190960,27920592,27928576
kakusiana_room_9,41193472,41216720,27928576,27942864
kakusiana_room_10,41218048,41241136,27942864,27962400
kakusiana_room_11,41242624,41277104,27962400,27983744
kakusiana_room_12,41279488,41311824,27983744,28004096
kakusiana_room_13,41312256,41340624,28004096,28025168
entra_scene,41340928,41341920,28025168,28025792
entra_room_0,41345024,41499504,28025792,28055872
bdan_scene,41500672,41588672,28055872,28112512
bdan_room_0,41590784,41607280,28112512,28121376
bdan_room_1,41611264,41635472,28121376,28130944
bdan_room_2,41635840,41673168,28130944,28152224
bdan_room_3,41676800,41705824,28152224,28171056
bdan_room_4,41709568,41726032,28171056,28179072
bdan_room_5,41730048,41754656,28179072,28194704
bdan_room_6,41758720,41775680,28194704,28201984
bdan_room_7,41779200,41792800,28201984,28209360
bdan_room_8,41795584,41810048,28209360,28214368
bdan_room_9,41811968,41827440,28214368,28220480
bdan_room_10,41828352,41842736,28220480,28225424
bdan_room_11,41844736,41859072,28225424,28230400
bdan_room_12,41861120,41876688,28230400,28236592
bdan_room_13,41877504,41888592,28236592,28244992
bdan_room_14,41889792,41914848,28244992,28259584
bdan_room_15,41918464,41928416,28259584,28263280
HAKAdan_scene,41930752,42030016,28263280,28321616
HAKAdan_room_0,42033152,42078400,28321616,28336912
HAKAdan_room_1,42082304,42089152,28336912,28340592
HAKAdan_room_2,42090496,42133776,28340592,28362928
HAKAdan_room_3,42135552,42146112,28362928,28369632
HAKAdan_room_4,42147840,42155072,28369632,28373440
HAKAdan_room_5,42156032,42179168,28373440,28385136
HAKAdan_room_6,42180608,42210672,28385136,28398976
HAKAdan_room_7,42213376,42220208,28398976,28402624
HAKAdan_room_8,42221568,42242144,28402624,28412496
HAKAdan_room_9,42246144,42298208,28412496,28437328
HAKAdan_room_10,42299392,42330016,28437328,28452656
HAKAdan_room_11,42332160,42347840,28452656,28461920
HAKAdan_room_12,42348544,42370848,28461920,28473248
HAKAdan_room_13,42373120,42377136,28473248,28476144
HAKAdan_room_14,42377216,42400064,28476144,28487968
HAKAdan_room_15,42401792,42431088,28487968,28500416
HAKAdan_room_16,42434560,42444928,28500416,28505888
HAKAdan_room_17,42446848,42458320,28505888,28512384
HAKAdan_room_18,42459136,42513024,28512384,28531264
HAKAdan_room_19,42516480,42528032,28531264,28538128
HAKAdan_room_20,42528768,42536480,28538128,28542176
HAKAdan_room_21,42536960,42583216,28542176,28566208
HAKAdan_room_22,42586112,42596768,28566208,28573056
moribossroom_scene,42598400,42604800,28573056,28578224
moribossroom_room_0,42606592,42630848,28578224,28593184
moribossroom_room_1,42631168,42687152,28593184,28621280
syatekijyou_scene,42688512,42738368,28621280,28651248
syatekijyou_room_0,42741760,42772208,28651248,28661120
men_scene,42774528,42845488,28661120,28707616
men_room_0,42848256,42913680,28707616,28744928
men_room_1,42913792,42951312,28744928,28767216
men_room_2,42954752,42975104,28767216,28777760
men_room_3,42975232,43007008,28777760,28797360
men_room_4,43008000,43049296,28797360,28824720
men_room_5,43053056,43073760,28824720,28838896
men_room_6,43077632,43110208,28838896,28859232
men_room_7,43110400,43143984,28859232,28881040
men_room_8,43147264,43180560,28881040,28894944
men_room_9,43184128,43198704,28894944,28903440
men_room_10,43200512,43224160,28903440,28919008
shop1_scene,43225088,43225840,28919008,28919472
shop1_room_0,43229184,43399088,28919472,28941840
hairal_niwa_scene,43401216,43471760,28941840,28986784
hairal_niwa_room_0,43474944,43518176,28986784,29003120
ganon_tou_scene,43520000,43539312,29003120,29017152
ganon_tou_room_0,43540480,43621104,29017152,29066832
market_alley_scene,43622400,43627088,29066832,29069264
market_alley_room_0,43630592,44111616,29069264,29138752
spot20_scene,44113920,44187168,29138752,29183712
spot20_room_0,44187648,44213968,29183712,29194000
market_ruins_scene,44216320,44222000,29194000,29197152
market_ruins_room_0,44224512,44234784,29197152,29199664
entra_n_scene,44236800,44237872,29199664,29200320
entra_n_room_0,44240896,44395376,29200320,29220832
enrui_scene,44396544,44397536,29220832,29221456
enrui_room_0,44400640,44555104,29221456,29247536
market_alley_n_scene,44556288,44561136,29247536,29250080
market_alley_n_room_0,44564480,45045488,29250080,29302336
hiral_demo_scene,45047808,45063520,29302336,29308304
hiral_demo_room_0,45064192,45065792,29308304,29308752
kokiri_home3_scene,45068288,45074336,29308752,29312144
kokiri_home3_room_0,45076480,45299216,29312144,29356672
jyasinzou_scene,45301760,45407040,29356672,29421440
jyasinzou_room_0,45408256,45477696,29421440,29456752
jyasinzou_room_1,45477888,45515520,29456752,29475280
jyasinzou_room_2,45518848,45542416,29475280,29485936
jyasinzou_room_3,45543424,45558608,29485936,29495248
jyasinzou_room_4,45559808,45589104,29495248,29512320
jyasinzou_room_5,45592576,45690688,29512320,29561856
jyasinzou_room_6,45690880,45709312,29561856,29570016
jyasinzou_room_7,45711360,45733136,29570016,29579888
jyasinzou_room_8,45735936,45768816,29579888,29595648
jyasinzou_room_9,45772800,45796848,29595648,29606400
jyasinzou_room_10,45797376,45830560,29606400,29621680
jyasinzou_room_11,45834240,45838352,29621680,29624320
jyasinzou_room_12,45842432,45850720,29624320,29629456
jyasinzou_room_13,45854720,45877328,29629456,29643344
jyasinzou_room_14,45879296,45898896,29643344,29653056
jyasinzou_room_15,45899776,45933680,29653056,29668784
jyasinzou_room_16,45936640,45961616,29668784,29680272
jyasinzou_room_17,45965312,46003728,29680272,29696960
jyasinzou_room_18,46006272,46030000,29696960,29709024
jyasinzou_room_19,46030848,46054880,29709024,29719744
jyasinzou_room_20,46055424,46088640,29719744,29735024
jyasinzou_room_21,46092288,46110288,29735024,29744464
jyasinzou_room_22,46112768,46125264,29744464,29751632
jyasinzou_room_23,46129152,46166416,29751632,29770656
jyasinzou_room_24,46170112,46195888,29770656,29782480
jyasinzou_room_25,46198784,46287728,29782480,29828592
jyasinzou_room_26,46288896,46340896,29828592,29856656
jyasinzou_room_27,46342144,46364352,29856656,29864432
jyasinzou_room_28,46366720,46402080,29864432,29882192
ice_doukutu_scene,46403584,46474752,29882192,29939488
ice_doukutu_room_0,46477312,46511712,29939488,29966960
ice_doukutu_room_1,46514176,46564672,29966960,30003040
ice_doukutu_room_2,46567424,46590704,30003040,30021136
ice_doukutu_room_3,46592000,46624896,30021136,30043984
ice_doukutu_room_4,46628864,46659184,30043984,30066528
ice_doukutu_room_5,46661632,46696592,30066528,30090032
ice_doukutu_room_6,46698496,46715488,30090032,30102112
ice_doukutu_room_7,46718976,46741744,30102112,30115248
ice_doukutu_room_8,46743552,46750032,30115248,30118976
ice_doukutu_room_9,46751744,46786128,30118976,30140304
ice_doukutu_room_10,46788608,46805984,30140304,30154192
ice_doukutu_room_11,46809088,46831872,30154192,30169568
malon_stable_scene,46833664,46835312,30169568,30170496
malon_stable_room_0,46837760,47026768,30170496,30200848
kakariko_scene,47030272,47034016,30200848,30203072
kakariko_room_0,47034368,47210432,30203072,30225712
bdan_boss_scene,47210496,47214144,30225712,30228096
bdan_boss_room_0,47214592,47226912,30228096,30235712
bdan_boss_room_1,47230976,47251648,30235712,30246560
FIRE_bs_scene,47255552,47275008,30246560,30258976
FIRE_bs_room_0,47276032,47293040,30258976,30268624
FIRE_bs_room_1,47296512,47325152,30268624,30283776
hut_scene,47325184,47326480,30283776,30284544
hut_room_0,47329280,47498656,30284544,30305584
daiyousei_izumi_scene,47501312,47558656,30305584,30333344
daiyousei_izumi_room_0,47558656,47573264,30333344,30339264
hakaana_scene,47575040,47577744,30339264,30340848
hakaana_room_0,47579136,47610064,30340848,30358448
yousei_izumi_tate_scene,47611904,47646736,30358448,30382128
yousei_izumi_tate_room_0,47648768,47665872,30382128,30389168
yousei_izumi_yoko_scene,47669248,47721888,30389168,30413200
yousei_izumi_yoko_room_0,47722496,47738896,30413200,30420080
golon_scene,47742976,47743904,30420080,30420672
golon_room_0,47747072,47903184,30420672,30439488
zoora_scene,47906816,47907728,30439488,30440080
zoora_room_0,47910912,48067040,30440080,30461168
drag_scene,48070656,48071664,30461168,30461792
drag_room_0,48074752,48254560,30461792,30487280
alley_shop_scene,48254976,48256432,30487280,30488176
alley_shop_room_0,48259072,48417840,30488176,30507808
night_shop_scene,48418816,48420464,30507808,30508880
night_shop_room_0,48422912,48589152,30508880,30530480
impa_scene,48590848,48594192,30530480,30532352
impa_room_0,48594944,48754592,30532352,30550832
labo_scene,48754688,48758512,30550832,30552928
labo_room_0,48758784,48940784,30552928,30581328
tent_scene,48943104,48944768,30581328,30582320
tent_room_0,48947200,49157792,30582320,30619824
nakaniwa_scene,49160192,49175072,30619824,30626128
nakaniwa_room_0,49176576,49274560,30626128,30683936
ddan_boss_scene,49274880,49285216,30683936,30692864
ddan_boss_room_0,49287168,49307184,30692864,30702112
ddan_boss_room_1,49307648,49323488,30702112,30712544
ydan_boss_scene,49324032,49329984,30712544,30717472
ydan_boss_room_0,49332224,49360880,30717472,30741664
ydan_boss_room_1,49360896,49387504,30741664,30757456
HAKAdan_bs_scene,49389568,49399680,30757456,30764720
HAKAdan_bs_room_0,49401856,49412576,30764720,30769008
HAKAdan_bs_room_1,49414144,49438544,30769008,30783888
MIZUsin_bs_scene,49438720,49445472,30783888,30787536
MIZUsin_bs_room_0,49446912,49464432,30787536,30798944
MIZUsin_bs_room_1,49467392,49513200,30798944,30822560
ganon_scene,49516544,49584048,30822560,30863008
ganon_room_0,49586176,49618640,30863008,30876672
ganon_room_1,49618944,49649520,30876672,30887664
ganon_room_2,49651712,49682512,30887664,30900880
ganon_room_3,49684480,49714992,30900880,30912576
ganon_room_4,49717248,49754320,30912576,30930544
ganon_room_5,49758208,49793808,30930544,30946512
ganon_room_6,49795072,49834912,30946512,30964128
ganon_room_7,49836032,49878944,30964128,30982096
ganon_room_8,49881088,49908704,30982096,30994656
ganon_room_9,49909760,49932576,30994656,31009904
ganon_boss_scene,49934336,49966112,31009904,31034128
ganon_boss_room_0,49967104,49991296,31034128,31040128
jyasinboss_scene,49991680,50027760,31040128,31058448
jyasinboss_room_0,50028544,50032592,31058448,31060608
jyasinboss_room_1,50032640,50064960,31060608,31076864
jyasinboss_room_2,50065408,50081216,31076864,31083408
jyasinboss_room_3,50081792,50128640,31083408,31112656
kokiri_home4_scene,50130944,50137776,31112656,31116720
kokiri_home4_room_0,50139136,50370896,31116720,31168464
kokiri_home5_scene,50372608,50377744,31168464,31171472
kokiri_home5_room_0,50380800,50581344,31171472,31210112
ganon_final_scene,50581504,50655616,31210112,31263520
ganon_final_room_0,50659328,50712240,31263520,31284064
kakariko3_scene,50712576,50714688,31284064,31285296
kakariko3_room_0,50716672,50890112,31285296,31311936
hakasitarelay_scene,50892800,50950768,31311936,31349280
hakasitarelay_room_0,50954240,50983616,31349280,31367120
hakasitarelay_room_1,50987008,51013408,31367120,31382096
hakasitarelay_room_2,51015680,51049648,31382096,31400720
hakasitarelay_room_3,51052544,51088608,31400720,31423248
hakasitarelay_room_4,51089408,51106944,31423248,31436304
hakasitarelay_room_5,51109888,51127376,31436304,31448624
hakasitarelay_room_6,51130368,51161776,31448624,31468896
shrine_scene,51163136,51168480,31468896,31471792
shrine_room_0,51171328,51510000,31471792,31526992
turibori_scene,51511296,51586784,31526992,31579600
turibori_room_0,51589120,51615584,31579600,31591840
shrine_n_scene,51617792,51623168,31591840,31594752
shrine_n_room_0,51625984,51964688,31594752,31636768
shrine_r_scene,51965952,51971216,31636768,31639568
shrine_r_room_0,51974144,52312816,31639568,31682448
ganontika_scene,52314112,52451264,31682448,31766944
ganontika_room_0,52453376,52490688,31766944,31779824
ganontika_room_1,52494336,52611504,31779824,31832288
ganontika_room_2,52613120,52643808,31832288,31848128
ganontika_room_3,52645888,52685200,31848128,31868816
ganontika_room_4,52686848,52718736,31868816,31883920
ganontika_room_5,52719616,52749632,31883920,31898032
ganontika_room_6,52752384,52816880,31898032,31920416
ganontika_room_7,52817920,52849808,31920416,31936032
ganontika_room_8,52850688,52887664,31936032,31951424
ganontika_room_9,52891648,52938896,31951424,31966816
ganontika_room_10,52940800,52968304,31966816,31979216
ganontika_room_11,52969472,52996432,31979216,31991408
ganontika_room_12,52998144,53044080,31991408,32011360
ganontika_room_13,53047296,53079360,32011360,32027152
ganontika_room_14,53080064,53121440,32027152,32043696
ganontika_room_15,53125120,53157184,32043696,32059488
ganontika_room_16,53157888,53169696,32059488,32063984
ganontika_room_17,53170176,53204640,32063984,32076000
ganontika_room_18,53207040,53257840,32076000,32095152
ganontika_room_19,53260288,53292352,32095152,32110928
hakaana2_scene,53293056,53346448,32110928,32149776
hakaana2_room_0,53350400,53377040,32149776,32160624
gerudoway_scene,53379072,53434656,32160624,32192320
gerudoway_room_0,53436416,53456192,32192320,32202112
gerudoway_room_1,53456896,53486256,32202112,32216480
gerudoway_room_2,53489664,53505616,32216480,32222928
gerudoway_room_3,53506048,53551888,32222928,32244016
gerudoway_room_4,53555200,53569824,32244016,32250304
gerudoway_room_5,53571584,53591616,32250304,32258224
HAKAdanCH_scene,53592064,53642592,32258224,32289008
HAKAdanCH_room_0,53645312,53732848,32289008,32331440
HAKAdanCH_room_1,53735424,53781200,32331440,32350384
HAKAdanCH_room_2,53784576,53797264,32350384,32355616
HAKAdanCH_room_3,53800960,53808224,32355616,32359200
HAKAdanCH_room_4,53809152,53818448,32359200,32364912
HAKAdanCH_room_5,53821440,53832032,32364912,32371184
HAKAdanCH_room_6,53833728,53845632,32371184,32380160
hairal_niwa_n_scene,53846016,53883120,32380160,32405792
hairal_niwa_n_room_0,53886976,53900832,32405792,32410784
bowling_scene,53903360,53963552,32410784,32444848
bowling_room_0,53964800,53989856,32444848,32454896
hakaana_ouke_scene,53993472,54012640,32454896,32466496
hakaana_ouke_room_0,54013952,54056960,32466496,32485920
hakaana_ouke_room_1,54059008,54077440,32485920,32496096
hakaana_ouke_room_2,54079488,54104336,32496096,32512208
hylia_labo_scene,54108160,54177936,32512208,32551840
hylia_labo_room_0,54181888,54212048,32551840,32563264
souko_scene,54214656,54242320,32563264,32579120
souko_room_0,54243328,54281536,32579120,32599856
souko_room_1,54284288,54326320,32599856,32621632
souko_room_2,54329344,54362496,32621632,32639072
miharigoya_scene,54366208,54416720,32639072,32668960
miharigoya_room_0,54419456,54435248,32668960,32674560
mahouya_scene,54435840,54479392,32674560,32703392
mahouya_room_0,54480896,54508176,32703392,32713904
takaraya_scene,54509568,54538672,32713904,32729744
takaraya_room_0,54542336,54582720,32729744,32751600
takaraya_room_1,54583296,54591488,32751600,32755488
takaraya_room_2,54591488,54599728,32755488,32759408
takaraya_room_3,54603776,54614048,32759408,32764960
takaraya_room_4,54616064,54628384,32764960,32771856
takaraya_room_5,54632448,54644736,32771856,32778704
takaraya_room_6,54644736,54655744,32778704,32784608
ganon_sonogo_scene,54657024,54689552,32784608,32803200
ganon_sonogo_room_0,54689792,54722176,32803200,32817216
ganon_sonogo_room_1,54722560,54754224,32817216,32831104
ganon_sonogo_room_2,54755328,54791328,32831104,32849360
ganon_sonogo_room_3,54792192,54814272,32849360,32858832
ganon_sonogo_room_4,54816768,54852848,32858832,32876496
ganon_demo_scene,54853632,54890608,32876496,32906480
ganon_demo_room_0,54894592,54911312,32906480,32915472
face_shop_scene,54915072,54915952,32915472,32916032
face_shop_room_0,54919168,55109184,32916032,32950592
kinsuta_scene,55111680,55117328,32950592,32954080
kinsuta_room_0,55119872,55177376,32954080,32994080
ganontikasonogo_scene,55181312,55200512,32994080,33005120
ganontikasonogo_room_0,55201792,55298944,33005120,33048256
ganontikasonogo_room_1,55300096,55340832,33048256,33064864
bump_texture_static,55341056,55342080,33064864,33065536
anime_model_1_static,55345152,55345168,33065536,33065568
anime_model_2_static,55349248,55349264,33065568,33065600
anime_model_3_static,55353344,55353360,33065600,33065632
anime_model_4_static,55357440,55357456,33065632,33065664
anime_model_5_static,55361536,55361552,33065664,33065696
anime_model_6_static,55365632,55365648,33065696,33065728
anime_texture_1_static,55369728,55369744,33065728,33065760
anime_texture_2_static,55373824,55373840,33065760,33065792
anime_texture_3_static,55377920,55377936,33065792,33065824
anime_texture_4_static,55382016,55382032,33065824,33065856
anime_texture_5_static,55386112,55386128,33065856,33065888
anime_texture_6_static,55390208,55390224,33065888,33065920
softsprite_matrix_static,55394304,55394368,33065920,33065952
