makerom,0,4192,0,0
boot,4192,108752,4192,0
dmadata,108752,134176,108752,0
Audiobank,134176,290832,134176,0
Audioseq,290832,623760,290832,0
Audiotable,623760,6163456,623760,0
link_animetion,6163456,9284000,6163456,0
icon_item_static_old,9285632,9899712,9285632,0
icon_item_24_static_old,9900032,9930496,9900032,0
icon_item_field_static,9932800,10017520,9284000,9325760
icon_item_dungeon_static,10018816,10038144,9325760,9330784
icon_item_gameover_static,10039296,10052352,9330784,9336672
nes_map_name_static,10055680,10086912,9336672,9350208
ger_map_name_static,10088448,10120448,9350208,9363904
fra_map_name_static,10121216,10152960,9363904,9378080
esp_map_name_static,10153984,10185728,9378080,9391856
icon_item_vtx_static,10186752,10187488,9391856,9392096
map_i_static,10190848,10195728,9392096,0
map_grand_static,10195728,10233440,9396976,0
nes_item_name_static,10233440,10289904,9434688,0
ger_item_name_static,10289904,10341696,9491152,0
fra_item_name_static,10341696,10396896,9542944,0
esp_item_name_static,10396896,10452768,9598144,0
DBG_00A02F20,10452768,10459200,9654016,0
DBG_00A04840,10459200,10466096,9660448,0
DBG_00A06330,10466096,10473984,9667344,0
DBG_00A08200,10473984,10481264,9675232,0
icon_item_static,10481264,10764608,9682512,0
icon_item_24_static,10764608,10783232,9965856,0
schedule_dma_static_old,10783232,10828832,10783232,0
schedule_dma_static,10829824,10856976,9984480,0
schedule_static,10856976,10883296,10011632,10020432
story_static,10887168,11041792,10020432,10132208
nes_do_action_static,11042816,11058944,10132208,0
ger_do_action_static,11059200,11075328,10148336,0
fra_do_action_static,11075584,11091712,10164464,0
esp_do_action_static,11091968,11108096,10180592,0
message_static,11108352,11129216,10196720,0
message_texture_static,11132928,11137536,10217584,0
nes_font_static,11141120,11161088,10222192,0
nes_message_data_static,11161600,11594368,10242160,0
ger_message_data_static,11595776,12074480,10674928,0
fra_message_data_static,12075008,12538144,11153632,0
esp_message_data_static,12541952,12993984,11616768,0
staff_message_data_static,12996608,13000320,12068800,0
nes_message_table_static,13000704,13037424,12072512,0
ger_message_table_static,13037568,13073664,12109232,0
fra_message_table_static,13074432,13110496,12145328,0
esp_message_table_static,13111296,13147360,12181392,0
code,13148160,14415952,12217456,12969216
ovl_title,14415952,14418304,12969216,12971008
ovl_select,14418304,14431840,12971008,12979008
ovl_opening,14431840,14432384,12979008,12979488
ovl_file_choose,14432384,14509072,12979488,13022704
ovl_daytelop,14509072,14514128,13022704,13024704
ovl_kaleido_scope,14514128,14600480,13024704,13076208
ovl_Player_Actor,14600480,14817776,13076208,13222752
ovl_En_Test,14817776,14821104,13222752,13225456
ovl_En_GirlA,14821104,14828016,13225456,13228720
ovl_En_Part,14828016,14829584,13228720,13230080
ovl_En_Light,14829584,14833280,13230080,13232656
ovl_En_Door,14833280,14838336,13232656,13236640
ovl_En_Box,14838336,14846976,13236640,13242944
ovl_En_Pametfrog,14846976,14863504,13242944,13253824
ovl_En_Okuta,14863504,14875680,13253824,13262320
ovl_En_Bom,14875680,14890176,13262320,13271696
ovl_En_Wallmas,14890176,14897952,13271696,13277216
ovl_En_Dodongo,14897952,14910368,13277216,13286000
ovl_En_Firefly,14910368,14918624,13286000,13291712
ovl_En_Horse,14918624,14978800,13291712,13326960
ovl_En_Arrow,14978800,14987712,13326960,13333280
ovl_En_Elf,14987712,15006992,13333280,13346448
ovl_En_Niw,15006992,15017120,13346448,13353968
ovl_En_Tite,15017120,15031264,13353968,13363504
ovl_En_Peehat,15031264,15042064,13363504,13370960
ovl_En_Holl,15042064,15045520,13370960,13373584
ovl_En_Dinofos,15045520,15062416,13373584,13384752
ovl_En_Hata,15062416,15063616,13384752,13385824
ovl_En_Zl1,15063616,15063760,13385824,13385920
ovl_En_Viewer,15063760,15065472,13385920,13387184
ovl_En_Bubble,15065472,15070608,13387184,13391088
ovl_Door_Shutter,15070608,15077744,13391088,13396240
ovl_En_Boom,15077744,15081040,13396240,13399056
ovl_En_Torch2,15081040,15082256,13399056,13400112
ovl_En_Minifrog,15082256,15088880,13400112,13404864
ovl_En_St,15088880,15099344,13404864,13412224
ovl_Obj_Wturn,15099344,15100624,13412224,13413232
ovl_En_River_Sound,15100624,15101248,13413232,13413808
ovl_En_Ossan,15101248,15119808,13413808,13425024
ovl_En_Famos,15119808,15127904,13425024,13430352
ovl_En_Bombf,15127904,15132976,13430352,13434336
ovl_En_Am,15132976,15138704,13434336,13438464
ovl_En_Dekubaba,15138704,15154832,13438464,13449040
ovl_En_M_Fire1,15154832,15155232,13449040,13449376
ovl_En_M_Thunder,15155232,15163328,13449376,13454640
ovl_Bg_Breakwall,15163328,15167728,13454640,13457696
ovl_Door_Warp1,15167728,15182944,13457696,13467600
ovl_Obj_Syokudai,15182944,15186480,13467600,13470464
ovl_Item_B_Heart,15186480,15187488,13470464,13471280
ovl_En_Dekunuts,15187488,15195744,13471280,13476784
ovl_En_Bbfall,15195744,15203440,13476784,13482672
ovl_Arms_Hook,15203440,15206784,13482672,13485328
ovl_En_Bb,15206784,15214224,13485328,13490880
ovl_Bg_Keikoku_Spr,15214224,15214656,13490880,13491248
ovl_En_Wood02,15214656,15219616,13491248,13495152
ovl_En_Death,15219616,15240400,13495152,13509616
ovl_En_Minideath,15240400,15249008,13509616,13515664
ovl_En_Vm,15249008,15254352,13515664,13519728
ovl_Demo_Effect,15254352,15257696,13519728,13522448
ovl_Demo_Kankyo,15257696,15266448,13522448,13528160
ovl_En_Floormas,15266448,15280688,13528160,13537152
ovl_En_Rd,15280688,15294816,13537152,13545568
ovl_Bg_F40_Flift,15294816,15295712,13545568,13546288
ovl_Obj_Mure,15295712,15299920,13546288,13549232
ovl_En_Sw,15299920,15313552,13549232,13558800
ovl_Object_Kankyo,15313552,15323584,13558800,13565664
ovl_En_Horse_Link_Child,15323584,15330720,13565664,13569904
ovl_Door_Ana,15330720,15332400,13569904,13571248
ovl_En_Encount1,15332400,15333952,13571248,13572528
ovl_Demo_Tre_Lgt,15333952,15335776,13572528,13574032
ovl_En_Encount2,15335776,15338464,13574032,13576272
ovl_En_Fire_Rock,15338464,15338608,13576272,13576368
ovl_Bg_Ctower_Rot,15338608,15340032,13576368,13577504
ovl_Mir_Ray,15340032,15346416,13577504,13582688
ovl_En_Sb,15346416,15350720,13582688,13585712
ovl_En_Bigslime,15350720,15400432,13585712,13616992
ovl_En_Karebaba,15400432,15408288,13616992,13622400
ovl_En_In,15408288,15425696,13622400,13633088
ovl_En_Bom_Chu,15425696,15431312,13633088,13637520
ovl_En_Horse_Game_Check,15431312,15436272,13637520,13640720
ovl_En_Rr,15436272,15446336,13640720,13648128
ovl_En_Fr,15446336,15446704,13648128,13648416
ovl_Obj_Oshihiki,15446704,15453024,13648416,13652816
ovl_Eff_Dust,15453024,15458128,13652816,13656016
ovl_Bg_Umajump,15458128,15460544,13656016,13657744
ovl_En_Insect,15460544,15466688,13657744,13661808
ovl_En_Butte,15466688,15472208,13661808,13665776
ovl_En_Fish,15472208,15482640,13665776,13672816
ovl_Item_Etcetera,15482640,15483744,13672816,13673648
ovl_Arrow_Fire,15483744,15492160,13673648,13680768
ovl_Arrow_Ice,15492160,15500032,13680768,13687024
ovl_Arrow_Light,15500032,15507872,13687024,13693360
ovl_Obj_Kibako,15507872,15513008,13693360,13696992
ovl_Obj_Tsubo,15513008,15522048,13696992,13702544
ovl_En_Ik,15522048,15533344,13702544,13710272
ovl_Demo_Shd,15533344,15533488,13710272,13710368
ovl_En_Dns,15533488,15540096,13710368,13715152
ovl_Elf_Msg,15540096,15541504,13715152,13716192
ovl_En_Honotrap,15541504,15550416,13716192,13722560
ovl_En_Tubo_Trap,15550416,15553872,13722560,13725072
ovl_Obj_Ice_Poly,15553872,15557760,13725072,13728128
ovl_En_Fz,15557760,15567312,13728128,13734800
ovl_En_Kusa,15567312,15575744,13734800,13741200
ovl_Obj_Bean,15575744,15585664,13741200,13747728
ovl_Obj_Bombiwa,15585664,15591840,13747728,13752288
ovl_Obj_Switch,15591840,15602048,13752288,13758464
ovl_Obj_Lift,15602048,15604832,13758464,13760784
ovl_Obj_Hsblock,15604832,15606240,13760784,13761920
ovl_En_Okarina_Tag,15606240,15607392,13761920,13762928
ovl_En_Goroiwa,15607392,15626864,13762928,13776880
ovl_En_Daiku,15626864,15630240,13776880,13779504
ovl_En_Nwc,15630240,15635120,13779504,13783248
ovl_Item_Inbox,15635120,15635472,13783248,13783520
ovl_En_Ge1,15635472,15639648,13783520,13786608
ovl_Obj_Blockstop,15639648,15640208,13786608,13787104
ovl_En_Sda,15640208,15645792,13787104,13790816
ovl_En_Clear_Tag,15645792,15670240,13790816,13805680
ovl_En_Gm,15670240,15688480,13805680,13817488
ovl_En_Ms,15688480,15690064,13817488,13818736
ovl_En_Hs,15690064,15693712,13818736,13821536
ovl_Bg_Ingate,15693712,15697504,13821536,13824480
ovl_En_Kanban,15697504,15711680,13824480,13833200
ovl_En_Attack_Niw,15711680,15716320,13833200,13836592
ovl_En_Mk,15716320,15720976,13836592,13839936
ovl_En_Owl,15720976,15733728,13839936,13848256
ovl_En_Ishi,15733728,15742992,13848256,13855008
ovl_Obj_Hana,15742992,15743216,13855008,13855200
ovl_Obj_Lightswitch,15743216,15747568,13855200,13858112
ovl_Obj_Mure2,15747568,15750112,13858112,13860000
ovl_En_Fu,15750112,15766352,13860000,13870800
ovl_En_Stream,15766352,15767728,13870800,13871984
ovl_En_Mm,15767728,15769872,13871984,13873728
ovl_En_Weather_Tag,15769872,15775440,13873728,13877232
ovl_En_Ani,15775440,15778992,13877232,13879824
ovl_En_Js,15778992,15789472,13879824,13886624
ovl_En_Okarina_Effect,15789472,15790096,13886624,13887104
ovl_En_Mag,15790096,15805328,13887104,13895312
ovl_Elf_Msg2,15805328,15806640,13895312,13896192
ovl_Bg_F40_Swlift,15806640,15807776,13896192,13897152
ovl_En_Kakasi,15807776,15819408,13897152,13904752
ovl_Obj_Makeoshihiki,15819408,15820224,13904752,13905504
ovl_Oceff_Spot,15820224,15824016,13905504,13908752
ovl_En_Torch,15824016,15824256,13908752,13908976
ovl_Shot_Sun,15824256,15825808,13908976,13910240
ovl_Obj_Roomtimer,15825808,15826480,13910240,13910784
ovl_En_Ssh,15826480,15836144,13910784,13917440
ovl_Oceff_Wipe,15836144,15839552,13917440,13920384
ovl_Effect_Ss_Dust,15839552,15841584,13920384,13922032
ovl_Effect_Ss_Kirakira,15841584,15843232,13922032,13923440
ovl_Effect_Ss_Bomb2,15843232,15845376,13923440,13925168
ovl_Effect_Ss_Blast,15845376,15846240,13925168,13926000
ovl_Effect_Ss_G_Spk,15846240,15847648,13926000,13927264
ovl_Effect_Ss_D_Fire,15847648,15848688,13927264,13928240
ovl_Effect_Ss_Bubble,15848688,15850080,13928240,13929440
ovl_Effect_Ss_G_Ripple,15850080,15851392,13929440,13930608
ovl_Effect_Ss_G_Splash,15851392,15852448,13930608,13931456
ovl_Effect_Ss_G_Fire,15852448,15852976,13931456,13931952
ovl_Effect_Ss_Lightning,15852976,15854736,13931952,13933552
ovl_Effect_Ss_Dt_Bubble,15854736,15856032,13933552,13934688
ovl_Effect_Ss_Hahen,15856032,15857472,13934688,13935824
ovl_Effect_Ss_Stick,15857472,15858176,13935824,13936480
ovl_Effect_Ss_Sibuki,15858176,15859808,13936480,13937936
ovl_Effect_Ss_Stone1,15859808,15860672,13937936,13938752
ovl_Effect_Ss_Hitmark,15860672,15861952,13938752,13939856
ovl_Effect_Ss_Fhg_Flash,15861952,15864640,13939856,13941536
ovl_Effect_Ss_K_Fire,15864640,15865728,13941536,13942576
ovl_Effect_Ss_Solder_Srch_Ball,15865728,15866832,13942576,13943552
ovl_Effect_Ss_Kakera,15866832,15870976,13943552,13946640
ovl_Effect_Ss_Ice_Piece,15870976,15872000,13946640,13947616
ovl_Effect_Ss_En_Ice,15872000,15873968,13947616,13949328
ovl_Effect_Ss_Fire_Tail,15873968,15875728,13949328,13950912
ovl_Effect_Ss_En_Fire,15875728,15877376,13950912,13952416
ovl_Effect_Ss_Extra,15877376,15878256,13952416,13953280
ovl_Effect_Ss_Dead_Db,15878256,15879296,13953280,13954256
ovl_Effect_Ss_Dead_Dd,15879296,15880720,13954256,13955552
ovl_Effect_Ss_Dead_Ds,15880720,15881872,13955552,13956624
ovl_Oceff_Storm,15881872,15889488,13956624,13963776
ovl_Obj_Demo,15889488,15890464,13963776,13964496
ovl_En_Minislime,15890464,15899504,13964496,13970640
ovl_En_Nutsball,15899504,15901088,13970640,13972096
ovl_Oceff_Wipe2,15901088,15907072,13972096,13975728
ovl_Oceff_Wipe3,15907072,15913040,13975728,13980448
ovl_En_Dg,15913040,15927600,13980448,13989712
ovl_En_Si,15927600,15928656,13989712,13990496
ovl_Obj_Comb,15928656,15934672,13990496,13994736
ovl_Obj_Kibako2,15934672,15937136,13994736,13996752
ovl_En_Hs2,15937136,15937360,13996752,13996928
ovl_Obj_Mure3,15937360,15939344,13996928,13998464
ovl_En_Tg,15939344,15942176,13998464,14000768
ovl_En_Wf,15942176,15959744,14000768,14011968
ovl_En_Skb,15959744,15972768,14011968,14020288
ovl_En_Gs,15972768,15984688,14020288,14028928
ovl_Obj_Sound,15984688,15985216,14028928,14029360
ovl_En_Crow,15985216,15991200,14029360,14033792
ovl_En_Cow,15991200,15996560,14033792,14037264
ovl_Oceff_Wipe4,15996560,16000656,14037264,14040320
ovl_En_Zo,16000656,16004656,14040320,14043408
ovl_Effect_Ss_Ice_Smoke,16004656,16005440,14043408,14044160
ovl_Obj_Makekinsuta,16005440,16006576,14044160,14045104
ovl_En_Ge3,16006576,16010784,14045104,14048224
ovl_Obj_Hamishi,16010784,16014000,14048224,14050848
ovl_En_Zl4,16014000,16015152,14050848,14051776
ovl_En_Mm2,16015152,16018016,14051776,14053392
ovl_Door_Spiral,16018016,16020192,14053392,14055152
ovl_Obj_Pzlblock,16020192,16023744,14055152,14057760
ovl_Obj_Toge,16023744,16026880,14057760,14060272
ovl_Obj_Armos,16026880,16030736,14060272,14063184
ovl_Obj_Boyo,16030736,16032128,14063184,14064400
ovl_En_Grasshopper,16032128,16044048,14064400,14072768
ovl_Obj_Grass,16044048,16051360,14072768,14078432
ovl_Obj_Grass_Carry,16051360,16055328,14078432,14081584
ovl_Obj_Grass_Unit,16055328,16057072,14081584,14082880
ovl_Bg_Fire_Wall,16057072,16059344,14082880,14084736
ovl_En_Bu,16059344,16059776,14084736,14085120
ovl_En_Encount3,16059776,16062240,14085120,14087264
ovl_En_Jso,16062240,16077712,14087264,14098032
ovl_Obj_Chikuwa,16077712,16080688,14098032,14100560
ovl_En_Knight,16080688,16133632,14100560,14135360
ovl_En_Warp_tag,16133632,16136016,14135360,14137296
ovl_En_Aob_01,16136016,16147488,14137296,14145296
ovl_En_Boj_01,16147488,16147632,14145296,14145392
ovl_En_Boj_02,16147632,16147776,14145392,14145488
ovl_En_Boj_03,16147776,16147920,14145488,14145584
ovl_En_Encount4,16147920,16150064,14145584,14147328
ovl_En_Bom_Bowl_Man,16150064,16157536,14147328,14152608
ovl_En_Syateki_Man,16157536,16171264,14152608,14161200
ovl_Bg_Icicle,16171264,16173712,14161200,14163184
ovl_En_Syateki_Crow,16173712,16177312,14163184,14166160
ovl_En_Boj_04,16177312,16177456,14166160,14166256
ovl_En_Cne_01,16177456,16180992,14166256,14169056
ovl_En_Bba_01,16180992,16184448,14169056,14171808
ovl_En_Bji_01,16184448,16188768,14171808,14174928
ovl_Bg_Spdweb,16188768,16194032,14174928,14178768
ovl_En_Mt_tag,16194032,16198608,14178768,14182208
ovl_Boss_01,16198608,16232624,14182208,14205408
ovl_Boss_02,16232624,16257792,14205408,14222944
ovl_Boss_03,16257792,16286688,14222944,14242848
ovl_Boss_04,16286688,16296048,14242848,14249840
ovl_Boss_05,16296048,16311456,14249840,14260448
ovl_Boss_06,16311456,16320240,14260448,14267104
ovl_Boss_07,16320240,16406448,14267104,14324848
ovl_Bg_Dy_Yoseizo,16406448,16414352,14324848,14330688
ovl_En_Boj_05,16414352,16414496,14330688,14330784
ovl_En_Sob1,16414496,16432864,14330784,14342576
ovl_En_Go,16432864,16456784,14342576,14359168
ovl_En_Raf,16456784,16467536,14359168,14366272
ovl_Obj_Funen,16467536,16468000,14366272,14366720
ovl_Obj_Raillift,16468000,16471056,14366720,14369200
ovl_Bg_Numa_Hana,16471056,16474848,14369200,14372000
ovl_Obj_Flowerpot,16474848,16484160,14372000,14378352
ovl_Obj_Spinyroll,16484160,16490752,14378352,14383136
ovl_Dm_Hina,16490752,16493376,14383136,14385152
ovl_En_Syateki_Wf,16493376,16498240,14385152,14388816
ovl_Obj_Skateblock,16498240,16505392,14388816,14394080
ovl_Effect_En_Ice_Block,16505392,16506240,14394080,14394864
ovl_Obj_Iceblock,16506240,16523792,14394864,14407136
ovl_En_Bigpamet,16523792,16533360,14407136,14413856
ovl_Bg_Dblue_Movebg,16533360,16541920,14413856,14420224
ovl_En_Syateki_Dekunuts,16541920,16546288,14420224,14423584
ovl_Elf_Msg3,16546288,16547680,14423584,14424624
ovl_En_Fg,16547680,16553088,14424624,14428608
ovl_Dm_Ravine,16553088,16553536,14428608,14428976
ovl_Dm_Sa,16553536,16554624,14428976,14429856
ovl_En_Slime,16554624,16568032,14429856,14438960
ovl_En_Pr,16568032,16574416,14438960,14443792
ovl_Obj_Toudai,16574416,16577488,14443792,14445808
ovl_Obj_Entotu,16577488,16581088,14445808,14447968
ovl_Obj_Bell,16581088,16583904,14447968,14449984
ovl_En_Syateki_Okuta,16583904,16591808,14449984,14454816
ovl_Obj_Shutter,16591808,16592512,14454816,14455456
ovl_Dm_Zl,16592512,16594576,14455456,14457088
ovl_En_Ru,16594576,16597920,14457088,14459680
ovl_En_Elfgrp,16597920,16603472,14459680,14463616
ovl_Dm_Tsg,16603472,16604528,14463616,14464576
ovl_En_Baguo,16604528,16609744,14464576,14468720
ovl_Obj_Vspinyroll,16609744,16614256,14468720,14472144
ovl_Obj_Smork,16614256,16617600,14472144,14474192
ovl_En_Test2,16617600,16618704,14474192,14475104
ovl_En_Test3,16618704,16632336,14475104,14485040
ovl_En_Test4,16632336,16638336,14485040,14489152
ovl_En_Bat,16638336,16644368,14489152,14493872
ovl_En_Sekihi,16644368,16646128,14493872,14495296
ovl_En_Wiz,16646128,16661616,14495296,14506256
ovl_En_Wiz_Brock,16661616,16663344,14506256,14507696
ovl_En_Wiz_Fire,16663344,16675104,14507696,14515952
ovl_Eff_Change,16675104,16676416,14515952,14517104
ovl_Dm_Statue,16676416,16676640,14517104,14517280
ovl_Obj_Fireshield,16676640,16680576,14517280,14520400
ovl_Bg_Ladder,16680576,16681824,14520400,14521408
ovl_En_Mkk,16681824,16688848,14521408,14526544
ovl_Demo_Getitem,16688848,16689760,14526544,14527312
ovl_En_Dnb,16689760,16693712,14527312,14530384
ovl_En_Dnh,16693712,16695680,14530384,14532016
ovl_En_Dnk,16695680,16699840,14532016,14534704
ovl_En_Dnq,16699840,16704608,14534704,14538000
ovl_Bg_Keikoku_Saku,16704608,16705648,14538000,14538880
ovl_Obj_Hugebombiwa,16705648,16715088,14538880,14544928
ovl_En_Firefly2,16715088,16715232,14544928,14545024
ovl_En_Rat,16715232,16725040,14545024,14552272
ovl_En_Water_Effect,16725040,16735728,14552272,14559504
ovl_En_Kusa2,16735728,16752208,14559504,14571072
ovl_Bg_Spout_Fire,16752208,16754144,14571072,14572720
ovl_En_Dy_Extra,16754144,16755520,14572720,14573920
ovl_En_Bal,16755520,16766928,14573920,14581680
ovl_En_Ginko_Man,16766928,16774320,14581680,14586096
ovl_En_Warp_Uzu,16774320,16775328,14586096,14586896
ovl_Obj_Driftice,16775328,16780256,14586896,14590544
ovl_En_Look_Nuts,16780256,16784080,14590544,14593360
ovl_En_Mushi2,16784080,16798400,14593360,14602912
ovl_En_Fall,16798400,16809152,14602912,14610032
ovl_En_Mm3,16809152,16814784,14610032,14613776
ovl_Bg_Crace_Movebg,16814784,16817536,14613776,14615760
ovl_En_Dno,16817536,16829120,14615760,14623344
ovl_En_Pr2,16829120,16836832,14623344,14628992
ovl_En_Prz,16836832,16842464,14628992,14633360
ovl_En_Jso2,16842464,16861072,14633360,14646192
ovl_Obj_Etcetera,16861072,16864432,14646192,14648752
ovl_En_Egol,16864432,16882928,14648752,14661504
ovl_Obj_Mine,16882928,16897264,14661504,14671440
ovl_Obj_Purify,16897264,16899648,14671440,14673168
ovl_En_Tru,16899648,16924560,14673168,14688848
ovl_En_Trt,16924560,16944080,14688848,14701312
ovl_En_Test5,16944080,16944976,14701312,14702080
ovl_En_Test6,16944976,16961840,14702080,14713568
ovl_En_Az,16961840,16983424,14713568,14727360
ovl_En_Estone,16983424,16987056,14727360,14730320
ovl_Bg_Hakugin_Post,16987056,16999584,14730320,14739360
ovl_Dm_Opstage,16999584,17000704,14739360,14740224
ovl_Dm_Stk,17000704,17023344,14740224,14752912
ovl_Dm_Char00,17023344,17034720,14752912,14758944
ovl_Dm_Char01,17034720,17046048,14758944,14765568
ovl_Dm_Char02,17046048,17047696,14765568,14766864
ovl_Dm_Char03,17047696,17049648,14766864,14768352
ovl_Dm_Char04,17049648,17052048,14768352,14770336
ovl_Dm_Char05,17052048,17060464,14770336,14774784
ovl_Dm_Char06,17060464,17061296,14774784,14775488
ovl_Dm_Char07,17061296,17062976,14775488,14776544
ovl_Dm_Char08,17062976,17074688,14776544,14784464
ovl_Dm_Char09,17074688,17077120,14784464,14786544
ovl_Obj_Tokeidai,17077120,17086720,14786544,14792816
ovl_En_Mnk,17086720,17109904,14792816,14806192
ovl_En_Egblock,17109904,17112272,14806192,14808112
ovl_En_Guard_Nuts,17112272,17116080,14808112,14811104
ovl_Bg_Hakugin_Bombwall,17116080,17120704,14811104,14814400
ovl_Obj_Tokei_Tobira,17120704,17122336,14814400,14815856
ovl_Bg_Hakugin_Elvpole,17122336,17123472,14815856,14816784
ovl_En_Ma4,17123472,17134624,14816784,14823856
ovl_En_Twig,17134624,17137184,14823856,14826000
ovl_En_Po_Fusen,17137184,17140352,14826000,14828544
ovl_En_Door_Etc,17140352,17142432,14828544,14830224
ovl_En_Bigokuta,17142432,17151136,14830224,14836464
ovl_Bg_Icefloe,17151136,17153040,14836464,14837936
ovl_fbdemo_triforce,17153040,17154896,14837936,14839248
ovl_fbdemo_wipe1,17154896,17158880,14839248,14841952
ovl_fbdemo_wipe3,17158880,17166288,14841952,14844784
ovl_fbdemo_wipe4,17166288,17166992,14844784,14845360
ovl_fbdemo_wipe5,17166992,17168112,14845360,14846288
ovl_Effect_Ss_Sbn,17168112,17170528,14846288,14848192
ovl_Obj_Ocarinalift,17170528,17173056,14848192,14850080
ovl_En_Time_Tag,17173056,17176240,14850080,14852368
ovl_Bg_Open_Shutter,17176240,17177984,14852368,14853840
ovl_Bg_Open_Spot,17177984,17178528,14853840,14854304
ovl_Bg_Fu_Kaiten,17178528,17179200,14854304,14854896
ovl_Obj_Aqua,17179200,17182736,14854896,14857616
ovl_En_Elforg,17182736,17188976,14857616,14862032
ovl_En_Elfbub,17188976,17190608,14862032,14863536
ovl_En_Fu_Mato,17190608,17195808,14863536,14867760
ovl_En_Fu_Kago,17195808,17200080,14867760,14871088
ovl_En_Osn,17200080,17209104,14871088,14876880
ovl_Bg_Ctower_Gear,17209104,17211168,14876880,14878496
ovl_En_Trt2,17211168,17221456,14878496,14885488
ovl_Obj_Tokei_Step,17221456,17224448,14885488,14887872
ovl_Bg_Lotus,17224448,17226096,14887872,14889200
ovl_En_Kame,17226096,17235424,14889200,14895696
ovl_Obj_Takaraya_Wall,17235424,17240048,14895696,14899376
ovl_Bg_Fu_Mizu,17240048,17240784,14899376,14900032
ovl_En_Sellnuts,17240784,17254192,14900032,14908720
ovl_Bg_Dkjail_Ivy,17254192,17256304,14908720,14910480
ovl_Obj_Visiblock,17256304,17256592,14910480,14910720
ovl_En_Takaraya,17256592,17260960,14910720,14914000
ovl_En_Tsn,17260960,17267536,14914000,14918352
ovl_En_Ds2n,17267536,17268848,14918352,14919440
ovl_En_Fsn,17268848,17286704,14919440,14930928
ovl_En_Shn,17286704,17291424,14930928,14934240
ovl_En_Stop_heishi,17291424,17297520,14934240,14938736
ovl_Obj_Bigicicle,17297520,17301280,14938736,14941584
ovl_En_Lift_Nuts,17301280,17312096,14941584,14948240
ovl_En_Tk,17312096,17327440,14948240,14958464
ovl_Bg_Market_Step,17327440,17327712,14958464,14958704
ovl_Obj_Lupygamelift,17327712,17329424,14958704,14960160
ovl_En_Test7,17329424,17341856,14960160,14968960
ovl_Obj_Lightblock,17341856,17343488,14968960,14970288
ovl_Mir_Ray2,17343488,17344640,14970288,14971280
ovl_En_Wdhand,17344640,17353712,14971280,14977824
ovl_En_Gamelupy,17353712,17355376,14977824,14979216
ovl_Bg_Danpei_Movebg,17355376,17357520,14979216,14980912
ovl_En_Snowwd,17357520,17358800,14980912,14982032
ovl_En_Pm,17358800,17378800,14982032,14994592
ovl_En_Gakufu,17378800,17381392,14994592,14996720
ovl_Elf_Msg4,17381392,17382944,14996720,14997872
ovl_Elf_Msg5,17382944,17383632,14997872,14998336
ovl_En_Col_Man,17383632,17386800,14998336,15000800
ovl_En_Talk_Gibud,17386800,17399328,15000800,15009088
ovl_En_Giant,17399328,17404256,15009088,15012544
ovl_Obj_Snowball,17404256,17413920,15012544,15019600
ovl_Boss_Hakugin,17413920,17455728,15019600,15048832
ovl_En_Gb2,17455728,17466096,15048832,15055600
ovl_En_Onpuman,17466096,17467584,15055600,15056800
ovl_Bg_Tobira01,17467584,17468672,15056800,15057712
ovl_En_Tag_Obj,17468672,17468944,15057712,15057936
ovl_Obj_Dhouse,17468944,17475088,15057936,15062256
ovl_Obj_Hakaisi,17475088,17480736,15062256,15066304
ovl_Bg_Hakugin_Switch,17480736,17485696,15066304,15069488
ovl_En_Snowman,17485696,17499104,15069488,15079216
ovl_TG_Sw,17499104,17500208,15079216,15080096
ovl_En_Po_Sisters,17500208,17515312,15080096,15090528
ovl_En_Pp,17515312,17530752,15090528,15101216
ovl_En_Hakurock,17530752,17535104,15101216,15104400
ovl_En_Hanabi,17535104,17539536,15104400,15107984
ovl_Obj_Dowsing,17539536,17539920,15107984,15108256
ovl_Obj_Wind,17539920,17541808,15108256,15109696
ovl_En_Racedog,17541808,17549088,15109696,15115168
ovl_En_Kendo_Js,17549088,17556736,15115168,15120288
ovl_Bg_Botihasira,17556736,17557488,15120288,15120944
ovl_En_Fish2,17557488,17570992,15120944,15130704
ovl_En_Pst,17570992,17574768,15130704,15133168
ovl_En_Poh,17574768,17588112,15133168,15142032
ovl_Obj_Spidertent,17588112,17594896,15142032,15146720
ovl_En_Zoraegg,17594896,17605040,15146720,15153536
ovl_En_Kbt,17605040,17609712,15153536,15156896
ovl_En_Gg,17609712,17618176,15156896,15162912
ovl_En_Maruta,17618176,17625760,15162912,15167968
ovl_Obj_Snowball2,17625760,17633488,15167968,15173664
ovl_En_Gg2,17633488,17639136,15173664,15177808
ovl_Obj_Ghaka,17639136,17641120,15177808,15179376
ovl_En_Dnp,17641120,17646704,15179376,15183296
ovl_En_Dai,17646704,17655040,15183296,15189104
ovl_Bg_Goron_Oyu,17655040,17656960,15189104,15190560
ovl_En_Kgy,17656960,17669680,15190560,15198368
ovl_En_Invadepoh,17669680,17721120,15198368,15228848
ovl_En_Gk,17721120,17734480,15228848,15237856
ovl_En_An,17734480,17762864,15237856,15254848
ovl_En_Bee,17762864,17765872,15254848,15257296
ovl_En_Ot,17765872,17779600,15257296,15267008
ovl_En_Dragon,17779600,17788368,15267008,15273264
ovl_Obj_Dora,17788368,17791200,15273264,15275408
ovl_En_Bigpo,17791200,17807296,15275408,15286880
ovl_Obj_Kendo_Kanban,17807296,17812768,15286880,15290992
ovl_Obj_Hariko,17812768,17813552,15290992,15291632
ovl_En_Sth,17813552,17840480,15291632,15310432
ovl_Bg_Sinkai_Kabe,17840480,17841888,15310432,15311632
ovl_Bg_Haka_Curtain,17841888,17842976,15311632,15312400
ovl_Bg_Kin2_Bombwall,17842976,17845024,15312400,15314080
ovl_Bg_Kin2_Fence,17845024,17846944,15314080,15315504
ovl_Bg_Kin2_Picture,17846944,17849904,15315504,15317920
ovl_Bg_Kin2_Shelf,17849904,17853376,15317920,15320304
ovl_En_Rail_Skb,17853376,17866128,15320304,15328784
ovl_En_Jg,17866128,17875760,15328784,15335248
ovl_En_Tru_Mt,17875760,17881712,15335248,15339808
ovl_Obj_Um,17881712,17902464,15339808,15354016
ovl_En_Neo_Reeba,17902464,17910816,15354016,15359632
ovl_Bg_Mbar_Chair,17910816,17911120,15359632,15359872
ovl_Bg_Ikana_Block,17911120,17914400,15359872,15362352
ovl_Bg_Ikana_Mirror,17914400,17917392,15362352,15364384
ovl_Bg_Ikana_Rotaryroom,17917392,17925792,15364384,15370048
ovl_Bg_Dblue_Balance,17925792,17932128,15370048,15374816
ovl_Bg_Dblue_Waterfall,17932128,17938544,15374816,15379472
ovl_En_Kaizoku,17938544,17962416,15379472,15394944
ovl_En_Ge2,17962416,17969936,15394944,15400032
ovl_En_Ma_Yts,17969936,17975296,15400032,15403584
ovl_En_Ma_Yto,17975296,17989536,15403584,15410944
ovl_Obj_Tokei_Turret,17989536,17990144,15410944,15411472
ovl_Bg_Dblue_Elevator,17990144,17993200,15411472,15413824
ovl_Obj_Warpstone,17993200,17995248,15413824,15415424
ovl_En_Zog,17995248,18006256,15415424,15423360
ovl_Obj_Rotlift,18006256,18007216,15423360,15424272
ovl_Obj_Jg_Gakki,18007216,18007776,15424272,15424784
ovl_Bg_Inibs_Movebg,18007776,18008224,15424784,15425200
ovl_En_Zot,18008224,18023424,15425200,15434544
ovl_Obj_Tree,18023424,18024864,15434544,15435744
ovl_Obj_Y2lift,18024864,18025680,15435744,15436464
ovl_Obj_Y2shutter,18025680,18027168,15436464,15437712
ovl_Obj_Boat,18027168,18029104,15437712,15439344
ovl_Obj_Taru,18029104,18032544,15439344,15442032
ovl_Obj_Hunsui,18032544,18039328,15442032,15446976
ovl_En_Jc_Mato,18039328,18040320,15446976,15447824
ovl_Mir_Ray3,18040320,18045104,15447824,15451696
ovl_En_Zob,18045104,18053344,15451696,15456800
ovl_Elf_Msg6,18053344,18057056,15456800,15459152
ovl_Obj_Nozoki,18057056,18061808,15459152,15462656
ovl_En_Toto,18061808,18069296,15462656,15467888
ovl_En_Railgibud,18069296,18082640,15467888,15477008
ovl_En_Baba,18082640,18090496,15477008,15482816
ovl_En_Suttari,18090496,18109088,15482816,15495072
ovl_En_Zod,18109088,18115600,15495072,15499856
ovl_En_Kujiya,18115600,18119168,15499856,15502016
ovl_En_Geg,18119168,18131504,15502016,15510336
ovl_Obj_Kinoko,18131504,18132512,15510336,15511280
ovl_Obj_Yasi,18132512,18133296,15511280,15512000
ovl_En_Tanron1,18133296,18139904,15512000,15516208
ovl_En_Tanron2,18139904,18147200,15516208,15521520
ovl_En_Tanron3,18147200,18152128,15521520,15525344
ovl_Obj_Chan,18152128,18157168,15525344,15529568
ovl_En_Zos,18157168,18164816,15529568,15534448
ovl_En_S_Goro,18164816,18177920,15534448,15542448
ovl_En_Nb,18177920,18184912,15542448,15547296
ovl_En_Ja,18184912,18193232,15547296,15552960
ovl_Bg_F40_Block,18193232,18196864,15552960,15555376
ovl_Bg_F40_Switch,18196864,18198768,15555376,15556880
ovl_En_Po_Composer,18198768,18206128,15556880,15561792
ovl_En_Guruguru,18206128,18209936,15561792,15564768
ovl_Oceff_Wipe5,18209936,18215968,15564768,15570688
ovl_En_Stone_heishi,18215968,18220880,15570688,15574400
ovl_Oceff_Wipe6,18220880,18222496,15574400,15575696
ovl_En_Scopenuts,18222496,18231728,15575696,15582080
ovl_En_Scopecrow,18231728,18234976,15582080,15584608
ovl_Oceff_Wipe7,18234976,18238656,15584608,15586480
ovl_Eff_Kamejima_Wave,18238656,18240352,15586480,15587792
ovl_En_Hg,18240352,18244672,15587792,15590784
ovl_En_Hgo,18244672,18248560,15590784,15593584
ovl_En_Zov,18248560,18254784,15593584,15597936
ovl_En_Ah,18254784,18260512,15597936,15601824
ovl_Obj_Hgdoor,18260512,18262192,15601824,15603088
ovl_Bg_Ikana_Bombwall,18262192,18265424,15603088,15605344
ovl_Bg_Ikana_Ray,18265424,18266144,15605344,15605904
ovl_Bg_Ikana_Shutter,18266144,18268048,15605904,15607024
ovl_Bg_Haka_Bombwall,18268048,18269968,15607024,15608576
ovl_Bg_Haka_Tomb,18269968,18270880,15608576,15609280
ovl_En_Sc_Ruppe,18270880,18272416,15609280,15610544
ovl_Bg_Iknv_Doukutu,18272416,18275392,15610544,15612704
ovl_Bg_Iknv_Obj,18275392,18277440,15612704,15614192
ovl_En_Pamera,18277440,18287552,15614192,15620288
ovl_Obj_HsStump,18287552,18289104,15620288,15621648
ovl_En_Hidden_Nuts,18289104,18293760,15621648,15624944
ovl_En_Zow,18293760,18301296,15624944,15630096
ovl_En_Talk,18301296,18301744,15630096,15630448
ovl_En_Al,18301744,18310768,15630448,15636416
ovl_En_Tab,18310768,18316816,15636416,15640720
ovl_En_Nimotsu,18316816,18317760,15640720,15641568
ovl_En_Hit_Tag,18317760,18318320,15641568,15642048
ovl_En_Ruppecrow,18318320,18324752,15642048,15646432
ovl_En_Tanron4,18324752,18328256,15646432,15648848
ovl_En_Tanron5,18328256,18334160,15648848,15653088
ovl_En_Tanron6,18334160,18334560,15653088,15653440
ovl_En_Daiku2,18334560,18341008,15653440,15658208
ovl_En_Muto,18341008,18343552,15658208,15660304
ovl_En_Baisen,18343552,18346160,15660304,15662400
ovl_En_Heishi,18346160,18347680,15662400,15663712
ovl_En_Demo_heishi,18347680,18349232,15663712,15665056
ovl_En_Dt,18349232,18355888,15665056,15669968
ovl_En_Cha,18355888,18356944,15669968,15670864
ovl_Obj_Dinner,18356944,18357328,15670864,15671200
ovl_Eff_Lastday,18357328,18359248,15671200,15672384
ovl_Bg_Ikana_Dharma,18359248,18361696,15672384,15674512
ovl_En_Akindonuts,18361696,18378512,15674512,15684576
ovl_Eff_Stk,18378512,18379472,15684576,15685440
ovl_En_Ig,18379472,18389664,15685440,15692400
ovl_En_Rg,18389664,18398608,15692400,15699200
ovl_En_Osk,18398608,18404944,15699200,15702960
ovl_En_Sth2,18404944,18416240,15702960,15709952
ovl_En_Yb,18416240,18421232,15709952,15713552
ovl_En_Rz,18421232,18428176,15713552,15718240
ovl_En_Scopecoin,18428176,18429008,15718240,15718928
ovl_En_Bjt,18429008,18432736,15718928,15721600
ovl_En_Bomjima,18432736,18444304,15721600,15729488
ovl_En_Bomjimb,18444304,18454176,15729488,15736432
ovl_En_Bombers,18454176,18459296,15736432,15740320
ovl_En_Bombers2,18459296,18463712,15740320,15743696
ovl_En_Bombal,18463712,18466432,15743696,15745952
ovl_Obj_Moon_Stone,18466432,18467856,15745952,15747120
ovl_Obj_Mu_Pict,18467856,18469504,15747120,15748288
ovl_Bg_Ikninside,18469504,18471088,15748288,15749648
ovl_Eff_Zoraband,18471088,18472080,15749648,15750512
ovl_Obj_Kepn_Koya,18472080,18472432,15750512,15750816
ovl_Obj_Usiyane,18472432,18475216,15750816,15753232
ovl_En_Nnh,18475216,18476016,15753232,15753872
ovl_Obj_Kzsaku,18476016,18476976,15753872,15754640
ovl_Obj_Milk_Bin,18476976,18477632,15754640,15755200
ovl_En_Kitan,18477632,18481216,15755200,15757808
ovl_Bg_Astr_Bombwall,18481216,18483376,15757808,15759568
ovl_Bg_Iknin_Susceil,18483376,18486272,15759568,15761568
ovl_En_Bsb,18486272,18506048,15761568,15775280
ovl_En_Recepgirl,18506048,18508000,15775280,15776784
ovl_En_Thiefbird,18508000,18520720,15776784,15785856
ovl_En_Jgame_Tsn,18520720,18527312,15785856,15790368
ovl_Obj_Jgame_Light,18527312,18531136,15790368,15792720
ovl_Obj_Yado,18531136,18531792,15792720,15793264
ovl_Demo_Syoten,18531792,18537312,15793264,15797152
ovl_Demo_Moonend,18537312,18539120,15797152,15798496
ovl_Bg_Lbfshot,18539120,18539408,15798496,15798736
ovl_Bg_Last_Bwall,18539408,18541792,15798736,15800640
ovl_En_And,18541792,18543600,15800640,15802096
ovl_En_Invadepoh_Demo,18543600,18550416,15802096,15806208
ovl_Obj_Danpeilift,18550416,18552592,15806208,15807984
ovl_En_Fall2,18552592,18554464,15807984,15809456
ovl_Dm_Al,18554464,18556128,15809456,15810784
ovl_Dm_An,18556128,18560224,15810784,15813808
ovl_Dm_Ah,18560224,18562976,15813808,15815888
ovl_Dm_Nb,18562976,18563936,15815888,15816720
ovl_En_Drs,18563936,18564960,15816720,15817600
ovl_En_Ending_Hero,18564960,18565808,15817600,15818384
ovl_Dm_Bal,18565808,18568352,15818384,15820272
ovl_En_Paper,18568352,18570688,15820272,15822192
ovl_En_Hint_Skb,18570688,18580512,15822192,15828640
ovl_Dm_Tag,18580512,18583056,15828640,15830464
ovl_En_Bh,18583056,18584320,15830464,15831520
ovl_En_Ending_Hero2,18584320,18584880,15831520,15832032
ovl_En_Ending_Hero3,18584880,18585440,15832032,15832544
ovl_En_Ending_Hero4,18585440,18586000,15832544,15833056
ovl_En_Ending_Hero5,18586000,18586976,15833056,15833904
ovl_En_Ending_Hero6,18586976,18588720,15833904,15835392
ovl_Dm_Gm,18588720,18592816,15835392,15838416
ovl_Obj_Swprize,18592816,18594160,15838416,15839440
ovl_En_Invisible_Ruppe,18594160,18594960,15839440,15840016
ovl_Obj_Ending,18594960,18595344,15840016,15840320
ovl_En_Rsn,18595344,18596208,15840320,15841008
gameplay_keep,18599936,19199456,15841008,16153952
gameplay_field_keep,19202048,19239568,16153952,16180976
gameplay_dangeon_keep,19243008,19387008,16180976,16263424
gameplay_object_exchange_static,19390464,19390480,19390464,0
object_link_boy,19394560,19450000,16263424,16289392
object_link_child,19451904,19575376,16289392,16348048
object_link_goron,19578880,19675792,16348048,16397120
object_link_zora,19677184,19754048,16397120,16432064
object_link_nuts,19755008,19802672,16432064,16456608
object_mask_ki_tan,19804160,19806928,16456608,16458352
object_mask_rabit,19808256,19813280,16458352,16460496
object_mask_skj,19816448,19822304,16460496,16464608
object_mask_truth,19824640,19829408,16464608,16467200
object_mask_gibudo,19832832,19836320,16467200,16470736
object_mask_json,19836928,19841888,16470736,16473952
object_mask_kerfay,19845120,19850688,16473952,16477328
object_mask_bigelf,19853312,19866800,16477328,16484368
object_mask_kyojin,19869696,19872928,16484368,16486528
object_mask_romerny,19873792,19880464,16486528,16490576
object_mask_posthat,19881984,19884880,16490576,16492336
object_mask_zacho,19886080,19891856,16492336,16495664
object_mask_stone,19894272,19898432,16495664,16498240
object_mask_bree,19902464,19910048,16498240,16502704
object_mask_gero,19910656,19922576,16502704,16509168
object_mask_yofukasi,19922944,19929760,16509168,16512432
object_mask_meoto,19931136,19938528,16512432,16515536
object_mask_dancer,19939328,19946320,16515536,16519760
object_mask_bakuretu,19947520,19952128,16519760,16522784
object_mask_bu_san,19955712,19960816,16522784,16525952
object_mask_goron,19963904,19969968,16525952,16529680
object_mask_zora,19972096,19976336,16529680,16532496
object_mask_nuts,19980288,19988704,16532496,16537440
object_mask_boy,19992576,20000976,16537440,16542848
object_box,20004864,20037920,16542848,16559168
object_okuta,20041728,20059776,16559168,16568992
object_wallmaster,20062208,20103280,16568992,16595888
object_dy_obj,20107264,20224192,16595888,16672368
object_firefly,20226048,20232384,16672368,16676096
object_dodongo,20234240,20273472,16676096,16703808
object_niw,20275200,20284736,16703808,16708656
object_tite,20287488,20302384,16708656,16718688
object_ph,20303872,20311184,16718688,16722208
object_dinofos,20312064,20366912,16722208,16763904
object_zl1,20369408,20452288,16763904,16808048
object_bubble,20455424,20459712,16808048,16809936
object_test3,20463616,20527104,16809936,16836944
object_famos,20529152,20545088,16836944,16846128
object_st,20545536,20569008,16846128,16859184
object_thiefbird,20570112,20595680,16859184,16874336
object_bombf,20598784,20605440,16874336,16878336
object_am,20606976,20630832,16878336,16890672
object_dekubaba,20631552,20646336,16890672,16900896
object_warp1,20647936,20683776,16900896,16929264
object_b_heart,20684800,20686400,16929264,16930448
object_dekunuts,20688896,20703120,16930448,16939344
object_bb,20705280,20712000,16939344,16943200
object_death,20713472,20765648,16943200,16979280
object_hata,20766720,20778976,16979280,16985264
object_wood02,20779008,20817856,16985264,17009536
object_trap,20819968,20829152,17009536,17016560
object_vm,20832256,20848496,17016560,17024896
object_efc_star_field,20848640,20854736,17024896,17029072
object_rd,20856832,20930944,17029072,17076656
object_yukimura_obj,20934656,20943008,17076656,17082016
object_horse_link_child,20946944,21005552,17082016,17125952
object_syokudai,21008384,21023888,17125952,17134768
object_efc_tw,21024768,21029616,17134768,17139792
object_gi_key,21032960,21035552,17139792,17141024
object_mir_ray,21037056,21040480,17141024,17143632
object_ctower_rot,21041152,21140928,17143632,17203040
object_bdoor,21143552,21175200,17203040,17223184
object_sb,21176320,21187744,17223184,17228784
object_gi_melody,21188608,21191968,17228784,17230272
object_gi_heart,21192704,21193200,17230272,17230672
object_gi_compass,21196800,21200144,17230672,17232352
object_gi_bosskey,21200896,21205008,17232352,17234224
object_gi_nuts,21209088,21213632,17234224,17237168
object_gi_hearts,21217280,21223344,17237168,17239568
object_gi_arrowcase,21225472,21228720,17239568,17241248
object_gi_bombpouch,21229568,21233248,17241248,17242944
object_in,21233664,21352368,17242944,17312864
object_os_anime,21352448,21363856,17312864,17321936
object_gi_bottle,21364736,21367024,17321936,17323232
object_gi_stick,21368832,21370560,17323232,17324544
object_gi_map,21372928,21377376,17324544,17327872
object_oF1d_map,21381120,21466512,17327872,17379376
object_ru2,21467136,21530832,17379376,17413408
object_gi_magicpot,21532672,21537232,17413408,17415552
object_gi_bomb_1,21540864,21544112,17415552,17417104
object_ma2,21544960,21636912,17417104,17480272
object_gi_purse,21639168,21646192,17480272,17486656
object_rr,21647360,21650944,17486656,17489136
object_gi_arrow,21651456,21658384,17489136,17491840
object_gi_bomb_2,21659648,21661344,17491840,17493040
object_gi_shield_2,21663744,21671616,17493040,17496928
object_gi_hookshot,21671936,21677136,17496928,17500608
object_gi_ocarina,21680128,21683120,17500608,17502448
object_gi_milk,21684224,21689456,17502448,17504864
object_ma1,21692416,21804928,17504864,17583424
object_ny,21807104,21816112,17583424,17587680
object_fr,21819392,21865808,17587680,17605632
object_gi_bow,21868544,21873392,17605632,17608480
object_gi_glasses,21876736,21881216,17608480,17610544
object_gi_liquid,21884928,21891280,17610544,17613248
object_ani,21893120,21940416,17613248,17646272
object_gi_shield_3,21942272,21949440,17646272,17651392
object_gi_bean,21950464,21952704,17651392,17652896
object_gi_fish,21954560,21956944,17652896,17654368
object_gi_longsword,21958656,21960896,17654368,17655808
object_zo,21962752,22033472,17655808,17701008
object_umajump,22036480,22042000,17701008,17704000
object_mastergolon,22044672,22044944,17704000,17704224
object_masterzoora,22048768,22050720,17704224,17706320
object_aob,22052864,22083440,17706320,17720848
object_ik,22085632,22165168,17720848,17772368
object_ahg,22167552,22190512,17772368,17783680
object_cne,22192128,22202832,17783680,17788304
object_bji,22204416,22227824,17788304,17800000
object_bba,22228992,22270112,17800000,17822240
object_an1,22274048,22355504,17822240,17880544
object_boj,22355968,22435776,17880544,17946624
object_fz,22437888,22451408,17946624,17951248
object_bob,22454272,22474528,17951248,17958816
object_ge1,22474752,22524384,17958816,17985104
object_yabusame_point,22528000,22531664,17985104,17986576
object_d_hsblock,22532096,22538080,17986576,17991360
object_d_lift,22540288,22549296,17991360,17999328
object_mamenoki,22552576,22562464,17999328,18007392
object_goroiwa,22564864,22607264,18007392,18029456
object_toryo,22609920,22638944,18029456,18043376
object_daiku,22642688,22696768,18043376,18079888
object_nwc,22700032,22707360,18079888,18084592
object_gm,22708224,22708240,18084592,18084624
object_ms,22712320,22728144,18084624,18092976
object_hs,22728704,22753904,18092976,18106144
object_lightswitch,22757376,22766624,18106144,18111408
object_kusa,22769664,22770560,18111408,18112000
object_tsubo,22773760,22780400,18112000,18117680
object_kanban,22781952,22788016,18117680,18119360
object_owl,22790144,22857168,18119360,18150768
object_mk,22859776,22887600,18150768,18166544
object_fu,22888448,22916256,18166544,18180992
object_gi_ki_tan_mask,22917120,22920688,18180992,18182992
object_gi_mask18,22921216,22927552,18182992,18187504
object_gi_rabit_mask,22929408,22933248,18187504,18189536
object_gi_truth_mask,22933504,22939744,18189536,18192704
object_stream,22941696,22944384,18192704,18194160
object_mm,22945792,23001696,18194160,18231136
object_js,23003136,23030304,18231136,18246608
object_cs,23031808,23100288,18246608,18288464
object_gi_soldout,23101440,23102672,18288464,18289120
object_mag,23105536,23241568,18289120,18343568
object_gi_golonmask,23244800,23252256,18343568,18346976
object_gi_zoramask,23252992,23258976,18346976,18349936
object_ka,23261184,23294400,18349936,18365440
object_zg,23298048,23302656,18365440,18366160
object_gi_m_arrow,23306240,23309952,18366160,18367888
object_ds2,23310336,23327344,18367888,18376400
object_fish,23330816,23418352,18376400,18421200
object_gi_sutaru,23420928,23422544,18421200,18422112
object_ssh,23425024,23453072,18422112,18437040
object_bigslime,23453696,23532544,18437040,18494192
object_bg,23535616,23608176,18494192,18531472
object_bombiwa,23609344,23636592,18531472,18554080
object_hintnuts,23638016,23650624,18554080,18562800
object_rs,23654400,23691824,18562800,18585728
object_gla,23695360,23737184,18585728,18611456
object_geldb,23740416,23785728,18611456,18638640
object_dog,23789568,23822592,18638640,18655600
object_kibako2,23826432,23830976,18655600,18659296
object_dns,23834624,23848192,18659296,18668944
object_dnk,23851008,23862144,18668944,18676048
object_gi_insect,23863296,23866352,18676048,18677904
object_gi_ghost,23867392,23870896,18677904,18680352
object_gi_soul,23871488,23875504,18680352,18682432
object_f40_obj,23875584,23893616,18682432,18695744
object_gi_rupy,23896064,23898176,18695744,18696816
object_po_composer,23900160,23939040,18696816,18723904
object_mu,23941120,23988960,18723904,18759264
object_wf,23990272,24032224,18759264,18784096
object_skb,24035328,24063392,18784096,18805280
object_gs,24064000,24066688,18805280,18808080
object_ps,24068096,24099088,18808080,18823840
object_omoya_obj,24100864,24107776,18823840,18828640
object_crow,24109056,24113360,18828640,18830608
object_cow,24117248,24137392,18830608,18841200
object_gi_sword_1,24137728,24142368,18841200,18844048
object_zl4,24145920,24297312,18844048,18951088
object_grasshopper,24297472,24318560,18951088,18965488
object_boyo,24322048,24325776,18965488,18968080
object_fwall,24326144,24349856,18968080,18976672
object_jso,24350720,24397312,18976672,19008800
object_knight,24399872,24542400,19008800,19126000
object_icicle,24543232,24548032,19126000,19130976
object_spdweb,24551424,24561328,19130976,19136320
object_boss01,24563712,24709472,19136320,19242512
object_boss02,24711168,24796576,19242512,19276752
object_boss03,24797184,24858304,19276752,19308976
object_boss04,24858624,24876544,19308976,19318864
object_boss05,24879104,24910112,19318864,19339776
object_boss07,24911872,25216816,19339776,19534816
object_raf,25219072,25232448,19534816,19541568
object_funen,25235456,25236928,19541568,19542656
object_raillift,25239552,25271984,19542656,19563008
object_numa_obj,25272320,25354672,19563008,19606592
object_flowerpot,25358336,25364032,19606592,19610560
object_spinyroll,25366528,25370544,19610560,19613616
object_ice_block,25370624,25377504,19613616,19618080
object_keikoku_demo,25378816,25432880,19618080,19658720
object_slime,25436160,25443440,19658720,19663616
object_pr,25444352,25461584,19663616,19674464
object_f52_obj,25464832,25471968,19674464,19679056
object_f53_obj,25473024,25487984,19679056,19689824
object_kibako,25489408,25496320,19689824,19693728
object_sek,25497600,25516656,19693728,19710448
object_gmo,25518080,25526512,19710448,19715664
object_bat,25530368,25533600,19715664,19716672
object_sekihil,25534464,25547824,19716672,19724768
object_sekihig,25550848,25564176,19724768,19732976
object_sekihin,25567232,25580560,19732976,19741200
object_sekihiz,25583616,25587776,19741200,19744672
object_wiz,25591808,25637680,19744672,19774688
object_ladder,25640960,25645216,19774688,19776592
object_mkk,25649152,25650448,19776592,19777168
object_keikoku_obj,25653248,25674272,19777168,19791072
object_sichitai_obj,25677824,25688336,19791072,19799904
object_dekucity_ana_obj,25690112,25694464,19799904,19803984
object_rat,25698304,25704560,19803984,19807312
object_water_effect,25706496,25723920,19807312,19818320
object_dblue_object,25726976,25828960,19818320,19867712
object_bal,25829376,25884096,19867712,19903152
object_warp_uzu,25886720,25896016,19903152,19907968
object_driftice,25899008,25905888,19907968,19912224
object_fall,25907200,25951040,19912224,19939824
object_hanareyama_obj,25952256,25972160,19939824,19946880
object_crace_object,25972736,25976368,19946880,19949888
object_dnq,25976832,26039584,19949888,19995936
object_obj_tokeidai,26042368,26115200,19995936,20045232
object_eg,26116096,26194416,20045232,20100912
object_tru,26198016,26310112,20100912,20189424
object_trt,26312704,26377984,20189424,20227808
object_hakugin_obj,26378240,26444864,20227808,20283312
object_horse_game_check,26447872,26462544,20283312,20293248
object_stk,26464256,26584032,20293248,20375296
object_mnk,26587136,26707248,20375296,20455744
object_gi_bottle_red,26710016,26714064,20455744,20458240
object_tokei_tobira,26714112,26719680,20458240,20463056
object_az,26722304,26832336,20463056,20515120
object_twig,26832896,26841296,20515120,20521024
object_dekucity_obj,26845184,26863296,20521024,20535808
object_po_fusen,26865664,26875136,20535808,20540496
object_racetsubo,26877952,26884256,20540496,20544464
object_ha,26886144,26972400,20544464,20589280
object_bigokuta,26976256,27003856,20589280,20604768
object_open_obj,27004928,27075696,20604768,20646624
object_fu_kaiten,27078656,27093040,20646624,20656544
object_fu_mato,27095040,27107920,20656544,20662800
object_mtoride,27111424,27181248,20662800,20706224
object_osn,27185152,27317600,20706224,20797392
object_tokei_step,27320320,27322784,20797392,20799360
object_lotus,27324416,27327056,20799360,20801440
object_tl,27328512,27361872,20801440,20825456
object_dkjail_obj,27365376,27369952,20825456,20828512
object_visiblock,27373568,27376384,20828512,20830288
object_tsn,27377664,27415312,20830288,20850304
object_ds2n,27418624,27451776,20850304,20865248
object_fsn,27455488,27538208,20865248,20909696
object_shn,27541504,27611680,20909696,20946704
object_bigicicle,27615232,27626864,20946704,20951328
object_gi_bottle_15,27627520,27635712,20951328,20956000
object_tk,27635712,27683328,20956000,20984416
object_market_obj,27684864,27819472,20984416,21071120
object_gi_reserve00,27820032,27827312,21071120,21076016
object_gi_reserve01,27828224,27833872,21076016,21080592
object_lightblock,27836416,27839408,21080592,21083280
object_takaraya_objects,27840512,27844176,21083280,21084768
object_wdhand,27844608,27852336,21084768,21090304
object_sdn,27852800,27909264,21090304,21132544
object_snowwd,27910144,27921056,21132544,21138768
object_giant,27922432,28019040,21138768,21221488
object_comb,28020736,28025040,21221488,21224432
object_hana,28028928,28030800,21224432,21224976
object_boss_hakugin,28033024,28125248,21224976,21275504
object_meganeana_obj,28127232,28132816,21275504,21280624
object_gi_nutsmask,28135424,28142640,21280624,21284944
object_stk2,28143616,28383504,21284944,21517680
object_spot11_obj,28385280,28393200,21517680,21524768
object_danpei_object,28393472,28409360,21524768,21534032
object_dhouse,28409856,28443328,21534032,21554320
object_hakaisi,28446720,28458992,21554320,21561168
object_po,28459008,28479712,21561168,21574448
object_snowman,28483584,28514096,21574448,21589808
object_po_sisters,28516352,28542416,21589808,21606432
object_pp,28545024,28621568,21606432,21643728
object_goronswitch,28622848,28633520,21643728,21652192
object_delf,28635136,28720656,21652192,21706960
object_botihasira,28721152,28728336,21706960,21711664
object_gi_bigbomb,28729344,28735792,21711664,21715136
object_pst,28737536,28744336,21715136,21720336
object_bsmask,28745728,28797840,21720336,21751520
object_spidertent,28798976,28808128,21751520,21755424
object_zoraegg,28811264,28834224,21755424,21770752
object_kbt,28835840,28897504,21770752,21808480
object_gg,28901376,28967136,21808480,21846656
object_maruta,28971008,28983264,21846656,21852352
object_ghaka,28983296,28998912,21852352,21861536
object_oyu,28999680,29002176,21861536,21863664
object_dnp,29003776,29078592,21863664,21925168
object_dai,29081600,29159648,21925168,21974768
object_kgy,29163520,29232032,21974768,22021264
object_fb,29233152,29261488,22021264,22040048
object_taisou,29261824,29292416,22040048,22070960
object_gk,29294592,29366048,22070960,22118832
object_haka_obj,29368320,29399104,22118832,22141232
object_dnt,29401088,29446864,22141232,22173632
object_yukiyama,29450240,29476976,22173632,22192800
object_icefloe,29478912,29482176,22192800,22195008
object_gi_gold_dust,29483008,29487424,22195008,22198320
object_gi_bottle_16,29491200,29496096,22198320,22201648
object_gi_bottle_22,29499392,29506240,22201648,22206112
object_bee,29507584,29512608,22206112,22208304
object_ot,29515776,29535040,22208304,22218160
object_utubo,29536256,29555408,22218160,22228176
object_dora,29556736,29577744,22228176,22242976
object_gi_loach,29581312,29586496,22242976,22246448
object_gi_seahorse,29589504,29595600,22246448,22250128
object_bigpo,29597696,29621280,22250128,22266144
object_hariko,29622272,29623328,22266144,22266912
object_dno,29626368,29684240,22266912,22311984
object_sinkai_kabe,29687808,29687936,22311984,22312080
object_kin2_obj,29691904,29725632,22312080,22330896
object_ishi,29728768,29731424,22330896,22332880
object_hakugin_demo,29732864,29746064,22332880,22346640
object_jg,29749248,29860384,22346640,22427968
object_gi_sword_2,29863936,29869408,22427968,22431088
object_gi_sword_3,29872128,29876896,22431088,22434160
object_gi_sword_4,29880320,29885536,22434160,22437856
object_um,29888512,29994528,22437856,22489120
object_rb,29995008,30002928,22489120,22494272
object_mbar_obj,30003200,30009824,22494272,22499216
object_ikana_obj,30011392,30100384,22499216,22543744
object_kz,30101504,30165248,22543744,22590128
object_tokei_turret,30167040,30179648,22590128,22596880
object_zog,30183424,30351744,22596880,22726816
object_rotlift,30355456,30375456,22726816,22740592
object_posthouse_obj,30375936,30386560,22740592,22745504
object_gi_mask09,30388224,30394208,22745504,22749104
object_gi_mask14,30396416,30404480,22749104,22754208
object_gi_mask15,30404608,30411616,22754208,22759392
object_inibs_object,30412800,30473952,22759392,22793552
object_tree,30474240,30481248,22793552,22798176
object_kaizoku_obj,30482432,30529696,22798176,22826384
object_gi_reserve_b_00,30531584,30535728,22826384,22828944
object_gi_reserve_c_00,30539776,30544096,22828944,22831232
object_zob,30547968,30617952,22831232,22874240
object_milkbar,30621696,30693552,22874240,22922768
object_dmask,30695424,30712512,22922768,22933280
object_gi_reserve_c_01,30715904,30719744,22933280,22935696
object_zod,30720000,30775744,22935696,22963456
object_kumo30,30777344,30790512,22963456,22974112
object_obj_yasi,30793728,30798944,22974112,22977952
object_tanron1,30801920,30801936,22977952,22977984
object_tanron2,30806016,30810784,22977984,22980000
object_tanron3,30814208,30818976,22980000,22982016
object_gi_magicmushroom,30822400,30825952,22982016,22984528
object_obj_chan,30826496,30840048,22984528,22993248
object_gi_mask10,30842880,30850240,22993248,22997440
object_zos,30851072,30942496,22997440,23063040
object_an2,30945280,30962400,23063040,23078416
object_an3,30965760,30976608,23078416,23088352
object_f40_switch,30978048,30981616,23088352,23090624
object_lodmoon,30982144,30998048,23090624,23100528
object_tro,30998528,31009120,23100528,23103712
object_gi_mask12,31010816,31014656,23103712,23106208
object_gi_mask23,31014912,31020304,23106208,23109392
object_gi_bottle_21,31023104,31030432,23109392,23113920
object_gi_camera,31031296,31037536,23113920,23118192
object_kamejima,31039488,31125152,23118192,23178368
object_nb,31125504,31161424,23178368,23198944
object_harfgibud,31162368,31254016,23198944,23260704
object_zov,31256576,31347312,23260704,23323328
object_ah,31350784,31391360,23323328,23344848
object_hgdoor,31391744,31399232,23344848,23350432
object_dor01,31399936,31405648,23350432,23353616
object_dor02,31408128,31413776,23353616,23358080
object_dor03,31416320,31421648,23358080,23362064
object_dor04,31424512,31430240,23362064,23366016
object_last_obj,31432704,31451936,23366016,23381520
object_redead_obj,31453184,31456176,23381520,23384208
object_ikninside_obj,31457280,31514240,23384208,23424784
object_iknv_obj,31514624,31592848,23424784,23473712
object_pamera,31596544,31654272,23473712,23506304
object_hsstump,31657984,31662560,23506304,23510288
object_zm,31666176,31717520,23510288,23547312
object_al,31719424,31775728,23547312,23582064
object_tab,31776768,31811264,23582064,23601136
object_secom_obj,31813632,31825136,23601136,23609088
object_dt,31825920,31872272,23609088,23633824
object_gi_mask03,31875072,31882928,23633824,23638672
object_cha,31883264,31890960,23638672,23644864
object_obj_dinner,31891456,31901248,23644864,23650480
object_gi_reserve_b_01,31903744,31909600,23650480,23654464
object_lastday,31911936,31922704,23654464,23662976
object_bai,31924224,31957424,23662976,23682016
object_ikn_demo,31961088,32016512,23682016,23723200
object_gi_fieldmap,32018432,32024608,23723200,23728016
object_big_fwall,32026624,32029376,23728016,23730176
object_hunsui,32030720,32037184,23730176,23732384
object_uch,32038912,32058976,23732384,23743504
object_tanron4,32059392,32063104,23743504,23744896
object_tanron5,32063488,32068256,23744896,23746912
object_in2,32071680,32120912,23746912,23780032
object_yb,32124928,32149344,23780032,23790720
object_rz,32149504,32205040,23790720,23822176
object_bjt,32206848,32215968,23822176,23828256
object_taru,32219136,32226528,23828256,23832992
object_moonston,32227328,32231984,23832992,23837360
object_gi_schedule,32235520,32241856,23837360,23841712
object_gi_stonemask,32243712,32248656,23841712,23844720
object_zoraband,32251904,32255808,23844720,23848064
object_kepn_koya,32256000,32288912,23848064,23868784
object_obj_usiyane,32292864,32301792,23868784,23874272
object_gi_mask05,32305152,32312000,23874272,23878208
object_gi_mask11,32313344,32321168,23878208,23882496
object_gi_mask20,32321536,32327744,23882496,23886432
object_nnh,32329728,32341664,23886432,23893440
object_kzsaku,32342016,32346448,23893440,23894864
object_obj_milk_bin,32350208,32356864,23894864,23898464
object_random_obj,32358400,32363248,23898464,23901440
object_kujiya,32366592,32391600,23901440,23914816
object_kitan,32395264,32427968,23914816,23931392
object_gi_mask06,32428032,32434400,23931392,23934640
object_gi_mask16,32436224,32444368,23934640,23939072
object_astr_obj,32444416,32453840,23939072,23944416
object_bsb,32456704,32510944,23944416,23991376
object_fall2,32514048,32549024,23991376,24010768
object_sth,32550912,32563728,24010768,24016288
object_gi_mssa,32567296,32572528,24016288,24019408
object_smtower,32575488,32581520,24019408,24024624
object_gi_mask21,32583680,32588720,24024624,24026880
object_yado_obj,32591872,32596720,24026880,24030416
object_syoten,32600064,32619936,24030416,24041280
object_moonend,32620544,32696832,24041280,24085984
object_ob,32698368,32796336,24085984,24143744
object_gi_bottle_04,32796672,32801376,24143744,24146512
object_and,32804864,32879328,24146512,24187408
object_obj_danpeilift,32882688,32885712,24187408,24189600
object_drs,32886784,32909968,24189600,24203648
object_msmo,32911360,32917152,24203648,24206768
object_an4,32919552,32954576,24206768,24240432
object_wdor01,32956416,32962224,24240432,24244448
object_wdor02,32964608,32970416,24244448,24248912
object_wdor03,32972800,32978608,24248912,24252320
object_wdor04,32980992,32986736,24252320,24256416
object_wdor05,32989184,32994928,24256416,24260016
object_stk3,32997376,33021792,24260016,24285024
object_kinsta1_obj,33021952,33026800,24285024,24288800
object_kinsta2_obj,33030144,33035504,24288800,24292288
object_bh,33038336,33046128,24292288,24296256
object_gi_mask17,33046528,33053776,24296256,24300544
object_gi_mask22,33054720,33060576,24300544,24304400
object_lbfshot,33062912,33068304,24304400,24308656
object_fusen,33071104,33080400,24308656,24314640
object_ending_obj,33083392,33118176,24314640,24337136
object_gi_mask13,33120256,33125888,24337136,24339664
scene_texture_01,33128448,33148160,24339664,24353632
scene_texture_02,33148928,33156352,24353632,24358608
scene_texture_03,33157120,33175552,24358608,24368864
scene_texture_04,33177600,33198592,24368864,24381360
scene_texture_05,33202176,33228800,24381360,24397712
scene_texture_06,33230848,33252448,24397712,24410880
scene_texture_07,33255424,33255440,24410880,24410912
scene_texture_08,33259520,33292288,24410912,24429760
nintendo_rogo_static,33292288,33304000,24429760,24435760
title_static,33304576,33657872,24435760,24615872
memerrmsg,33660928,33674240,24615872,24623344
locerrmsg,33677312,33683968,24623344,24627248
parameter_static,33685504,33730304,24627248,24642128
DBG_020F0000,33730560,33733088,24642128,24643136
DBG_020F1000,33734656,33737184,24643136,24644240
DBG_020F2000,33738752,33741808,24644240,24645248
DBG_020F3000,33742848,33745376,24645248,24646464
week_static,33746944,33762496,24646464,0
daytelop_static,33763328,33803008,24662016,24669920
ger_daytelop_static,33804288,33843968,24669920,24679328
fra_daytelop_static,33845248,33884928,24679328,24686960
esp_daytelop_static,33886208,33925888,24686960,24694784
d2_fine_static,33927168,33976320,24694784,24703536
d2_cloud_static,33976320,34025472,24703536,24725872
d2_fine_pal_static,34025472,34025984,24725872,24726272
elf_message_field,34029568,34029680,24726272,24726416
elf_message_ydan,34033664,34033680,24726416,24726448
Z2_SONCHONOIE,34037760,34104880,24726448,24778944
Z2_SONCHONOIE_room_00,34107392,34218560,24778944,24839808
Z2_SONCHONOIE_room_01,34222080,34297376,24839808,24884048
Z2_SONCHONOIE_room_02,34299904,34353312,24884048,24915696
Z2_BOWLING,34357248,34401216,24915696,24943904
Z2_BOWLING_room_00,34402304,34441824,24943904,24959616
Z2_HAKASHITA,34443264,34474112,24959616,24978208
Z2_HAKASHITA_room_00,34476032,34511456,24978208,24991424
Z2_20SICHITAI2,34512896,34563712,24991424,25027056
Z2_20SICHITAI2_room_00,34566144,34598976,25027056,25042496
Z2_20SICHITAI2_room_01,34603008,34633264,25042496,25058144
Z2_20SICHITAI2_room_02,34635776,34664416,25058144,25070864
Z2_20SICHITAI2_room_03,34664448,34682480,25070864,25080112
Z2_20SICHITAI2_room_04,34684928,34707904,25080112,25092560
Z2_AYASHIISHOP,34709504,34722976,25092560,25101936
Z2_AYASHIISHOP_room_00,34725888,34798208,25101936,25135520
Z2_AYASHIISHOP_room_01,34799616,34821408,25135520,25143600
TEST01,34824192,34871312,25143600,25176928
TEST01_room_00,34873344,34911712,25176928,25192704
TEST01_room_01,34914304,34979920,25192704,25222352
TEST01_room_02,34983936,35024816,25222352,25241888
KAKUSIANA,35024896,35041440,25241888,25254080
KAKUSIANA_room_00,35045376,35065168,25254080,25261520
SPOT00,35065856,35095808,25261520,25279936
SPOT00_room_00,35098624,35136976,25279936,25295968
SPOT00_room_01,35139584,35168128,25295968,25310192
SPOT00_room_02,35168256,35209584,25310192,25330112
SPOT00_room_03,35213312,35253616,25330112,25347696
Z2_IKANA,35254272,35378048,25347696,25409440
Z2_IKANA_room_00,35381248,35551088,25409440,25520544
Z2_IKANA_room_01,35553280,35554448,25520544,25521072
Z2_IKANA_room_02,35557376,35572528,25521072,25530672
Z2_IKANA_room_03,35573760,35585376,25530672,25538784
Z2_IKANA_room_04,35586048,35620976,25538784,25560960
Z2_KAIZOKU,35622912,35695904,25560960,25609520
Z2_KAIZOKU_room_00,35696640,35778368,25609520,25632448
Z2_MILK_BAR,35778560,35832784,25632448,25665696
Z2_MILK_BAR_room_00,35835904,35880832,25665696,25682736
Z2_INISIE_N,35880960,35956272,25682736,25726560
Z2_INISIE_N_room_00,35958784,36018752,25726560,25753216
Z2_INISIE_N_room_01,36020224,36062464,25753216,25772416
Z2_INISIE_N_room_02,36065280,36095728,25772416,25783696
Z2_INISIE_N_room_03,36098048,36141120,25783696,25800912
Z2_INISIE_N_room_04,36143104,36173104,25800912,25812672
Z2_INISIE_N_room_05,36175872,36176304,25812672,25812944
Z2_INISIE_N_room_06,36179968,36180400,25812944,25813216
Z2_INISIE_N_room_07,36184064,36199184,25813216,25819568
Z2_INISIE_N_room_08,36200448,36219984,25819568,25827568
Z2_INISIE_N_room_09,36220928,36254352,25827568,25843760
Z2_INISIE_N_room_10,36257792,36276784,25843760,25853776
Z2_INISIE_N_room_11,36278272,36278736,25853776,25854096
Z2_TAKARAYA,36282368,36321408,25854096,25879312
Z2_TAKARAYA_room_00,36323328,36355712,25879312,25891952
Z2_INISIE_R,36356096,36429952,25891952,25933232
Z2_INISIE_R_room_00,36433920,36488304,25933232,25957680
Z2_INISIE_R_room_01,36491264,36529744,25957680,25975264
Z2_INISIE_R_room_02,36532224,36566032,25975264,25987856
Z2_INISIE_R_room_03,36569088,36613744,25987856,26006256
Z2_INISIE_R_room_04,36614144,36640416,26006256,26017648
Z2_INISIE_R_room_05,36642816,36643424,26017648,26018064
Z2_INISIE_R_room_06,36646912,36647488,26018064,26018432
Z2_INISIE_R_room_07,36651008,36651472,26018432,26018736
Z2_INISIE_R_room_08,36655104,36672560,26018736,26025008
Z2_INISIE_R_room_09,36675584,36676048,26025008,26025344
Z2_INISIE_R_room_10,36679680,36702160,26025344,26036576
Z2_INISIE_R_room_11,36704256,36721408,26036576,26044080
Z2_OKUJOU,36724736,36835232,26044080,26093312
Z2_OKUJOU_room_00,36835328,36847488,26093312,26097888
Z2_OPENINGDAN,36847616,36892256,26097888,26121872
Z2_OPENINGDAN_room_00,36892672,36939984,26121872,26147280
Z2_OPENINGDAN_room_01,36941824,36968112,26147280,26160240
Z2_MITURIN,36970496,37065616,26160240,26219280
Z2_MITURIN_room_00,37068800,37108816,26219280,26236768
Z2_MITURIN_room_01,37109760,37144688,26236768,26252432
Z2_MITURIN_room_02,37146624,37174496,26252432,26266256
Z2_MITURIN_room_03,37175296,37215680,26266256,26283232
Z2_MITURIN_room_04,37216256,37225552,26283232,26288336
Z2_MITURIN_room_05,37228544,37253184,26288336,26298768
Z2_MITURIN_room_06,37257216,37269520,26298768,26305520
Z2_MITURIN_room_07,37273600,37287776,26305520,26313088
Z2_MITURIN_room_08,37289984,37316400,26313088,26327072
Z2_MITURIN_room_09,37318656,37363168,26327072,26347952
Z2_MITURIN_room_10,37363712,37383856,26347952,26355584
Z2_MITURIN_room_11,37384192,37412256,26355584,26370112
Z2_MITURIN_room_12,37412864,37428368,26370112,26382448
Z2_13HUBUKINOMITI,37429248,37461488,26382448,26409840
Z2_13HUBUKINOMITI_room_00,37462016,37479712,26409840,26421600
Z2_CASTLE,37482496,37546096,26421600,26461904
Z2_CASTLE_room_00,37548032,37646400,26461904,26517536
Z2_CASTLE_room_01,37650432,37675616,26517536,26530336
Z2_CASTLE_room_02,37679104,37701440,26530336,26544800
Z2_CASTLE_room_03,37703680,37725552,26544800,26557328
Z2_CASTLE_room_04,37728256,37762784,26557328,26575696
Z2_CASTLE_room_05,37765120,37781616,26575696,26583840
Z2_CASTLE_room_06,37785600,37795264,26583840,26588704
Z2_CASTLE_room_07,37797888,37807728,26588704,26593232
Z2_CASTLE_room_08,37810176,37814032,26593232,26595392
Z2_CASTLE_room_09,37814272,37818128,26595392,26597536
Z2_DEKUTES,37818368,37854864,26597536,26624048
Z2_DEKUTES_room_00,37855232,37872480,26624048,26630800
Z2_MITURIN_BS,37875712,37888432,26630800,26643088
Z2_MITURIN_BS_room_00,37892096,37899440,26643088,26645424
Z2_SYATEKI_MIZU,37900288,37938880,26645424,26670912
Z2_SYATEKI_MIZU_room_00,37941248,37966160,26670912,26680288
Z2_HAKUGIN,37969920,38083024,26680288,26755440
Z2_HAKUGIN_room_00,38084608,38118448,26755440,26778912
Z2_HAKUGIN_room_01,38121472,38149392,26778912,26800928
Z2_HAKUGIN_room_02,38150144,38200480,26800928,26834640
Z2_HAKUGIN_room_03,38203392,38226000,26834640,26850304
Z2_HAKUGIN_room_04,38227968,38365088,26850304,26932064
Z2_HAKUGIN_room_05,38367232,38397600,26932064,26951824
Z2_HAKUGIN_room_06,38400000,38414928,26951824,26963504
Z2_HAKUGIN_room_07,38416384,38443696,26963504,26985168
Z2_HAKUGIN_room_08,38445056,38465488,26985168,26998624
Z2_HAKUGIN_room_09,38465536,38499392,26998624,27021152
Z2_HAKUGIN_room_10,38502400,38515840,27021152,27030224
Z2_HAKUGIN_room_11,38518784,38530864,27030224,27038608
Z2_HAKUGIN_room_12,38531072,38550800,27038608,27052976
Z2_HAKUGIN_room_13,38551552,38568704,27052976,27067344
Z2_ROMANYMAE,38572032,38586032,27067344,27077600
Z2_ROMANYMAE_room_00,38588416,38601568,27077600,27085184
Z2_PIRATE,38604800,38688336,27085184,27134784
Z2_PIRATE_room_00,38690816,38703040,27134784,27139728
Z2_PIRATE_room_01,38703104,38723072,27139728,27147136
Z2_PIRATE_room_02,38723584,38745216,27147136,27154432
Z2_PIRATE_room_03,38748160,38844768,27154432,27193232
Z2_PIRATE_room_04,38846464,38859104,27193232,27199024
Z2_PIRATE_room_05,38862848,38927136,27199024,27217376
Z2_PIRATE_room_06,38928384,38944000,27217376,27225056
Z2_PIRATE_room_07,38944768,39016960,27225056,27253776
Z2_PIRATE_room_08,39018496,39032800,27253776,27260368
Z2_PIRATE_room_09,39034880,39075120,27260368,27278336
Z2_PIRATE_room_10,39075840,39119968,27278336,27297504
Z2_PIRATE_room_11,39120896,39160944,27297504,27315184
Z2_PIRATE_room_12,39161856,39216688,27315184,27337360
Z2_PIRATE_room_13,39219200,39236080,27337360,27345024
Z2_PIRATE_room_14,39239680,39245120,27345024,27348496
Z2_SYATEKI_MORI,39247872,39320784,27348496,27396720
Z2_SYATEKI_MORI_room_00,39321600,39346256,27396720,27407856
Z2_SINKAI,39350272,39390880,27407856,27441680
Z2_SINKAI_room_00,39391232,39423056,27441680,27459696
Z2_YOUSEI_IZUMI,39424000,39568320,27459696,27523200
Z2_YOUSEI_IZUMI_room_00,39571456,39592160,27523200,27532144
Z2_YOUSEI_IZUMI_room_01,39596032,39616608,27532144,27540992
Z2_YOUSEI_IZUMI_room_02,39620608,39641216,27540992,27549824
Z2_YOUSEI_IZUMI_room_03,39645184,39665760,27549824,27558688
Z2_YOUSEI_IZUMI_room_04,39669760,39690384,27558688,27567568
Z2_KINSTA1,39694336,39738464,27567568,27595712
Z2_KINSTA1_room_00,39739392,39748128,27595712,27599072
Z2_KINSTA1_room_01,39751680,39792896,27599072,27615616
Z2_KINSTA1_room_02,39796736,39818784,27615616,27627024
Z2_KINSTA1_room_03,39821312,39839440,27627024,27634784
Z2_KINSTA1_room_04,39841792,39878736,27634784,27648576
Z2_KINSTA1_room_05,39882752,39890736,27648576,27652864
Z2_KINDAN2,39890944,39956032,27652864,27693280
Z2_KINDAN2_room_00,39956480,39983680,27693280,27708432
Z2_KINDAN2_room_01,39985152,40035088,27708432,27726736
Z2_KINDAN2_room_02,40038400,40080192,27726736,27744320
Z2_KINDAN2_room_03,40083456,40121376,27744320,27759840
Z2_KINDAN2_room_04,40124416,40143552,27759840,27767984
Z2_KINDAN2_room_05,40144896,40177136,27767984,27782976
Z2_TENMON_DAI,40177664,40212352,27782976,27805632
Z2_TENMON_DAI_room_00,40214528,40289056,27805632,27837264
Z2_TENMON_DAI_room_01,40292352,40393392,27837264,27885632
Z2_LAST_DEKU,40394752,40411024,27885632,27897104
Z2_LAST_DEKU_room_00,40411136,40467200,27897104,27938096
Z2_LAST_DEKU_room_01,40468480,40486816,27938096,27952160
Z2_22DEKUCITY,40488960,40542752,27952160,27988768
Z2_22DEKUCITY_room_00,40546304,40618576,27988768,28021280
Z2_22DEKUCITY_room_01,40620032,40679760,28021280,28046528
Z2_22DEKUCITY_room_02,40681472,40756464,28046528,28080368
Z2_KAJIYA,40759296,40790480,28080368,28102832
Z2_KAJIYA_room_00,40792064,40847648,28102832,28124336
Z2_00KEIKOKU,40849408,41080192,28124336,28266528
Z2_00KEIKOKU_room_00,41082880,41248864,28266528,28341184
Z2_POSTHOUSE,41250816,41289648,28341184,28367456
Z2_POSTHOUSE_room_00,41291776,41326864,28367456,28380576
Z2_LABO,41328640,41385024,28380576,28417872
Z2_LABO_room_00,41385984,41420448,28417872,28432864
Z2_DANPEI2TEST,41422848,41446480,28432864,28451152
Z2_DANPEI2TEST_room_00,41447424,41540704,28451152,28491840
Z2_DANPEI2TEST_room_01,41541632,41565360,28491840,28500368
Z2_16GORON_HOUSE,41566208,41620064,28500368,28538624
Z2_16GORON_HOUSE_room_00,41623552,41674192,28538624,28561824
Z2_16GORON_HOUSE_room_01,41676800,41706352,28561824,28575728
Z2_33ZORACITY,41709568,41768816,28575728,28624544
Z2_33ZORACITY_room_00,41771008,41812048,28624544,28644240
Z2_8ITEMSHOP,41816064,41857648,28644240,28671920
Z2_8ITEMSHOP_room_00,41861120,41912880,28671920,28691264
Z2_F01,41914368,42030176,28691264,28770592
Z2_F01_room_00,42033152,42087104,28770592,28797680
Z2_INISIE_BS,42090496,42101776,28797680,28804928
Z2_INISIE_BS_room_00,42102784,42103216,28804928,28805184
Z2_30GYOSON,42106880,42233296,28805184,28893216
Z2_30GYOSON_room_00,42233856,42353408,28893216,28948544
Z2_31MISAKI,42356736,42459024,28948544,29022880
Z2_31MISAKI_room_00,42459136,42554480,29022880,29069216
Z2_TAKARAKUJI,42557440,42567184,29069216,29077344
Z2_TAKARAKUJI_room_00,42569728,42581584,29077344,29081872
Z2_TORIDE,42582016,42631248,29081872,29121696
Z2_TORIDE_room_00,42635264,42689024,29121696,29144224
Z2_FISHERMAN,42692608,42729808,29144224,29172784
Z2_FISHERMAN_room_00,42733568,42767680,29172784,29186992
Z2_GORONSHOP,42770432,42820400,29186992,29222576
Z2_GORONSHOP_room_00,42823680,42861984,29222576,29238336
Z2_DEKU_KING,42864640,42937280,29238336,29283520
Z2_DEKU_KING_room_00,42938368,42976480,29283520,29300368
Z2_LAST_GORON,42979328,43017664,29300368,29323616
Z2_LAST_GORON_room_00,43020288,43110032,29323616,29375264
Z2_LAST_GORON_room_01,43110400,43128000,29375264,29389312
Z2_24KEMONOMITI,43130880,43162448,29389312,29413408
Z2_24KEMONOMITI_room_00,43163648,43188704,29413408,29426912
Z2_F01_B,43192320,43239712,29426912,29465616
Z2_F01_B_room_00,43241472,43270784,29465616,29478256
Z2_F01C,43274240,43332272,29478256,29518272
Z2_F01C_room_00,43335680,43358768,29518272,29527728
Z2_BOTI,43360256,43418064,29527728,29573056
Z2_BOTI_room_00,43421696,43471328,29573056,29599776
Z2_BOTI_room_01,43474944,43510560,29599776,29622112
Z2_HAKUGIN_BS,43511808,43544496,29622112,29646960
Z2_HAKUGIN_BS_room_00,43544576,43569744,29646960,29657664
Z2_20SICHITAI,43573248,43644256,29657664,29713424
Z2_20SICHITAI_room_00,43646976,43768720,29713424,29783344
Z2_20SICHITAI_room_01,43769856,43853056,29783344,29834064
Z2_20SICHITAI_room_02,43855872,43914464,29834064,29871136
Z2_21MITURINMAE,43917312,43962352,29871136,29902992
Z2_21MITURINMAE_room_00,43962368,44026944,29902992,29927136
Z2_LAST_ZORA,44027904,44111904,29927136,29992112
Z2_LAST_ZORA_room_00,44113920,44173152,29992112,30013408
Z2_11GORONNOSATO2,44175360,44201728,30013408,30034336
Z2_11GORONNOSATO2_room_00,44204032,44295920,30034336,30093104
Z2_11GORONNOSATO2_room_01,44298240,44308128,30093104,30098672
Z2_SEA,44310528,44427072,30098672,30173424
Z2_SEA_room_00,44429312,44489312,30173424,30197616
Z2_SEA_room_01,44490752,44524448,30197616,30210240
Z2_SEA_room_02,44527616,44536000,30210240,30214032
Z2_SEA_room_03,44539904,44549184,30214032,30217808
Z2_SEA_room_04,44552192,44587920,30217808,30233760
Z2_SEA_room_05,44589056,44610288,30233760,30245184
Z2_SEA_room_06,44613632,44662160,30245184,30267696
Z2_SEA_room_07,44662784,44683456,30267696,30278848
Z2_SEA_room_08,44687360,44729344,30278848,30294864
Z2_SEA_room_09,44732416,44751600,30294864,30301808
Z2_SEA_room_10,44752896,44788512,30301808,30316640
Z2_SEA_room_11,44789760,44833520,30316640,30335728
Z2_SEA_room_12,44834816,44868976,30335728,30349424
Z2_SEA_room_13,44871680,44885904,30349424,30356384
Z2_SEA_room_14,44888064,44895040,30356384,30360256
Z2_SEA_room_15,44896256,44902768,30360256,30362560
Z2_35TAKI,44904448,45004800,30362560,30446240
Z2_35TAKI_room_00,45006848,45108496,30446240,30499760
Z2_REDEAD,45109248,45162544,30499760,30533184
Z2_REDEAD_room_00,45166592,45187824,30533184,30541808
Z2_REDEAD_room_01,45191168,45226896,30541808,30555792
Z2_REDEAD_room_02,45228032,45260928,30555792,30568576
Z2_REDEAD_room_03,45264896,45295920,30568576,30580448
Z2_REDEAD_room_04,45297664,45327424,30580448,30592896
Z2_REDEAD_room_05,45330432,45368224,30592896,30607072
Z2_REDEAD_room_06,45371392,45399712,30607072,30618816
Z2_REDEAD_room_07,45400064,45424832,30618816,30628288
Z2_REDEAD_room_08,45428736,45438560,30628288,30632224
Z2_REDEAD_room_09,45441024,45451312,30632224,30636384
Z2_REDEAD_room_10,45453312,45464064,30636384,30640704
Z2_REDEAD_room_11,45465600,45504384,30640704,30663680
Z2_REDEAD_room_12,45506560,45510544,30663680,30665168
Z2_REDEAD_room_13,45510656,45516944,30665168,30667488
Z2_BANDROOM,45518848,45566128,30667488,30699184
Z2_BANDROOM_room_00,45568000,45641680,30699184,30744224
Z2_BANDROOM_room_01,45641728,45688608,30744224,30771312
Z2_BANDROOM_room_02,45690880,45749680,30771312,30804336
Z2_BANDROOM_room_03,45752320,45795184,30804336,30831600
Z2_BANDROOM_room_04,45797376,45835856,30831600,30853264
Z2_11GORONNOSATO,45838336,45860608,30853264,30870400
Z2_11GORONNOSATO_room_00,45862912,45943904,30870400,30918624
Z2_11GORONNOSATO_room_01,45944832,45955680,30918624,30925248
Z2_GORON_HAKA,45957120,45991824,30925248,30949872
Z2_GORON_HAKA_room_00,45993984,46026160,30949872,30964432
Z2_SECOM,46026752,46053904,30964432,30980992
Z2_SECOM_room_00,46055424,46068464,30980992,30988688
Z2_SECOM_room_01,46071808,46135728,30988688,31016672
Z2_10YUKIYAMANOMURA,46137344,46196304,31016672,31057184
Z2_10YUKIYAMANOMURA_room_00,46198784,46245568,31057184,31080416
Z2_TOUGITES,46247936,46274496,31080416,31099088
Z2_TOUGITES_room_00,46276608,46294480,31099088,31107376
Z2_DANPEI,46297088,46365440,31107376,31153408
Z2_DANPEI_room_00,46366720,46410688,31153408,31175264
Z2_DANPEI_room_01,46411776,46445184,31175264,31190432
Z2_DANPEI_room_02,46448640,46500048,31190432,31214000
Z2_DANPEI_room_03,46501888,46542608,31214000,31236064
Z2_DANPEI_room_04,46542848,46564528,31236064,31246832
Z2_DANPEI_room_05,46567424,46607984,31246832,31266224
Z2_DANPEI_room_06,46608384,46654032,31266224,31285440
Z2_DANPEI_room_07,46657536,46713616,31285440,31311040
Z2_DANPEI_room_08,46714880,46740496,31311040,31325616
Z2_IKANAMAE,46743552,46776464,31325616,31352912
Z2_IKANAMAE_room_00,46780416,46799824,31352912,31363216
Z2_DOUJOU,46800896,46830896,31363216,31385632
Z2_DOUJOU_room_00,46833664,46859488,31385632,31396048
Z2_MUSICHOUSE,46862336,46966784,31396048,31465408
Z2_MUSICHOUSE_room_00,46968832,47020640,31465408,31486464
Z2_IKNINSIDE,47022080,47067120,31486464,31514736
Z2_IKNINSIDE_room_00,47067136,47077856,31514736,31518640
Z2_IKNINSIDE_room_01,47079424,47110208,31518640,31532848
Z2_MAP_SHOP,47112192,47140896,31532848,31553840
Z2_MAP_SHOP_room_00,47144960,47167584,31553840,31561856
Z2_F40,47169536,47252224,31561856,31624368
Z2_F40_room_00,47255552,47304304,31624368,31647920
Z2_F41,47304704,47385328,31647920,31709072
Z2_F41_room_00,47386624,47434080,31709072,31731728
Z2_10YUKIYAMANOMURA2,47435776,47464544,31731728,31750592
Z2_10YUKIYAMANOMURA2_room_00,47468544,47592592,31750592,31825520
Z2_10YUKIYAMANOMURA2_room_01,47595520,47603248,31825520,31829856
Z2_14YUKIDAMANOMITI,47603712,47627504,31829856,31847584
Z2_14YUKIDAMANOMITI_room_00,47628288,47646128,31847584,31858880
Z2_12HAKUGINMAE,47648768,47678816,31858880,31882640
Z2_12HAKUGINMAE_room_00,47681536,47710384,31882640,31900224
Z2_17SETUGEN,47714304,47754160,31900224,31925744
Z2_17SETUGEN_room_00,47755264,47785712,31925744,31940496
Z2_17SETUGEN2,47788032,47823568,31940496,31969136
Z2_17SETUGEN2_room_00,47824896,47854048,31969136,31983968
Z2_SEA_BS,47857664,47878896,31983968,32002192
Z2_SEA_BS_room_00,47882240,47904976,32002192,32010368
Z2_RANDOM,47906816,47952096,32010368,32041376
Z2_RANDOM_room_00,47955968,47967008,32041376,32046240
Z2_RANDOM_room_01,47968256,48006992,32046240,32061200
Z2_RANDOM_room_02,48009216,48038352,32061200,32075664
Z2_RANDOM_room_03,48041984,48071408,32075664,32090256
Z2_RANDOM_room_04,48074752,48088512,32090256,32096848
Z2_RANDOM_room_05,48091136,48106496,32096848,32104864
Z2_YADOYA,48107520,48169632,32104864,32139024
Z2_YADOYA_room_00,48173056,48272576,32139024,32180368
Z2_YADOYA_room_01,48275456,48309040,32180368,32194608
Z2_YADOYA_room_02,48312320,48336608,32194608,32203680
Z2_YADOYA_room_03,48336896,48357568,32203680,32210944
Z2_YADOYA_room_04,48361472,48391472,32210944,32220960
Z2_KONPEKI_ENT,48394240,48423456,32220960,32239664
Z2_KONPEKI_ENT_room_00,48427008,48452512,32239664,32251360
Z2_INSIDETOWER,48455680,48487808,32251360,32262976
Z2_INSIDETOWER_room_00,48488448,48552464,32262976,32302304
Z2_INSIDETOWER_room_01,48553984,48554416,32302304,32302560
Z2_26SARUNOMORI,48558080,48608480,32302560,32336704
Z2_26SARUNOMORI_room_00,48611328,48625136,32336704,32344080
Z2_26SARUNOMORI_room_01,48627712,48641504,32344080,32351344
Z2_26SARUNOMORI_room_02,48644096,48661088,32351344,32361568
Z2_26SARUNOMORI_room_03,48664576,48674672,32361568,32366720
Z2_26SARUNOMORI_room_04,48676864,48690256,32366720,32373840
Z2_26SARUNOMORI_room_05,48693248,48703344,32373840,32378992
Z2_26SARUNOMORI_room_06,48705536,48721968,32378992,32387760
Z2_26SARUNOMORI_room_07,48726016,48736112,32387760,32392944
Z2_26SARUNOMORI_room_08,48738304,48751920,32392944,32400336
Z2_LOST_WOODS,48754688,48818656,32400336,32431568
Z2_LOST_WOODS_room_00,48820224,48853232,32431568,32454144
Z2_LOST_WOODS_room_01,48857088,48897312,32454144,32482608
Z2_LOST_WOODS_room_02,48898048,48905664,32482608,32485200
Z2_LAST_LINK,48906240,48935696,32485200,32508912
Z2_LAST_LINK_room_00,48939008,48951744,32508912,32516832
Z2_LAST_LINK_room_01,48955392,48965120,32516832,32522560
Z2_LAST_LINK_room_02,48967680,48979696,32522560,32530736
Z2_LAST_LINK_room_03,48979968,48995152,32530736,32541296
Z2_LAST_LINK_room_04,48996352,49002896,32541296,32544736
Z2_LAST_LINK_room_05,49004544,49020720,32544736,32556832
Z2_LAST_LINK_room_06,49020928,49023808,32556832,32557920
Z2_LAST_LINK_room_07,49025024,49027904,32557920,32559008
Z2_SOUGEN,49029120,49074128,32559008,32589504
Z2_SOUGEN_room_00,49074176,49105632,32589504,32603648
Z2_BOMYA,49106944,49158512,32603648,32634416
Z2_BOMYA_room_00,49160192,49192672,32634416,32646800
Z2_KYOJINNOMA,49192960,49253808,32646800,32664064
Z2_KYOJINNOMA_room_00,49254400,49261104,32664064,32666448
Z2_KOEPONARACE,49262592,49304720,32666448,32701408
Z2_KOEPONARACE_room_00,49307648,49341504,32701408,32718768
Z2_GORONRACE,49344512,49407632,32718768,32768400
Z2_GORONRACE_room_00,49410048,49466224,32768400,32802528
Z2_TOWN,49467392,49592176,32802528,32889600
Z2_TOWN_room_00,49594368,49690272,32889600,32929488
Z2_ICHIBA,49692672,49782336,32929488,32992176
Z2_ICHIBA_room_00,49782784,49826560,32992176,33008784
Z2_BACKTOWN,49827840,49897184,33008784,33057328
Z2_BACKTOWN_room_00,49897472,49938816,33057328,33074272
Z2_CLOCKTOWER,49942528,50083424,33074272,33169936
Z2_CLOCKTOWER_room_00,50085888,50165936,33169936,33198576
Z2_ALLEY,50167808,50223200,33198576,33239584
Z2_ALLEY_room_00,50225152,50261232,33239584,33255392
Z2_OMOYA,50262016,50313040,33255392,33269504
Z2_OMOYA_room_00,50315264,50317584,33269504,33270608
Z2_WITCH_SHOP,50319360,50384080,33270608,33319424
Z2_WITCH_SHOP_room_00,50384896,50399888,33319424,33327744
Z2_WITCH_SHOP_room_01,50401280,50428208,33327744,33348368
Z2_WITCH_SHOP_room_02,50429952,50438560,33348368,33353424
Z2_WITCH_SHOP_room_03,50442240,50451104,33353424,33359376
Z2_WITCH_SHOP_room_04,50454528,50461088,33359376,33362848
Z2_WITCH_SHOP_room_05,50462720,50468592,33362848,33366544
Z2_WITCH_SHOP_room_06,50470912,50479920,33366544,33371376
Z2_WITCH_SHOP_room_07,50483200,50494080,33371376,33379360
Z2_WITCH_SHOP_room_08,50495488,50508128,33379360,33387232
Z2_WITCH_SHOP_room_09,50511872,50520592,33387232,33392224
Z2_WITCH_SHOP_room_10,50524160,50529184,33392224,33395104
Z2_WITCH_SHOP_room_11,50532352,50542064,33395104,33402128
Z2_WITCH_SHOP_room_12,50544640,50570464,33402128,33417776
Z2_WITCH_SHOP_room_13,50573312,50587488,33417776,33425328
Z2_WITCH_SHOP_room_14,50589696,50598608,33425328,33430208
Z2_LAST_BS,50601984,50603008,33430208,33430880
Z2_LAST_BS_room_00,50606080,50606096,50606080,0
bump_texture_static,50610176,50610192,50610176,0
anime_model_1_static,50614272,50614288,50614272,0
anime_model_2_static,50618368,50618384,50618368,0
anime_model_3_static,50622464,50622480,50622464,0
anime_model_4_static,50626560,50626576,50626560,0
anime_model_5_static,50630656,50630672,50630656,0
anime_model_6_static,50634752,50634768,50634752,0
anime_texture_1_static,50638848,50638864,50638848,0
anime_texture_2_static,50642944,50642960,50642944,0
anime_texture_3_static,50647040,50647056,50647040,0
anime_texture_4_static,50651136,50651152,50651136,0
anime_texture_5_static,50655232,50655296,50655232,0
anime_texture_6_static,0,0,0,0
softsprite_matrix_static,0,0,0,0
