makerom,0,4192,0,0
boot,4192,109392,4192,0
dmadata,109392,134512,109392,0
Audiobank,134512,291168,134512,0
Audioseq,291168,624096,291168,0
Audiotable,624096,6163792,624096,0
kanji,6163792,6672464,6163792,0
link_animetion,6676480,9797024,6672464,0
icon_item_static_old,9797632,10411712,9797632,0
icon_item_24_static_old,10412032,10442496,10412032,0
icon_item_field_static,10444800,10529520,9793008,9834768
icon_item_dungeon_static,10530816,10550144,9834768,9839792
icon_item_gameover_static,10551296,10564352,9839792,9845680
icon_item_jpn_static,10567680,10603008,9845680,9861328
icon_item_vtx_static,10604544,10605280,9861328,9861568
map_i_static,10608640,10613520,9861568,0
map_grand_static,10613520,10651232,9866448,0
item_name_static,10651232,10707696,9904160,0
map_name_static,10707696,10714128,9960624,0
icon_item_static_test,10714128,10997472,9967056,0
icon_item_24_static_test,10997472,11016096,10250400,0
schedule_dma_static_old,11016096,11061696,11016096,0
schedule_dma_static_test,11063296,11090448,10269024,0
schedule_static,11090448,11116768,10296176,10305056
story_static,11120640,11275264,10305056,10416832
do_action_static,11276288,11292416,10416832,0
message_static,11292672,11313536,10432960,0
message_texture_static,11317248,11321856,10453824,0
nes_font_static,11325440,11345408,10458432,0
message_data_static,11345920,11777904,10478400,0
staff_message_data_static,11780096,11783392,10910384,0
code,11784192,13084304,10913680,11689744
ovl_title,13084304,13086624,11689744,11691520
ovl_select,13086624,13100160,11691520,11699520
ovl_opening,13100160,13100704,11699520,11700000
ovl_file_choose,13100704,13177536,11700000,11742800
ovl_daytelop,13177536,13182128,11742800,11744688
ovl_kaleido_scope,13182128,13278768,11744688,11802352
ovl_Player_Actor,13278768,13495472,11802352,11948432
ovl_En_Test,13495472,13498800,11948432,11951136
ovl_En_GirlA,13498800,13505712,11951136,11954400
ovl_En_Part,13505712,13507280,11954400,11955760
ovl_En_Light,13507280,13510976,11955760,11958336
ovl_En_Door,13510976,13516032,11958336,11962320
ovl_En_Box,13516032,13524752,11962320,11968672
ovl_En_Pametfrog,13524752,13541280,11968672,11979552
ovl_En_Okuta,13541280,13553456,11979552,11988048
ovl_En_Bom,13553456,13567952,11988048,11997424
ovl_En_Wallmas,13567952,13575728,11997424,12002928
ovl_En_Dodongo,13575728,13588144,12002928,12011696
ovl_En_Firefly,13588144,13596400,12011696,12017408
ovl_En_Horse,13596400,13656576,12017408,12052640
ovl_En_Arrow,13656576,13665488,12052640,12058960
ovl_En_Elf,13665488,13684768,12058960,12072112
ovl_En_Niw,13684768,13694896,12072112,12079632
ovl_En_Tite,13694896,13709040,12079632,12089184
ovl_En_Peehat,13709040,13719840,12089184,12096624
ovl_En_Holl,13719840,13723296,12096624,12099248
ovl_En_Dinofos,13723296,13740192,12099248,12110400
ovl_En_Hata,13740192,13741392,12110400,12111472
ovl_En_Zl1,13741392,13741536,12111472,12111568
ovl_En_Viewer,13741536,13743248,12111568,12112832
ovl_En_Bubble,13743248,13748384,12112832,12116736
ovl_Door_Shutter,13748384,13755520,12116736,12121888
ovl_En_Boom,13755520,13758816,12121888,12124704
ovl_En_Torch2,13758816,13760032,12124704,12125760
ovl_En_Minifrog,13760032,13766656,12125760,12130496
ovl_En_St,13766656,13777120,12130496,12137856
ovl_Obj_Wturn,13777120,13778400,12137856,12138864
ovl_En_River_Sound,13778400,13779024,12138864,12139440
ovl_En_Ossan,13779024,13797584,12139440,12150640
ovl_En_Famos,13797584,13805680,12150640,12155968
ovl_En_Bombf,13805680,13810816,12155968,12160000
ovl_En_Am,13810816,13816544,12160000,12164128
ovl_En_Dekubaba,13816544,13832672,12164128,12174704
ovl_En_M_Fire1,13832672,13833072,12174704,12175040
ovl_En_M_Thunder,13833072,13841168,12175040,12180304
ovl_Bg_Breakwall,13841168,13845568,12180304,12183360
ovl_Door_Warp1,13845568,13859744,12183360,12192624
ovl_Obj_Syokudai,13859744,13863280,12192624,12195488
ovl_Item_B_Heart,13863280,13864288,12195488,12196304
ovl_En_Dekunuts,13864288,13872544,12196304,12201792
ovl_En_Bbfall,13872544,13880240,12201792,12207680
ovl_Arms_Hook,13880240,13883584,12207680,12210320
ovl_En_Bb,13883584,13891024,12210320,12215872
ovl_Bg_Keikoku_Spr,13891024,13891456,12215872,12216240
ovl_En_Wood02,13891456,13896432,12216240,12220176
ovl_En_Death,13896432,13917216,12220176,12234656
ovl_En_Minideath,13917216,13925824,12234656,12240704
ovl_En_Vm,13925824,13931168,12240704,12244768
ovl_Demo_Effect,13931168,13934512,12244768,12247488
ovl_Demo_Kankyo,13934512,13943264,12247488,12253200
ovl_En_Floormas,13943264,13957504,12253200,12262192
ovl_En_Rd,13957504,13971632,12262192,12270608
ovl_Bg_F40_Flift,13971632,13972528,12270608,12271328
ovl_Obj_Mure,13972528,13976736,12271328,12274272
ovl_En_Sw,13976736,13990368,12274272,12283840
ovl_Object_Kankyo,13990368,14000400,12283840,12290704
ovl_En_Horse_Link_Child,14000400,14007536,12290704,12294944
ovl_Door_Ana,14007536,14009216,12294944,12296288
ovl_En_Encount1,14009216,14010768,12296288,12297568
ovl_Demo_Tre_Lgt,14010768,14012592,12297568,12299072
ovl_En_Encount2,14012592,14015280,12299072,12301312
ovl_En_Fire_Rock,14015280,14015424,12301312,12301408
ovl_Bg_Ctower_Rot,14015424,14016848,12301408,12302544
ovl_Mir_Ray,14016848,14023232,12302544,12307728
ovl_En_Sb,14023232,14027536,12307728,12310752
ovl_En_Bigslime,14027536,14077264,12310752,12342032
ovl_En_Karebaba,14077264,14085120,12342032,12347440
ovl_En_In,14085120,14102528,12347440,12358128
ovl_En_Bom_Chu,14102528,14108144,12358128,12362560
ovl_En_Horse_Game_Check,14108144,14113104,12362560,12365760
ovl_En_Rr,14113104,14123168,12365760,12373184
ovl_En_Fr,14123168,14123536,12373184,12373472
ovl_En_Fishing,14123536,14204160,12373472,12428144
ovl_Obj_Oshihiki,14204160,14210480,12428144,12432544
ovl_Eff_Dust,14210480,14215584,12432544,12435744
ovl_Bg_Umajump,14215584,14218000,12435744,12437472
ovl_En_Insect,14218000,14224144,12437472,12441536
ovl_En_Butte,14224144,14229664,12441536,12445504
ovl_En_Fish,14229664,14240096,12445504,12452560
ovl_Item_Etcetera,14240096,14241200,12452560,12453392
ovl_Arrow_Fire,14241200,14249616,12453392,12460512
ovl_Arrow_Ice,14249616,14257488,12460512,12466752
ovl_Arrow_Light,14257488,14265328,12466752,12473088
ovl_Obj_Kibako,14265328,14270464,12473088,12476720
ovl_Obj_Tsubo,14270464,14279504,12476720,12482272
ovl_En_Ik,14279504,14290800,12482272,12490000
ovl_Demo_Shd,14290800,14290944,12490000,12490096
ovl_En_Dns,14290944,14297552,12490096,12494880
ovl_Elf_Msg,14297552,14298960,12494880,12495920
ovl_En_Honotrap,14298960,14307872,12495920,12502304
ovl_En_Tubo_Trap,14307872,14311328,12502304,12504832
ovl_Obj_Ice_Poly,14311328,14315216,12504832,12507888
ovl_En_Fz,14315216,14324768,12507888,12514544
ovl_En_Kusa,14324768,14333200,12514544,12520960
ovl_Obj_Bean,14333200,14343120,12520960,12527488
ovl_Obj_Bombiwa,14343120,14349296,12527488,12532064
ovl_Obj_Switch,14349296,14359504,12532064,12538240
ovl_Obj_Lift,14359504,14362288,12538240,12540560
ovl_Obj_Hsblock,14362288,14363696,12540560,12541696
ovl_En_Okarina_Tag,14363696,14364848,12541696,12542704
ovl_En_Goroiwa,14364848,14384320,12542704,12556656
ovl_En_Daiku,14384320,14387696,12556656,12559280
ovl_En_Nwc,14387696,14392576,12559280,12563024
ovl_Item_Inbox,14392576,14392928,12563024,12563296
ovl_En_Ge1,14392928,14397104,12563296,12566384
ovl_Obj_Blockstop,14397104,14397664,12566384,12566880
ovl_En_Sda,14397664,14403248,12566880,12570592
ovl_En_Clear_Tag,14403248,14427696,12570592,12585440
ovl_En_Gm,14427696,14445936,12585440,12597248
ovl_En_Ms,14445936,14447520,12597248,12598496
ovl_En_Hs,14447520,14451168,12598496,12601296
ovl_Bg_Ingate,14451168,14454960,12601296,12604240
ovl_En_Kanban,14454960,14469136,12604240,12612976
ovl_En_Attack_Niw,14469136,14473776,12612976,12616368
ovl_En_Mk,14473776,14478432,12616368,12619712
ovl_En_Owl,14478432,14491184,12619712,12628032
ovl_En_Ishi,14491184,14500448,12628032,12634800
ovl_Obj_Hana,14500448,14500672,12634800,12634992
ovl_Obj_Lightswitch,14500672,14505024,12634992,12637904
ovl_Obj_Mure2,14505024,14507568,12637904,12639792
ovl_En_Fu,14507568,14523808,12639792,12650560
ovl_En_Stream,14523808,14525184,12650560,12651744
ovl_En_Mm,14525184,14527328,12651744,12653472
ovl_En_Weather_Tag,14527328,14532896,12653472,12656976
ovl_En_Ani,14532896,14536448,12656976,12659568
ovl_En_Js,14536448,14546928,12659568,12666368
ovl_En_Okarina_Effect,14546928,14547552,12666368,12666848
ovl_En_Mag,14547552,14562192,12666848,12674720
ovl_Elf_Msg2,14562192,14563504,12674720,12675600
ovl_Bg_F40_Swlift,14563504,14564640,12675600,12676576
ovl_En_Kakasi,14564640,14576272,12676576,12684176
ovl_Obj_Makeoshihiki,14576272,14577088,12684176,12684928
ovl_Oceff_Spot,14577088,14580880,12684928,12688176
ovl_En_Torch,14580880,14581120,12688176,12688400
ovl_Shot_Sun,14581120,14582672,12688400,12689664
ovl_Obj_Roomtimer,14582672,14583344,12689664,12690208
ovl_En_Ssh,14583344,14593008,12690208,12696864
ovl_Oceff_Wipe,14593008,14596416,12696864,12699808
ovl_Effect_Ss_Dust,14596416,14598448,12699808,12701456
ovl_Effect_Ss_Kirakira,14598448,14600096,12701456,12702864
ovl_Effect_Ss_Bomb2,14600096,14602240,12702864,12704592
ovl_Effect_Ss_Blast,14602240,14603104,12704592,12705424
ovl_Effect_Ss_G_Spk,14603104,14604512,12705424,12706688
ovl_Effect_Ss_D_Fire,14604512,14605552,12706688,12707664
ovl_Effect_Ss_Bubble,14605552,14606944,12707664,12708864
ovl_Effect_Ss_G_Ripple,14606944,14608256,12708864,12710032
ovl_Effect_Ss_G_Splash,14608256,14609312,12710032,12710880
ovl_Effect_Ss_G_Fire,14609312,14609840,12710880,12711376
ovl_Effect_Ss_Lightning,14609840,14611600,12711376,12712960
ovl_Effect_Ss_Dt_Bubble,14611600,14612896,12712960,12714096
ovl_Effect_Ss_Hahen,14612896,14614336,12714096,12715232
ovl_Effect_Ss_Stick,14614336,14615040,12715232,12715888
ovl_Effect_Ss_Sibuki,14615040,14616672,12715888,12717344
ovl_Effect_Ss_Stone1,14616672,14617536,12717344,12718160
ovl_Effect_Ss_Hitmark,14617536,14618816,12718160,12719264
ovl_Effect_Ss_Fhg_Flash,14618816,14621504,12719264,12720944
ovl_Effect_Ss_K_Fire,14621504,14622592,12720944,12721984
ovl_Effect_Ss_Solder_Srch_Ball,14622592,14623696,12721984,12722960
ovl_Effect_Ss_Kakera,14623696,14627840,12722960,12726048
ovl_Effect_Ss_Ice_Piece,14627840,14628864,12726048,12727024
ovl_Effect_Ss_En_Ice,14628864,14630832,12727024,12728736
ovl_Effect_Ss_Fire_Tail,14630832,14632592,12728736,12730320
ovl_Effect_Ss_En_Fire,14632592,14634240,12730320,12731824
ovl_Effect_Ss_Extra,14634240,14635120,12731824,12732688
ovl_Effect_Ss_Dead_Db,14635120,14636160,12732688,12733664
ovl_Effect_Ss_Dead_Dd,14636160,14637584,12733664,12734960
ovl_Effect_Ss_Dead_Ds,14637584,14638736,12734960,12736032
ovl_Oceff_Storm,14638736,14646352,12736032,12743168
ovl_Obj_Demo,14646352,14647328,12743168,12743888
ovl_En_Minislime,14647328,14656368,12743888,12750032
ovl_En_Nutsball,14656368,14657952,12750032,12751488
ovl_Oceff_Wipe2,14657952,14663936,12751488,12755120
ovl_Oceff_Wipe3,14663936,14669904,12755120,12759856
ovl_En_Dg,14669904,14684464,12759856,12769120
ovl_En_Si,14684464,14685520,12769120,12769904
ovl_Obj_Comb,14685520,14691536,12769904,12774144
ovl_Obj_Kibako2,14691536,14694000,12774144,12776160
ovl_En_Hs2,14694000,14694224,12776160,12776336
ovl_Obj_Mure3,14694224,14696208,12776336,12777872
ovl_En_Tg,14696208,14699040,12777872,12780160
ovl_En_Wf,14699040,14716608,12780160,12791360
ovl_En_Skb,14716608,14729632,12791360,12799696
ovl_En_Gs,14729632,14741552,12799696,12808352
ovl_Obj_Sound,14741552,14742080,12808352,12808784
ovl_En_Crow,14742080,14748064,12808784,12813216
ovl_En_Cow,14748064,14753424,12813216,12816688
ovl_Oceff_Wipe4,14753424,14757520,12816688,12819760
ovl_En_Zo,14757520,14761520,12819760,12822848
ovl_Effect_Ss_Ice_Smoke,14761520,14762304,12822848,12823600
ovl_Obj_Makekinsuta,14762304,14763440,12823600,12824544
ovl_En_Ge3,14763440,14767648,12824544,12827664
ovl_Obj_Hamishi,14767648,14770864,12827664,12830288
ovl_En_Zl4,14770864,14772016,12830288,12831216
ovl_En_Mm2,14772016,14774880,12831216,12832832
ovl_Door_Spiral,14774880,14777056,12832832,12834576
ovl_Obj_Pzlblock,14777056,14780608,12834576,12837168
ovl_Obj_Toge,14780608,14783744,12837168,12839680
ovl_Obj_Armos,14783744,14787600,12839680,12842592
ovl_Obj_Boyo,14787600,14788992,12842592,12843808
ovl_En_Grasshopper,14788992,14800912,12843808,12852176
ovl_Obj_Grass,14800912,14808224,12852176,12857840
ovl_Obj_Grass_Carry,14808224,14812192,12857840,12860992
ovl_Obj_Grass_Unit,14812192,14813936,12860992,12862288
ovl_Bg_Fire_Wall,14813936,14816208,12862288,12864128
ovl_En_Bu,14816208,14816640,12864128,12864512
ovl_En_Encount3,14816640,14819104,12864512,12866656
ovl_En_Jso,14819104,14834576,12866656,12877424
ovl_Obj_Chikuwa,14834576,14837552,12877424,12879952
ovl_En_Knight,14837552,14890512,12879952,12914816
ovl_En_Warp_tag,14890512,14892896,12914816,12916752
ovl_En_Aob_01,14892896,14904368,12916752,12924720
ovl_En_Boj_01,14904368,14904512,12924720,12924816
ovl_En_Boj_02,14904512,14904656,12924816,12924912
ovl_En_Boj_03,14904656,14904800,12924912,12925008
ovl_En_Encount4,14904800,14906944,12925008,12926752
ovl_En_Bom_Bowl_Man,14906944,14914416,12926752,12932032
ovl_En_Syateki_Man,14914416,14928144,12932032,12940624
ovl_Bg_Icicle,14928144,14930592,12940624,12942608
ovl_En_Syateki_Crow,14930592,14934192,12942608,12945568
ovl_En_Boj_04,14934192,14934336,12945568,12945664
ovl_En_Cne_01,14934336,14937872,12945664,12948448
ovl_En_Bba_01,14937872,14941328,12948448,12951200
ovl_En_Bji_01,14941328,14945648,12951200,12954320
ovl_Bg_Spdweb,14945648,14950912,12954320,12958160
ovl_En_Mt_tag,14950912,14955488,12958160,12961600
ovl_Boss_01,14955488,14989504,12961600,12984800
ovl_Boss_02,14989504,15014672,12984800,13002352
ovl_Boss_03,15014672,15043568,13002352,13022256
ovl_Boss_04,15043568,15052928,13022256,13029248
ovl_Boss_05,15052928,15068336,13029248,13039840
ovl_Boss_06,15068336,15077120,13039840,13046480
ovl_Boss_07,15077120,15163328,13046480,13104224
ovl_Bg_Dy_Yoseizo,15163328,15171232,13104224,13110064
ovl_En_Boj_05,15171232,15171376,13110064,13110160
ovl_En_Sob1,15171376,15189744,13110160,13121936
ovl_En_Go,15189744,15213664,13121936,13138512
ovl_En_Raf,15213664,15224416,13138512,13145616
ovl_Obj_Funen,15224416,15224880,13145616,13146064
ovl_Obj_Raillift,15224880,15227936,13146064,13148544
ovl_Bg_Numa_Hana,15227936,15231728,13148544,13151344
ovl_Obj_Flowerpot,15231728,15241040,13151344,13157696
ovl_Obj_Spinyroll,15241040,15247632,13157696,13162480
ovl_Dm_Hina,15247632,15250256,13162480,13164496
ovl_En_Syateki_Wf,15250256,15255120,13164496,13168160
ovl_Obj_Skateblock,15255120,15262272,13168160,13173408
ovl_Effect_En_Ice_Block,15262272,15263120,13173408,13174192
ovl_Obj_Iceblock,15263120,15280672,13174192,13186464
ovl_En_Bigpamet,15280672,15290240,13186464,13193200
ovl_Bg_Dblue_Movebg,15290240,15298800,13193200,13199568
ovl_En_Syateki_Dekunuts,15298800,15303168,13199568,13202928
ovl_Elf_Msg3,15303168,15304560,13202928,13203968
ovl_En_Fg,15304560,15309968,13203968,13207952
ovl_Dm_Ravine,15309968,15310416,13207952,13208320
ovl_Dm_Sa,15310416,15311504,13208320,13209200
ovl_En_Slime,15311504,15324912,13209200,13218288
ovl_En_Pr,15324912,15331296,13218288,13223104
ovl_Obj_Toudai,15331296,15334368,13223104,13225120
ovl_Obj_Entotu,15334368,15337968,13225120,13227280
ovl_Obj_Bell,15337968,15340752,13227280,13229264
ovl_En_Syateki_Okuta,15340752,15348656,13229264,13234096
ovl_Obj_Shutter,15348656,15349360,13234096,13234736
ovl_Dm_Zl,15349360,15351424,13234736,13236368
ovl_En_Ru,15351424,15354768,13236368,13238976
ovl_En_Elfgrp,15354768,15360320,13238976,13242912
ovl_Dm_Tsg,15360320,15361376,13242912,13243872
ovl_En_Baguo,15361376,15366592,13243872,13248016
ovl_Obj_Vspinyroll,15366592,15371104,13248016,13251456
ovl_Obj_Smork,15371104,15374448,13251456,13253504
ovl_En_Test2,15374448,15375552,13253504,13254416
ovl_En_Test3,15375552,15389184,13254416,13264368
ovl_En_Test4,15389184,15394496,13264368,13268160
ovl_En_Bat,15394496,15400528,13268160,13272880
ovl_En_Sekihi,15400528,15402288,13272880,13274304
ovl_En_Wiz,15402288,15417776,13274304,13285264
ovl_En_Wiz_Brock,15417776,15419504,13285264,13286704
ovl_En_Wiz_Fire,15419504,15431264,13286704,13294944
ovl_Eff_Change,15431264,15432576,13294944,13296096
ovl_Dm_Statue,15432576,15432800,13296096,13296288
ovl_Obj_Fireshield,15432800,15436736,13296288,13299424
ovl_Bg_Ladder,15436736,15437984,13299424,13300432
ovl_En_Mkk,15437984,15445008,13300432,13305568
ovl_Demo_Getitem,15445008,15445920,13305568,13306336
ovl_En_Dnb,15445920,15449872,13306336,13309408
ovl_En_Dnh,15449872,15451840,13309408,13311040
ovl_En_Dnk,15451840,15456000,13311040,13313728
ovl_En_Dnq,15456000,15460768,13313728,13317024
ovl_Bg_Keikoku_Saku,15460768,15461808,13317024,13317904
ovl_Obj_Hugebombiwa,15461808,15471248,13317904,13323952
ovl_En_Firefly2,15471248,15471392,13323952,13324048
ovl_En_Rat,15471392,15481200,13324048,13331296
ovl_En_Water_Effect,15481200,15491888,13331296,13338528
ovl_En_Kusa2,15491888,15508368,13338528,13350080
ovl_Bg_Spout_Fire,15508368,15510304,13350080,13351728
ovl_En_Dy_Extra,15510304,15511680,13351728,13352928
ovl_En_Bal,15511680,15523088,13352928,13360688
ovl_En_Ginko_Man,15523088,15530480,13360688,13365104
ovl_En_Warp_Uzu,15530480,15531488,13365104,13365904
ovl_Obj_Driftice,15531488,15536416,13365904,13369536
ovl_En_Look_Nuts,15536416,15540240,13369536,13372352
ovl_En_Mushi2,15540240,15554560,13372352,13381904
ovl_En_Fall,15554560,15565312,13381904,13389024
ovl_En_Mm3,15565312,15570880,13389024,13392720
ovl_Bg_Crace_Movebg,15570880,15573632,13392720,13394704
ovl_En_Dno,15573632,15585328,13394704,13402384
ovl_En_Pr2,15585328,15593040,13402384,13408032
ovl_En_Prz,15593040,15598672,13408032,13412400
ovl_En_Jso2,15598672,15617280,13412400,13425216
ovl_Obj_Etcetera,15617280,15620640,13425216,13427776
ovl_En_Egol,15620640,15639136,13427776,13440528
ovl_Obj_Mine,15639136,15653472,13440528,13450464
ovl_Obj_Purify,15653472,15655856,13450464,13452192
ovl_En_Tru,15655856,15680768,13452192,13467872
ovl_En_Trt,15680768,15700288,13467872,13480336
ovl_En_Test5,15700288,15701184,13480336,13481104
ovl_En_Test6,15701184,15718048,13481104,13492592
ovl_En_Az,15718048,15739600,13492592,13506448
ovl_En_Estone,15739600,15743232,13506448,13509408
ovl_Bg_Hakugin_Post,15743232,15755760,13509408,13518448
ovl_Dm_Opstage,15755760,15756880,13518448,13519312
ovl_Dm_Stk,15756880,15779360,13519312,13531888
ovl_Dm_Char00,15779360,15790720,13531888,13537872
ovl_Dm_Char01,15790720,15802048,13537872,13544496
ovl_Dm_Char02,15802048,15803696,13544496,13545776
ovl_Dm_Char03,15803696,15805648,13545776,13547264
ovl_Dm_Char04,15805648,15808048,13547264,13549248
ovl_Dm_Char05,15808048,15816464,13549248,13553696
ovl_Dm_Char06,15816464,15817296,13553696,13554400
ovl_Dm_Char07,15817296,15818976,13554400,13555456
ovl_Dm_Char08,15818976,15830688,13555456,13563360
ovl_Dm_Char09,15830688,15833120,13563360,13565440
ovl_Obj_Tokeidai,15833120,15842720,13565440,13571712
ovl_En_Mnk,15842720,15865904,13571712,13585104
ovl_En_Egblock,15865904,15868272,13585104,13587024
ovl_En_Guard_Nuts,15868272,15872080,13587024,13590016
ovl_Bg_Hakugin_Bombwall,15872080,15876704,13590016,13593312
ovl_Obj_Tokei_Tobira,15876704,15878336,13593312,13594768
ovl_Bg_Hakugin_Elvpole,15878336,15879472,13594768,13595696
ovl_En_Ma4,15879472,15890624,13595696,13602768
ovl_En_Twig,15890624,15893184,13602768,13604912
ovl_En_Po_Fusen,15893184,15896352,13604912,13607456
ovl_En_Door_Etc,15896352,15898432,13607456,13609136
ovl_En_Bigokuta,15898432,15907136,13609136,13615360
ovl_Bg_Icefloe,15907136,15909040,13615360,13616832
ovl_fbdemo_triforce,15909040,15910896,13616832,13618144
ovl_fbdemo_wipe1,15910896,15914880,13618144,13620848
ovl_fbdemo_wipe3,15914880,15922288,13620848,13623680
ovl_fbdemo_wipe4,15922288,15922992,13623680,13624256
ovl_fbdemo_wipe5,15922992,15924112,13624256,13625184
ovl_Effect_Ss_Sbn,15924112,15926528,13625184,13627088
ovl_Obj_Ocarinalift,15926528,15929056,13627088,13628992
ovl_En_Time_Tag,15929056,15932240,13628992,13631280
ovl_Bg_Open_Shutter,15932240,15933984,13631280,13632752
ovl_Bg_Open_Spot,15933984,15934528,13632752,13633216
ovl_Bg_Fu_Kaiten,15934528,15935200,13633216,13633808
ovl_Obj_Aqua,15935200,15938736,13633808,13636528
ovl_En_Elforg,15938736,15944976,13636528,13640944
ovl_En_Elfbub,15944976,15946608,13640944,13642448
ovl_En_Fu_Mato,15946608,15951808,13642448,13646672
ovl_En_Fu_Kago,15951808,15956080,13646672,13650000
ovl_En_Osn,15956080,15965104,13650000,13655792
ovl_Bg_Ctower_Gear,15965104,15967168,13655792,13657408
ovl_En_Trt2,15967168,15977456,13657408,13664400
ovl_Obj_Tokei_Step,15977456,15980448,13664400,13666784
ovl_Bg_Lotus,15980448,15982096,13666784,13668112
ovl_En_Kame,15982096,15991424,13668112,13674608
ovl_Obj_Takaraya_Wall,15991424,15996048,13674608,13678288
ovl_Bg_Fu_Mizu,15996048,15996784,13678288,13678944
ovl_En_Sellnuts,15996784,16010192,13678944,13687632
ovl_Bg_Dkjail_Ivy,16010192,16012304,13687632,13689392
ovl_Obj_Visiblock,16012304,16012592,13689392,13689632
ovl_En_Takaraya,16012592,16016960,13689632,13692912
ovl_En_Tsn,16016960,16023536,13692912,13697264
ovl_En_Ds2n,16023536,16024848,13697264,13698336
ovl_En_Fsn,16024848,16042704,13698336,13709792
ovl_En_Shn,16042704,16047424,13709792,13713104
ovl_En_Stop_heishi,16047424,16053520,13713104,13717600
ovl_Obj_Bigicicle,16053520,16057280,13717600,13720448
ovl_En_Lift_Nuts,16057280,16068096,13720448,13727104
ovl_En_Tk,16068096,16083440,13727104,13737328
ovl_Bg_Market_Step,16083440,16083712,13737328,13737568
ovl_Obj_Lupygamelift,16083712,16085424,13737568,13739024
ovl_En_Test7,16085424,16097856,13739024,13747840
ovl_Obj_Lightblock,16097856,16099488,13747840,13749168
ovl_Mir_Ray2,16099488,16100640,13749168,13750160
ovl_En_Wdhand,16100640,16109712,13750160,13756704
ovl_En_Gamelupy,16109712,16111376,13756704,13758096
ovl_Bg_Danpei_Movebg,16111376,16113520,13758096,13759792
ovl_En_Snowwd,16113520,16114800,13759792,13760912
ovl_En_Pm,16114800,16134800,13760912,13773472
ovl_En_Gakufu,16134800,16137392,13773472,13775600
ovl_Elf_Msg4,16137392,16138944,13775600,13776752
ovl_Elf_Msg5,16138944,16139632,13776752,13777216
ovl_En_Col_Man,16139632,16142800,13777216,13779664
ovl_En_Talk_Gibud,16142800,16155328,13779664,13787952
ovl_En_Giant,16155328,16160256,13787952,13791408
ovl_Obj_Snowball,16160256,16169920,13791408,13798464
ovl_Boss_Hakugin,16169920,16211728,13798464,13827696
ovl_En_Gb2,16211728,16222096,13827696,13834464
ovl_En_Onpuman,16222096,16223584,13834464,13835664
ovl_Bg_Tobira01,16223584,16224672,13835664,13836576
ovl_En_Tag_Obj,16224672,16224944,13836576,13836800
ovl_Obj_Dhouse,16224944,16231088,13836800,13841120
ovl_Obj_Hakaisi,16231088,16236736,13841120,13845168
ovl_Bg_Hakugin_Switch,16236736,16241696,13845168,13848352
ovl_En_Snowman,16241696,16255104,13848352,13858080
ovl_TG_Sw,16255104,16256208,13858080,13858960
ovl_En_Po_Sisters,16256208,16271312,13858960,13869392
ovl_En_Pp,16271312,16286752,13869392,13880064
ovl_En_Hakurock,16286752,16291104,13880064,13883248
ovl_En_Hanabi,16291104,16295536,13883248,13886816
ovl_Obj_Dowsing,16295536,16295920,13886816,13887088
ovl_Obj_Wind,16295920,16297808,13887088,13888528
ovl_En_Racedog,16297808,16305088,13888528,13894000
ovl_En_Kendo_Js,16305088,16312688,13894000,13899072
ovl_Bg_Botihasira,16312688,16313440,13899072,13899728
ovl_En_Fish2,16313440,16326944,13899728,13909504
ovl_En_Pst,16326944,16330720,13909504,13911968
ovl_En_Poh,16330720,16344064,13911968,13920832
ovl_Obj_Spidertent,16344064,16350848,13920832,13925520
ovl_En_Zoraegg,16350848,16360992,13925520,13932320
ovl_En_Kbt,16360992,16365664,13932320,13935696
ovl_En_Gg,16365664,16374128,13935696,13941712
ovl_En_Maruta,16374128,16381712,13941712,13946768
ovl_Obj_Snowball2,16381712,16389440,13946768,13952480
ovl_En_Gg2,16389440,16395088,13952480,13956624
ovl_Obj_Ghaka,16395088,16397072,13956624,13958208
ovl_En_Dnp,16397072,16402656,13958208,13962144
ovl_En_Dai,16402656,16410992,13962144,13967952
ovl_Bg_Goron_Oyu,16410992,16412912,13967952,13969408
ovl_En_Kgy,16412912,16425632,13969408,13977216
ovl_En_Invadepoh,16425632,16477072,13977216,14007696
ovl_En_Gk,16477072,16490432,14007696,14016672
ovl_En_An,16490432,16518816,14016672,14033680
ovl_En_Bee,16518816,16521824,14033680,14036128
ovl_En_Ot,16521824,16535552,14036128,14045840
ovl_En_Dragon,16535552,16544320,14045840,14052080
ovl_Obj_Dora,16544320,16547152,14052080,14054224
ovl_En_Bigpo,16547152,16563248,14054224,14065680
ovl_Obj_Kendo_Kanban,16563248,16568720,14065680,14069792
ovl_Obj_Hariko,16568720,16569504,14069792,14070432
ovl_En_Sth,16569504,16596432,14070432,14089232
ovl_Bg_Sinkai_Kabe,16596432,16597840,14089232,14090432
ovl_Bg_Haka_Curtain,16597840,16598928,14090432,14091200
ovl_Bg_Kin2_Bombwall,16598928,16600976,14091200,14092880
ovl_Bg_Kin2_Fence,16600976,16602896,14092880,14094304
ovl_Bg_Kin2_Picture,16602896,16605856,14094304,14096720
ovl_Bg_Kin2_Shelf,16605856,16609328,14096720,14099104
ovl_En_Rail_Skb,16609328,16622080,14099104,14107568
ovl_En_Jg,16622080,16631712,14107568,14114032
ovl_En_Tru_Mt,16631712,16637664,14114032,14118592
ovl_Obj_Um,16637664,16658432,14118592,14132832
ovl_En_Neo_Reeba,16658432,16666784,14132832,14138448
ovl_Bg_Mbar_Chair,16666784,16667088,14138448,14138688
ovl_Bg_Ikana_Block,16667088,16670368,14138688,14141168
ovl_Bg_Ikana_Mirror,16670368,16673360,14141168,14143200
ovl_Bg_Ikana_Rotaryroom,16673360,16681760,14143200,14148880
ovl_Bg_Dblue_Balance,16681760,16688096,14148880,14153648
ovl_Bg_Dblue_Waterfall,16688096,16694512,14153648,14158288
ovl_En_Kaizoku,16694512,16718384,14158288,14173760
ovl_En_Ge2,16718384,16725904,14173760,14178848
ovl_En_Ma_Yts,16725904,16731264,14178848,14182400
ovl_En_Ma_Yto,16731264,16745504,14182400,14189744
ovl_Obj_Tokei_Turret,16745504,16746112,14189744,14190272
ovl_Bg_Dblue_Elevator,16746112,16749168,14190272,14192624
ovl_Obj_Warpstone,16749168,16751216,14192624,14194240
ovl_En_Zog,16751216,16762224,14194240,14202176
ovl_Obj_Rotlift,16762224,16763184,14202176,14203088
ovl_Obj_Jg_Gakki,16763184,16763744,14203088,14203600
ovl_Bg_Inibs_Movebg,16763744,16764192,14203600,14204016
ovl_En_Zot,16764192,16779264,14204016,14213280
ovl_Obj_Tree,16779264,16780704,14213280,14214480
ovl_Obj_Y2lift,16780704,16781520,14214480,14215200
ovl_Obj_Y2shutter,16781520,16783008,14215200,14216448
ovl_Obj_Boat,16783008,16784944,14216448,14218064
ovl_Obj_Taru,16784944,16788384,14218064,14220752
ovl_Obj_Hunsui,16788384,16795168,14220752,14225696
ovl_En_Jc_Mato,16795168,16796160,14225696,14226544
ovl_Mir_Ray3,16796160,16800944,14226544,14230416
ovl_En_Zob,16800944,16809184,14230416,14235520
ovl_Elf_Msg6,16809184,16812896,14235520,14237872
ovl_Obj_Nozoki,16812896,16817648,14237872,14241360
ovl_En_Toto,16817648,16825136,14241360,14246576
ovl_En_Railgibud,16825136,16838512,14246576,14255760
ovl_En_Baba,16838512,16846368,14255760,14261568
ovl_En_Suttari,16846368,16864960,14261568,14273824
ovl_En_Zod,16864960,16871472,14273824,14278592
ovl_En_Kujiya,16871472,16875040,14278592,14280752
ovl_En_Geg,16875040,16887376,14280752,14289056
ovl_Obj_Kinoko,16887376,16888384,14289056,14290000
ovl_Obj_Yasi,16888384,16889168,14290000,14290720
ovl_En_Tanron1,16889168,16895776,14290720,14294928
ovl_En_Tanron2,16895776,16903072,14294928,14300256
ovl_En_Tanron3,16903072,16908000,14300256,14304064
ovl_Obj_Chan,16908000,16913040,14304064,14308288
ovl_En_Zos,16913040,16920688,14308288,14313168
ovl_En_S_Goro,16920688,16933792,14313168,14321168
ovl_En_Nb,16933792,16940784,14321168,14326032
ovl_En_Ja,16940784,16949104,14326032,14331696
ovl_Bg_F40_Block,16949104,16952736,14331696,14334112
ovl_Bg_F40_Switch,16952736,16954640,14334112,14335616
ovl_En_Po_Composer,16954640,16962000,14335616,14340528
ovl_En_Guruguru,16962000,16965808,14340528,14343504
ovl_Oceff_Wipe5,16965808,16971840,14343504,14349424
ovl_En_Stone_heishi,16971840,16976752,14349424,14353136
ovl_Oceff_Wipe6,16976752,16978368,14353136,14354432
ovl_En_Scopenuts,16978368,16987600,14354432,14360816
ovl_En_Scopecrow,16987600,16990848,14360816,14363344
ovl_Oceff_Wipe7,16990848,16994528,14363344,14365216
ovl_Eff_Kamejima_Wave,16994528,16996224,14365216,14366528
ovl_En_Hg,16996224,17000544,14366528,14369520
ovl_En_Hgo,17000544,17004432,14369520,14372336
ovl_En_Zov,17004432,17010656,14372336,14376672
ovl_En_Ah,17010656,17016384,14376672,14380560
ovl_Obj_Hgdoor,17016384,17018064,14380560,14381824
ovl_Bg_Ikana_Bombwall,17018064,17021296,14381824,14384080
ovl_Bg_Ikana_Ray,17021296,17022016,14384080,14384640
ovl_Bg_Ikana_Shutter,17022016,17023920,14384640,14385760
ovl_Bg_Haka_Bombwall,17023920,17025840,14385760,14387312
ovl_Bg_Haka_Tomb,17025840,17026752,14387312,14388016
ovl_En_Sc_Ruppe,17026752,17028288,14388016,14389280
ovl_Bg_Iknv_Doukutu,17028288,17031264,14389280,14391440
ovl_Bg_Iknv_Obj,17031264,17033312,14391440,14392928
ovl_En_Pamera,17033312,17043424,14392928,14399024
ovl_Obj_HsStump,17043424,17044976,14399024,14400384
ovl_En_Hidden_Nuts,17044976,17049632,14400384,14403680
ovl_En_Zow,17049632,17057168,14403680,14408832
ovl_En_Talk,17057168,17057616,14408832,14409184
ovl_En_Al,17057616,17066640,14409184,14415152
ovl_En_Tab,17066640,17072688,14415152,14419456
ovl_En_Nimotsu,17072688,17073632,14419456,14420304
ovl_En_Hit_Tag,17073632,17074192,14420304,14420784
ovl_En_Ruppecrow,17074192,17080624,14420784,14425168
ovl_En_Tanron4,17080624,17084128,14425168,14427584
ovl_En_Tanron5,17084128,17090032,14427584,14431824
ovl_En_Tanron6,17090032,17090432,14431824,14432176
ovl_En_Daiku2,17090432,17096880,14432176,14436944
ovl_En_Muto,17096880,17099424,14436944,14439040
ovl_En_Baisen,17099424,17102032,14439040,14441136
ovl_En_Heishi,17102032,17103552,14441136,14442448
ovl_En_Demo_heishi,17103552,17105104,14442448,14443792
ovl_En_Dt,17105104,17111760,14443792,14448704
ovl_En_Cha,17111760,17112816,14448704,14449600
ovl_Obj_Dinner,17112816,17113200,14449600,14449936
ovl_Eff_Lastday,17113200,17115120,14449936,14451120
ovl_Bg_Ikana_Dharma,17115120,17117568,14451120,14453248
ovl_En_Akindonuts,17117568,17134384,14453248,14463312
ovl_Eff_Stk,17134384,17135344,14463312,14464176
ovl_En_Ig,17135344,17145536,14464176,14471120
ovl_En_Rg,17145536,17154480,14471120,14477920
ovl_En_Osk,17154480,17160816,14477920,14481696
ovl_En_Sth2,17160816,17172112,14481696,14488688
ovl_En_Yb,17172112,17177104,14488688,14492288
ovl_En_Rz,17177104,17184048,14492288,14496976
ovl_En_Scopecoin,17184048,17184880,14496976,14497664
ovl_En_Bjt,17184880,17188608,14497664,14500336
ovl_En_Bomjima,17188608,17200176,14500336,14508224
ovl_En_Bomjimb,17200176,17210048,14508224,14515152
ovl_En_Bombers,17210048,17215168,14515152,14519040
ovl_En_Bombers2,17215168,17219584,14519040,14522432
ovl_En_Bombal,17219584,17222304,14522432,14524688
ovl_Obj_Moon_Stone,17222304,17223728,14524688,14525856
ovl_Obj_Mu_Pict,17223728,17225376,14525856,14527024
ovl_Bg_Ikninside,17225376,17226960,14527024,14528384
ovl_Eff_Zoraband,17226960,17227952,14528384,14529248
ovl_Obj_Kepn_Koya,17227952,17228304,14529248,14529552
ovl_Obj_Usiyane,17228304,17231088,14529552,14531968
ovl_En_Nnh,17231088,17231888,14531968,14532608
ovl_Obj_Kzsaku,17231888,17232848,14532608,14533376
ovl_Obj_Milk_Bin,17232848,17233504,14533376,14533920
ovl_En_Kitan,17233504,17237088,14533920,14536544
ovl_Bg_Astr_Bombwall,17237088,17239248,14536544,14538304
ovl_Bg_Iknin_Susceil,17239248,17242144,14538304,14540304
ovl_En_Bsb,17242144,17261872,14540304,14553984
ovl_En_Recepgirl,17261872,17263824,14553984,14555488
ovl_En_Thiefbird,17263824,17276544,14555488,14564560
ovl_En_Jgame_Tsn,17276544,17283136,14564560,14569072
ovl_Obj_Jgame_Light,17283136,17286960,14569072,14571424
ovl_Obj_Yado,17286960,17287616,14571424,14571968
ovl_Demo_Syoten,17287616,17293136,14571968,14575856
ovl_Demo_Moonend,17293136,17294944,14575856,14577200
ovl_Bg_Lbfshot,17294944,17295232,14577200,14577440
ovl_Bg_Last_Bwall,17295232,17297616,14577440,14579344
ovl_En_And,17297616,17299424,14579344,14580800
ovl_En_Invadepoh_Demo,17299424,17306240,14580800,14584896
ovl_Obj_Danpeilift,17306240,17308416,14584896,14586672
ovl_En_Fall2,17308416,17310288,14586672,14588144
ovl_Dm_Al,17310288,17311952,14588144,14589472
ovl_Dm_An,17311952,17316048,14589472,14592496
ovl_Dm_Ah,17316048,17318800,14592496,14594576
ovl_Dm_Nb,17318800,17319760,14594576,14595408
ovl_En_Drs,17319760,17320784,14595408,14596272
ovl_En_Ending_Hero,17320784,17321632,14596272,14597056
ovl_Dm_Bal,17321632,17324176,14597056,14598944
ovl_En_Paper,17324176,17326512,14598944,14600864
ovl_En_Hint_Skb,17326512,17336336,14600864,14607328
ovl_Dm_Tag,17336336,17338880,14607328,14609168
ovl_En_Bh,17338880,17340144,14609168,14610224
ovl_En_Ending_Hero2,17340144,17340704,14610224,14610736
ovl_En_Ending_Hero3,17340704,17341264,14610736,14611248
ovl_En_Ending_Hero4,17341264,17341824,14611248,14611760
ovl_En_Ending_Hero5,17341824,17342800,14611760,14612608
ovl_En_Ending_Hero6,17342800,17344544,14612608,14614112
ovl_Dm_Gm,17344544,17348640,14614112,14617136
ovl_Obj_Swprize,17348640,17349984,14617136,14618176
ovl_En_Invisible_Ruppe,17349984,17350784,14618176,14618752
ovl_Obj_Ending,17350784,17351168,14618752,14619056
ovl_En_Rsn,17351168,17352032,14619056,14619744
gameplay_keep,17354752,17954272,14619744,14932688
gameplay_field_keep,17956864,17994384,14932688,14959712
gameplay_dangeon_keep,17997824,18141824,14959712,15042160
gameplay_object_exchange_static,18145280,18145296,18145280,0
object_link_boy,18149376,18204816,15042160,15068128
object_link_child,18206720,18330192,15068128,15126784
object_link_goron,18333696,18430608,15126784,15175856
object_link_zora,18432000,18508864,15175856,15210800
object_link_nuts,18509824,18557488,15210800,15235344
object_mask_ki_tan,18558976,18561744,15235344,15237088
object_mask_rabit,18563072,18568096,15237088,15239232
object_mask_skj,18571264,18577120,15239232,15243344
object_mask_truth,18579456,18584224,15243344,15245936
object_mask_gibudo,18587648,18591136,15245936,15249472
object_mask_json,18591744,18596704,15249472,15252688
object_mask_kerfay,18599936,18605504,15252688,15256064
object_mask_bigelf,18608128,18621616,15256064,15263104
object_mask_kyojin,18624512,18627744,15263104,15265264
object_mask_romerny,18628608,18635280,15265264,15269312
object_mask_posthat,18636800,18639696,15269312,15271072
object_mask_zacho,18640896,18646672,15271072,15274400
object_mask_stone,18649088,18653248,15274400,15276976
object_mask_bree,18657280,18664864,15276976,15281440
object_mask_gero,18665472,18677392,15281440,15287904
object_mask_yofukasi,18677760,18684576,15287904,15291168
object_mask_meoto,18685952,18693344,15291168,15294272
object_mask_dancer,18694144,18701136,15294272,15298496
object_mask_bakuretu,18702336,18706944,15298496,15301520
object_mask_bu_san,18710528,18715632,15301520,15304688
object_mask_goron,18718720,18724784,15304688,15308416
object_mask_zora,18726912,18731152,15308416,15311232
object_mask_nuts,18735104,18743520,15311232,15316176
object_mask_boy,18747392,18755792,15316176,15321584
object_box,18759680,18792736,15321584,15337904
object_okuta,18796544,18814592,15337904,15347728
object_wallmaster,18817024,18858096,15347728,15374624
object_dy_obj,18862080,18979008,15374624,15451104
object_firefly,18980864,18987200,15451104,15454832
object_dodongo,18989056,19028288,15454832,15482544
object_niw,19030016,19039552,15482544,15487392
object_tite,19042304,19057200,15487392,15497424
object_ph,19058688,19066000,15497424,15500944
object_dinofos,19066880,19121728,15500944,15542640
object_zl1,19124224,19207104,15542640,15586784
object_bubble,19210240,19214528,15586784,15588672
object_test3,19218432,19281920,15588672,15615680
object_famos,19283968,19299904,15615680,15624864
object_st,19300352,19323824,15624864,15637920
object_thiefbird,19324928,19350496,15637920,15653072
object_bombf,19353600,19360256,15653072,15657072
object_am,19361792,19385648,15657072,15669408
object_dekubaba,19386368,19401152,15669408,15679632
object_warp1,19402752,19438592,15679632,15708000
object_b_heart,19439616,19441216,15708000,15709184
object_dekunuts,19443712,19457936,15709184,15718080
object_bb,19460096,19466816,15718080,15721936
object_death,19468288,19520464,15721936,15758016
object_hata,19521536,19533792,15758016,15764000
object_wood02,19533824,19572672,15764000,15788272
object_trap,19574784,19583968,15788272,15795296
object_vm,19587072,19603312,15795296,15803632
object_efc_star_field,19603456,19609552,15803632,15807808
object_rd,19611648,19685760,15807808,15855392
object_yukimura_obj,19689472,19697824,15855392,15860752
object_horse_link_child,19701760,19760368,15860752,15904688
object_syokudai,19763200,19778704,15904688,15913504
object_efc_tw,19779584,19784432,15913504,15918528
object_gi_key,19787776,19790368,15918528,15919760
object_mir_ray,19791872,19795296,15919760,15922368
object_ctower_rot,19795968,19895744,15922368,15981776
object_bdoor,19898368,19930016,15981776,16001920
object_sb,19931136,19942560,16001920,16007520
object_gi_melody,19943424,19946784,16007520,16009008
object_gi_heart,19947520,19948016,16009008,16009408
object_gi_compass,19951616,19954960,16009408,16011088
object_gi_bosskey,19955712,19959824,16011088,16012960
object_gi_nuts,19963904,19968448,16012960,16015904
object_gi_hearts,19972096,19978160,16015904,16018304
object_gi_arrowcase,19980288,19983536,16018304,16019984
object_gi_bombpouch,19984384,19988064,16019984,16021680
object_in,19988480,20107184,16021680,16091600
object_os_anime,20107264,20118672,16091600,16100672
object_gi_bottle,20119552,20121840,16100672,16101968
object_gi_stick,20123648,20125376,16101968,16103280
object_gi_map,20127744,20132192,16103280,16106608
object_oF1d_map,20135936,20221328,16106608,16158112
object_ru2,20221952,20285648,16158112,16192144
object_gi_magicpot,20287488,20292048,16192144,16194288
object_gi_bomb_1,20295680,20298928,16194288,16195840
object_ma2,20299776,20391728,16195840,16259008
object_gi_purse,20393984,20401008,16259008,16265392
object_rr,20402176,20405760,16265392,16267872
object_gi_arrow,20406272,20413200,16267872,16270576
object_gi_bomb_2,20414464,20416160,16270576,16271776
object_gi_shield_2,20418560,20426432,16271776,16275664
object_gi_hookshot,20426752,20431952,16275664,16279344
object_gi_ocarina,20434944,20437936,16279344,16281184
object_gi_milk,20439040,20444272,16281184,16283600
object_ma1,20447232,20559744,16283600,16362160
object_ny,20561920,20570928,16362160,16366416
object_fr,20574208,20620624,16366416,16384368
object_gi_bow,20623360,20628208,16384368,16387216
object_gi_glasses,20631552,20636032,16387216,16389280
object_gi_liquid,20639744,20646096,16389280,16391984
object_ani,20647936,20695232,16391984,16425008
object_gi_shield_3,20697088,20704256,16425008,16430128
object_gi_bean,20705280,20707520,16430128,16431632
object_gi_fish,20709376,20711760,16431632,16433104
object_gi_longsword,20713472,20715712,16433104,16434544
object_zo,20717568,20788288,16434544,16479744
object_umajump,20791296,20796816,16479744,16482736
object_mastergolon,20799488,20799760,16482736,16482960
object_masterzoora,20803584,20805536,16482960,16485056
object_aob,20807680,20838256,16485056,16499584
object_ik,20840448,20919984,16499584,16551104
object_ahg,20922368,20945328,16551104,16562416
object_cne,20946944,20957648,16562416,16567040
object_bji,20959232,20982640,16567040,16578736
object_bba,20983808,21024928,16578736,16600976
object_an1,21028864,21110320,16600976,16659280
object_boj,21110784,21190592,16659280,16725360
object_fz,21192704,21206224,16725360,16729984
object_bob,21209088,21229344,16729984,16737552
object_ge1,21229568,21279200,16737552,16763840
object_yabusame_point,21282816,21286480,16763840,16765312
object_d_hsblock,21286912,21292896,16765312,16770096
object_d_lift,21295104,21304112,16770096,16778064
object_mamenoki,21307392,21317280,16778064,16786128
object_goroiwa,21319680,21362080,16786128,16808192
object_toryo,21364736,21393760,16808192,16822112
object_daiku,21397504,21451584,16822112,16858624
object_nwc,21454848,21462176,16858624,16863328
object_gm,21463040,21463056,16863328,16863360
object_ms,21467136,21482960,16863360,16871712
object_hs,21483520,21508720,16871712,16884880
object_lightswitch,21512192,21521440,16884880,16890144
object_kusa,21524480,21525376,16890144,16890736
object_tsubo,21528576,21535216,16890736,16896416
object_kanban,21536768,21542832,16896416,16898096
object_owl,21544960,21611984,16898096,16929504
object_mk,21614592,21642416,16929504,16945280
object_fu,21643264,21671072,16945280,16959728
object_gi_ki_tan_mask,21671936,21675504,16959728,16961728
object_gi_mask18,21676032,21682368,16961728,16966240
object_gi_rabit_mask,21684224,21688064,16966240,16968272
object_gi_truth_mask,21688320,21694560,16968272,16971440
object_stream,21696512,21699200,16971440,16972896
object_mm,21700608,21756512,16972896,17009872
object_js,21757952,21785120,17009872,17025344
object_cs,21786624,21855104,17025344,17067200
object_gi_soldout,21856256,21857488,17067200,17067856
object_mag,21860352,21990992,17067856,17118752
object_gi_golonmask,21991424,21998880,17118752,17122160
object_gi_zoramask,21999616,22005600,17122160,17125120
object_ka,22007808,22041024,17125120,17140624
object_zg,22044672,22049280,17140624,17141344
object_gi_m_arrow,22052864,22056576,17141344,17143072
object_ds2,22056960,22073968,17143072,17151584
object_fish,22077440,22164976,17151584,17196384
object_gi_sutaru,22167552,22169168,17196384,17197296
object_ssh,22171648,22199696,17197296,17212224
object_bigslime,22200320,22279168,17212224,17269376
object_bg,22282240,22354800,17269376,17306656
object_bombiwa,22355968,22383216,17306656,17329264
object_hintnuts,22384640,22397248,17329264,17337984
object_rs,22401024,22438448,17337984,17360912
object_gla,22441984,22483808,17360912,17386640
object_geldb,22487040,22532352,17386640,17413824
object_dog,22536192,22569216,17413824,17430784
object_kibako2,22573056,22577600,17430784,17434480
object_dns,22581248,22594816,17434480,17444128
object_dnk,22597632,22608768,17444128,17451232
object_gi_insect,22609920,22612976,17451232,17453088
object_gi_ghost,22614016,22617520,17453088,17455536
object_gi_soul,22618112,22622128,17455536,17457616
object_f40_obj,22622208,22640240,17457616,17470928
object_gi_rupy,22642688,22644800,17470928,17472000
object_po_composer,22646784,22686016,17472000,17499408
object_mu,22687744,22735584,17499408,17534768
object_wf,22736896,22778848,17534768,17559600
object_skb,22781952,22810016,17559600,17580784
object_gs,22810624,22813312,17580784,17583584
object_ps,22814720,22845712,17583584,17599344
object_omoya_obj,22847488,22854400,17599344,17604144
object_crow,22855680,22859984,17604144,17606112
object_cow,22863872,22884016,17606112,17616704
object_gi_sword_1,22884352,22888992,17616704,17619552
object_zl4,22892544,23043936,17619552,17726592
object_grasshopper,23044096,23065184,17726592,17740992
object_boyo,23068672,23072400,17740992,17743584
object_fwall,23072768,23096480,17743584,17752176
object_jso,23097344,23143936,17752176,17784304
object_knight,23146496,23289024,17784304,17901504
object_icicle,23289856,23294656,17901504,17906480
object_spdweb,23298048,23307952,17906480,17911824
object_boss01,23310336,23450976,17911824,18015168
object_boss02,23453696,23533984,18015168,18046848
object_boss03,23535616,23591616,18046848,18076656
object_boss04,23592960,23610880,18076656,18086544
object_boss05,23613440,23644448,18086544,18107456
object_boss07,23646208,23935792,18107456,18295648
object_raf,23937024,23950400,18295648,18302400
object_funen,23953408,23954880,18302400,18303488
object_raillift,23957504,23989936,18303488,18323840
object_numa_obj,23990272,24072624,18323840,18367424
object_flowerpot,24076288,24081984,18367424,18371392
object_spinyroll,24084480,24088496,18371392,18374448
object_ice_block,24088576,24095456,18374448,18378912
object_keikoku_demo,24096768,24150832,18378912,18419552
object_slime,24154112,24161392,18419552,18424448
object_pr,24162304,24179536,18424448,18435296
object_f52_obj,24182784,24189920,18435296,18439888
object_f53_obj,24190976,24205936,18439888,18450656
object_kibako,24207360,24214272,18450656,18454560
object_sek,24215552,24234608,18454560,18471280
object_gmo,24236032,24244464,18471280,18476496
object_bat,24248320,24251552,18476496,18477504
object_sekihil,24252416,24265776,18477504,18485600
object_sekihig,24268800,24282128,18485600,18493808
object_sekihin,24285184,24298512,18493808,18502032
object_sekihiz,24301568,24305728,18502032,18505504
object_wiz,24309760,24355632,18505504,18535520
object_ladder,24358912,24363168,18535520,18537424
object_mkk,24367104,24368400,18537424,18538000
object_keikoku_obj,24371200,24392224,18538000,18551904
object_sichitai_obj,24395776,24406288,18551904,18560736
object_dekucity_ana_obj,24408064,24412416,18560736,18564816
object_rat,24416256,24422512,18564816,18568144
object_water_effect,24424448,24441872,18568144,18579152
object_dblue_object,24444928,24546912,18579152,18628544
object_bal,24547328,24602048,18628544,18663984
object_warp_uzu,24604672,24613968,18663984,18668800
object_driftice,24616960,24623840,18668800,18673056
object_fall,24625152,24668992,18673056,18700656
object_hanareyama_obj,24670208,24690112,18700656,18707712
object_crace_object,24690688,24694320,18707712,18710720
object_dnq,24694784,24757536,18710720,18756768
object_obj_tokeidai,24760320,24833152,18756768,18806064
object_eg,24834048,24912368,18806064,18861744
object_tru,24915968,25028064,18861744,18950256
object_trt,25030656,25095936,18950256,18988640
object_hakugin_obj,25096192,25162816,18988640,19044144
object_horse_game_check,25165824,25180496,19044144,19054080
object_stk,25182208,25301984,19054080,19136128
object_mnk,25305088,25425200,19136128,19216576
object_gi_bottle_red,25427968,25432016,19216576,19219072
object_tokei_tobira,25432064,25437632,19219072,19223888
object_az,25440256,25550288,19223888,19275952
object_twig,25550848,25559248,19275952,19281856
object_dekucity_obj,25563136,25581248,19281856,19296640
object_po_fusen,25583616,25593088,19296640,19301328
object_racetsubo,25595904,25602208,19301328,19305296
object_ha,25604096,25690352,19305296,19350112
object_bigokuta,25694208,25721808,19350112,19365600
object_open_obj,25722880,25793648,19365600,19407456
object_fu_kaiten,25796608,25810992,19407456,19417376
object_fu_mato,25812992,25825872,19417376,19423632
object_mtoride,25829376,25899168,19423632,19467040
object_osn,25903104,26035552,19467040,19558208
object_tokei_step,26038272,26040736,19558208,19560176
object_lotus,26042368,26045008,19560176,19562256
object_tl,26046464,26079824,19562256,19586272
object_dkjail_obj,26083328,26087904,19586272,19589328
object_visiblock,26091520,26094336,19589328,19591104
object_tsn,26095616,26133264,19591104,19611120
object_ds2n,26136576,26169728,19611120,19626064
object_fsn,26173440,26256160,19626064,19670512
object_shn,26259456,26329632,19670512,19707520
object_bigicicle,26333184,26344816,19707520,19712144
object_gi_bottle_15,26345472,26353664,19712144,19716816
object_tk,26353664,26401280,19716816,19745232
object_market_obj,26402816,26537424,19745232,19831936
object_gi_reserve00,26537984,26545264,19831936,19836832
object_gi_reserve01,26546176,26551824,19836832,19841408
object_lightblock,26554368,26557360,19841408,19844096
object_takaraya_objects,26558464,26562128,19844096,19845584
object_wdhand,26562560,26570288,19845584,19851120
object_sdn,26570752,26627216,19851120,19893360
object_snowwd,26628096,26639008,19893360,19899584
object_giant,26640384,26736992,19899584,19982304
object_comb,26738688,26742992,19982304,19985248
object_hana,26746880,26748752,19985248,19985792
object_boss_hakugin,26750976,26838080,19985792,20034080
object_meganeana_obj,26841088,26846672,20034080,20039200
object_gi_nutsmask,26849280,26856496,20039200,20043520
object_stk2,26857472,27097360,20043520,20276256
object_spot11_obj,27099136,27107056,20276256,20283344
object_danpei_object,27107328,27123216,20283344,20292608
object_dhouse,27123712,27157184,20292608,20312896
object_hakaisi,27160576,27172848,20312896,20319744
object_po,27172864,27193568,20319744,20333024
object_snowman,27197440,27227952,20333024,20348384
object_po_sisters,27230208,27256272,20348384,20365008
object_pp,27258880,27335424,20365008,20402304
object_goronswitch,27336704,27347376,20402304,20410768
object_delf,27348992,27435312,20410768,20465840
object_botihasira,27439104,27446288,20465840,20470544
object_gi_bigbomb,27447296,27453744,20470544,20474016
object_pst,27455488,27462288,20474016,20479216
object_bsmask,27463680,27515792,20479216,20510400
object_spidertent,27516928,27526080,20510400,20514304
object_zoraegg,27529216,27552176,20514304,20529632
object_kbt,27553792,27615456,20529632,20567360
object_gg,27619328,27685088,20567360,20605536
object_maruta,27688960,27701216,20605536,20611232
object_ghaka,27701248,27716864,20611232,20620416
object_oyu,27717632,27720128,20620416,20622544
object_dnp,27721728,27796544,20622544,20684048
object_dai,27799552,27877600,20684048,20733648
object_kgy,27881472,27949984,20733648,20780144
object_fb,27951104,27979440,20780144,20798928
object_taisou,27979776,28010368,20798928,20829840
object_gk,28012544,28084000,20829840,20877712
object_haka_obj,28086272,28117056,20877712,20900112
object_dnt,28119040,28164816,20900112,20932512
object_yukiyama,28168192,28194928,20932512,20951680
object_icefloe,28196864,28200128,20951680,20953888
object_gi_gold_dust,28200960,28205376,20953888,20957200
object_gi_bottle_16,28209152,28214048,20957200,20960528
object_gi_bottle_22,28217344,28224192,20960528,20964992
object_bee,28225536,28230560,20964992,20967184
object_ot,28233728,28252992,20967184,20977040
object_utubo,28254208,28273360,20977040,20987056
object_dora,28274688,28295696,20987056,21001856
object_gi_loach,28299264,28304448,21001856,21005328
object_gi_seahorse,28307456,28313552,21005328,21009008
object_bigpo,28315648,28339232,21009008,21025024
object_hariko,28340224,28341280,21025024,21025792
object_dno,28344320,28402192,21025792,21070864
object_sinkai_kabe,28405760,28405888,21070864,21070960
object_kin2_obj,28409856,28443584,21070960,21089776
object_ishi,28446720,28449376,21089776,21091760
object_hakugin_demo,28450816,28464016,21091760,21105520
object_jg,28467200,28578336,21105520,21186848
object_gi_sword_2,28581888,28587360,21186848,21189968
object_gi_sword_3,28590080,28594848,21189968,21193040
object_gi_sword_4,28598272,28603488,21193040,21196736
object_um,28606464,28712480,21196736,21248000
object_rb,28712960,28720880,21248000,21253152
object_mbar_obj,28721152,28727776,21253152,21258096
object_ikana_obj,28729344,28818336,21258096,21302624
object_kz,28819456,28883200,21302624,21349008
object_tokei_turret,28884992,28897600,21349008,21355760
object_zog,28901376,29069696,21355760,21485696
object_rotlift,29073408,29093408,21485696,21499472
object_posthouse_obj,29093888,29104512,21499472,21504384
object_gi_mask09,29106176,29112160,21504384,21507984
object_gi_mask14,29114368,29122432,21507984,21513088
object_gi_mask15,29122560,29129568,21513088,21518272
object_inibs_object,29130752,29191904,21518272,21552432
object_tree,29192192,29199200,21552432,21557056
object_kaizoku_obj,29200384,29247648,21557056,21585264
object_gi_reserve_b_00,29249536,29253680,21585264,21587824
object_gi_reserve_c_00,29257728,29262048,21587824,21590112
object_zob,29265920,29335904,21590112,21633120
object_milkbar,29339648,29411504,21633120,21681648
object_dmask,29413376,29430464,21681648,21692160
object_gi_reserve_c_01,29433856,29437696,21692160,21694576
object_zod,29437952,29493696,21694576,21722336
object_kumo30,29495296,29508464,21722336,21732992
object_obj_yasi,29511680,29516896,21732992,21736832
object_tanron1,29519872,29519888,21736832,21736864
object_tanron2,29523968,29528736,21736864,21738880
object_tanron3,29532160,29536928,21738880,21740896
object_gi_magicmushroom,29540352,29543904,21740896,21743408
object_obj_chan,29544448,29558000,21743408,21752128
object_gi_mask10,29560832,29568192,21752128,21756320
object_zos,29569024,29661584,21756320,21823072
object_an2,29663232,29680352,21823072,21838448
object_an3,29683712,29694560,21838448,21848384
object_f40_switch,29696000,29699568,21848384,21850656
object_lodmoon,29700096,29716000,21850656,21860560
object_tro,29716480,29727072,21860560,21863744
object_gi_mask12,29728768,29732608,21863744,21866240
object_gi_mask23,29732864,29738256,21866240,21869424
object_gi_bottle_21,29741056,29748384,21869424,21873952
object_gi_camera,29749248,29755488,21873952,21878224
object_kamejima,29757440,29843104,21878224,21938400
object_nb,29843456,29879376,21938400,21958976
object_harfgibud,29880320,29971968,21958976,22020736
object_zov,29974528,30065264,22020736,22083360
object_ah,30068736,30109312,22083360,22104880
object_hgdoor,30109696,30117184,22104880,22110464
object_dor01,30117888,30123600,22110464,22113648
object_dor02,30126080,30131728,22113648,22118112
object_dor03,30134272,30139600,22118112,22122096
object_dor04,30142464,30148192,22122096,22126048
object_last_obj,30150656,30169888,22126048,22141552
object_redead_obj,30171136,30174128,22141552,22144240
object_ikninside_obj,30175232,30232192,22144240,22184816
object_iknv_obj,30232576,30310800,22184816,22233744
object_pamera,30314496,30372224,22233744,22266336
object_hsstump,30375936,30380512,22266336,22270320
object_zm,30384128,30435472,22270320,22307344
object_al,30437376,30493680,22307344,22342096
object_tab,30494720,30529216,22342096,22361168
object_secom_obj,30531584,30543088,22361168,22369120
object_dt,30543872,30590224,22369120,22393856
object_gi_mask03,30593024,30600880,22393856,22398704
object_cha,30601216,30608912,22398704,22404896
object_obj_dinner,30609408,30619200,22404896,22410512
object_gi_reserve_b_01,30621696,30627552,22410512,22414496
object_lastday,30629888,30640656,22414496,22423008
object_bai,30642176,30675376,22423008,22442048
object_ikn_demo,30679040,30735552,22442048,22484352
object_gi_fieldmap,30736384,30742560,22484352,22489168
object_big_fwall,30744576,30747328,22489168,22491328
object_hunsui,30748672,30755136,22491328,22493536
object_uch,30756864,30776928,22493536,22504656
object_tanron4,30777344,30781056,22504656,22506048
object_tanron5,30781440,30786208,22506048,22508064
object_in2,30789632,30838864,22508064,22541184
object_yb,30842880,30867296,22541184,22551872
object_rz,30867456,30922992,22551872,22583328
object_bjt,30924800,30933920,22583328,22589408
object_taru,30937088,30944480,22589408,22594144
object_moonston,30945280,30949936,22594144,22598512
object_gi_schedule,30953472,30959808,22598512,22602864
object_gi_stonemask,30961664,30966608,22602864,22605872
object_zoraband,30969856,30973760,22605872,22609216
object_kepn_koya,30973952,31006864,22609216,22629936
object_obj_usiyane,31010816,31019744,22629936,22635424
object_gi_mask05,31023104,31029952,22635424,22639360
object_gi_mask11,31031296,31039120,22639360,22643648
object_gi_mask20,31039488,31045696,22643648,22647584
object_nnh,31047680,31059616,22647584,22654592
object_kzsaku,31059968,31064400,22654592,22656016
object_obj_milk_bin,31068160,31074816,22656016,22659616
object_random_obj,31076352,31081200,22659616,22662592
object_kujiya,31084544,31109552,22662592,22675968
object_kitan,31113216,31145920,22675968,22692544
object_gi_mask06,31145984,31152352,22692544,22695792
object_gi_mask16,31154176,31162320,22695792,22700224
object_astr_obj,31162368,31171792,22700224,22705568
object_bsb,31174656,31228896,22705568,22752528
object_fall2,31232000,31266976,22752528,22771920
object_sth,31268864,31281680,22771920,22777440
object_gi_mssa,31285248,31290480,22777440,22780560
object_smtower,31293440,31299472,22780560,22785776
object_gi_mask21,31301632,31306672,22785776,22788032
object_yado_obj,31309824,31314672,22788032,22791568
object_syoten,31318016,31337888,22791568,22802432
object_moonend,31338496,31414784,22802432,22847136
object_ob,31416320,31514288,22847136,22904896
object_gi_bottle_04,31514624,31519328,22904896,22907664
object_and,31522816,31597280,22907664,22948560
object_obj_danpeilift,31600640,31603664,22948560,22950752
object_drs,31604736,31627920,22950752,22964800
object_msmo,31629312,31635104,22964800,22967920
object_an4,31637504,31672528,22967920,23001584
object_wdor01,31674368,31680176,23001584,23005600
object_wdor02,31682560,31688368,23005600,23010064
object_wdor03,31690752,31696560,23010064,23013472
object_wdor04,31698944,31704688,23013472,23017568
object_wdor05,31707136,31712880,23017568,23021168
object_stk3,31715328,31739744,23021168,23046176
object_kinsta1_obj,31739904,31744752,23046176,23049952
object_kinsta2_obj,31748096,31753456,23049952,23053440
object_bh,31756288,31764080,23053440,23057408
object_gi_mask17,31764480,31771728,23057408,23061696
object_gi_mask22,31772672,31778528,23061696,23065552
object_lbfshot,31780864,31786256,23065552,23069808
object_fusen,31789056,31798352,23069808,23075792
object_ending_obj,31801344,31836128,23075792,23098288
object_gi_mask13,31838208,31843840,23098288,23100816
scene_texture_01,31846400,31866112,23100816,23114784
scene_texture_02,31866880,31874304,23114784,23119760
scene_texture_03,31875072,31893504,23119760,23130016
scene_texture_04,31895552,31916544,23130016,23142512
scene_texture_05,31920128,31946752,23142512,23158864
scene_texture_06,31948800,31970400,23158864,23172032
scene_texture_07,31973376,31973392,23172032,23172064
scene_texture_08,31977472,32010240,23172064,23190912
nintendo_rogo_static,32010240,32021952,23190912,23196912
title_static,32022528,32225072,23196912,23328480
memerrmsg,32227328,32232064,23328480,23330400
locerrmsg,32235520,32237184,23330400,23331344
parameter_static,32239616,32287520,23331344,23347088
PLACEHOLDER_DEMO_00,32288768,32325792,23347088,23358048
PLACEHOLDER_DEMO_01,32329728,32332288,23358048,23359696
week_static,32333824,32337712,23359696,0
daytelop_static,32337920,32377600,23363584,23371488
ger_daytelop_static,32378880,32418560,23371488,23379392
fra_daytelop_static,32419840,32459520,23379392,23387296
esp_daytelop_static,32460800,32500480,23387296,23395200
d2_fine_static,32501760,32550912,23395200,23403952
d2_cloud_static,32550912,32600064,23403952,23426288
d2_fine_pal_static,32600064,32600576,23426288,23426688
elf_message_field,32604160,32604272,23426688,23426832
elf_message_ydan,32608256,32608272,23426832,23426864
Z2_20SICHITAI2,32612352,32679472,23426864,23479360
Z2_20SICHITAI2_room_00,32681984,32793152,23479360,23540224
Z2_20SICHITAI2_room_01,32796672,32871968,23540224,23584464
Z2_20SICHITAI2_room_02,32874496,32927904,23584464,23616112
Z2_WITCH_SHOP,32931840,32975808,23616112,23644320
Z2_WITCH_SHOP_room_00,32976896,33016416,23644320,23660032
Z2_LAST_BS,33017856,33048704,23660032,23678624
Z2_LAST_BS_room_00,33050624,33086048,23678624,23691840
Z2_HAKASHITA,33087488,33138304,23691840,23727472
Z2_HAKASHITA_room_00,33140736,33173568,23727472,23742912
Z2_HAKASHITA_room_01,33177600,33207856,23742912,23758560
Z2_HAKASHITA_room_02,33210368,33239008,23758560,23771280
Z2_HAKASHITA_room_03,33239040,33257072,23771280,23780528
Z2_HAKASHITA_room_04,33259520,33282496,23780528,23792976
Z2_AYASHIISHOP,33284096,33297568,23792976,23802352
Z2_AYASHIISHOP_room_00,33300480,33372800,23802352,23835936
Z2_AYASHIISHOP_room_01,33374208,33396000,23835936,23844016
Z2_OMOYA,33398784,33445904,23844016,23877328
Z2_OMOYA_room_00,33447936,33486304,23877328,23893104
Z2_OMOYA_room_01,33488896,33554512,23893104,23922752
Z2_OMOYA_room_02,33558528,33599408,23922752,23942288
Z2_BOWLING,33599488,33616032,23942288,23954480
Z2_BOWLING_room_00,33619968,33639760,23954480,23961920
Z2_SONCHONOIE,33640448,33670352,23961920,23980304
Z2_SONCHONOIE_room_00,33673216,33711568,23980304,23996336
Z2_SONCHONOIE_room_01,33714176,33742720,23996336,24010560
Z2_SONCHONOIE_room_02,33742848,33784176,24010560,24030480
Z2_SONCHONOIE_room_03,33787904,33828208,24030480,24048064
Z2_IKANA,33828864,33952640,24048064,24109808
Z2_IKANA_room_00,33955840,34125680,24109808,24220912
Z2_IKANA_room_01,34127872,34129040,24220912,24221440
Z2_IKANA_room_02,34131968,34147120,24221440,24231040
Z2_IKANA_room_03,34148352,34159968,24231040,24239152
Z2_IKANA_room_04,34160640,34195568,24239152,24261328
Z2_KAIZOKU,34197504,34270496,24261328,24309856
Z2_KAIZOKU_room_00,34271232,34352960,24309856,24332784
Z2_MILK_BAR,34353152,34407376,24332784,24366032
Z2_MILK_BAR_room_00,34410496,34455424,24366032,24383072
Z2_INISIE_N,34455552,34530864,24383072,24426912
Z2_INISIE_N_room_00,34533376,34593344,24426912,24453568
Z2_INISIE_N_room_01,34594816,34637056,24453568,24472768
Z2_INISIE_N_room_02,34639872,34670320,24472768,24484048
Z2_INISIE_N_room_03,34672640,34715712,24484048,24501264
Z2_INISIE_N_room_04,34717696,34747696,24501264,24513024
Z2_INISIE_N_room_05,34750464,34750896,24513024,24513296
Z2_INISIE_N_room_06,34754560,34754992,24513296,24513568
Z2_INISIE_N_room_07,34758656,34773776,24513568,24519920
Z2_INISIE_N_room_08,34775040,34794576,24519920,24527920
Z2_INISIE_N_room_09,34795520,34828944,24527920,24544112
Z2_INISIE_N_room_10,34832384,34851376,24544112,24554128
Z2_INISIE_N_room_11,34852864,34853328,24554128,24554448
Z2_TAKARAYA,34856960,34896000,24554448,24579664
Z2_TAKARAYA_room_00,34897920,34930304,24579664,24592304
Z2_INISIE_R,34930688,35004544,24592304,24633584
Z2_INISIE_R_room_00,35008512,35062896,24633584,24658032
Z2_INISIE_R_room_01,35065856,35104336,24658032,24675616
Z2_INISIE_R_room_02,35106816,35140624,24675616,24688208
Z2_INISIE_R_room_03,35143680,35188336,24688208,24706608
Z2_INISIE_R_room_04,35188736,35215008,24706608,24718000
Z2_INISIE_R_room_05,35217408,35218016,24718000,24718416
Z2_INISIE_R_room_06,35221504,35222080,24718416,24718784
Z2_INISIE_R_room_07,35225600,35226064,24718784,24719088
Z2_INISIE_R_room_08,35229696,35247152,24719088,24725360
Z2_INISIE_R_room_09,35250176,35250640,24725360,24725696
Z2_INISIE_R_room_10,35254272,35276752,24725696,24736928
Z2_INISIE_R_room_11,35278848,35296000,24736928,24744432
Z2_OKUJOU,35299328,35409824,24744432,24793664
Z2_OKUJOU_room_00,35409920,35422080,24793664,24798240
Z2_OPENINGDAN,35422208,35466848,24798240,24822208
Z2_OPENINGDAN_room_00,35467264,35514576,24822208,24847616
Z2_OPENINGDAN_room_01,35516416,35542704,24847616,24860576
Z2_MITURIN,35545088,35640208,24860576,24919616
Z2_MITURIN_room_00,35643392,35683408,24919616,24937104
Z2_MITURIN_room_01,35684352,35719280,24937104,24952768
Z2_MITURIN_room_02,35721216,35749088,24952768,24966592
Z2_MITURIN_room_03,35749888,35790272,24966592,24983568
Z2_MITURIN_room_04,35790848,35800144,24983568,24988672
Z2_MITURIN_room_05,35803136,35827776,24988672,24999104
Z2_MITURIN_room_06,35831808,35844112,24999104,25005856
Z2_MITURIN_room_07,35848192,35862368,25005856,25013424
Z2_MITURIN_room_08,35864576,35890992,25013424,25027408
Z2_MITURIN_room_09,35893248,35937760,25027408,25048288
Z2_MITURIN_room_10,35938304,35958448,25048288,25055920
Z2_MITURIN_room_11,35958784,35986848,25055920,25070448
Z2_MITURIN_room_12,35987456,36002960,25070448,25082784
Z2_13HUBUKINOMITI,36003840,36036080,25082784,25110176
Z2_13HUBUKINOMITI_room_00,36036608,36054304,25110176,25121936
Z2_CASTLE,36057088,36120688,25121936,25162256
Z2_CASTLE_room_00,36122624,36220992,25162256,25217888
Z2_CASTLE_room_01,36225024,36250208,25217888,25230688
Z2_CASTLE_room_02,36253696,36276032,25230688,25245152
Z2_CASTLE_room_03,36278272,36300144,25245152,25257680
Z2_CASTLE_room_04,36302848,36337376,25257680,25276048
Z2_CASTLE_room_05,36339712,36356208,25276048,25284192
Z2_CASTLE_room_06,36360192,36369856,25284192,25289056
Z2_CASTLE_room_07,36372480,36382320,25289056,25293584
Z2_CASTLE_room_08,36384768,36388624,25293584,25295744
Z2_CASTLE_room_09,36388864,36392720,25295744,25297888
Z2_DEKUTES,36392960,36429456,25297888,25324400
Z2_DEKUTES_room_00,36429824,36447072,25324400,25331152
Z2_MITURIN_BS,36450304,36463024,25331152,25343440
Z2_MITURIN_BS_room_00,36466688,36474032,25343440,25345776
Z2_SYATEKI_MIZU,36474880,36513472,25345776,25371264
Z2_SYATEKI_MIZU_room_00,36515840,36540752,25371264,25380640
Z2_HAKUGIN,36544512,36657616,25380640,25455792
Z2_HAKUGIN_room_00,36659200,36693040,25455792,25479264
Z2_HAKUGIN_room_01,36696064,36723984,25479264,25501280
Z2_HAKUGIN_room_02,36724736,36775072,25501280,25534992
Z2_HAKUGIN_room_03,36777984,36800592,25534992,25550656
Z2_HAKUGIN_room_04,36802560,36939680,25550656,25632416
Z2_HAKUGIN_room_05,36941824,36972192,25632416,25652176
Z2_HAKUGIN_room_06,36974592,36989520,25652176,25663856
Z2_HAKUGIN_room_07,36990976,37018288,25663856,25685520
Z2_HAKUGIN_room_08,37019648,37040080,25685520,25698976
Z2_HAKUGIN_room_09,37040128,37073984,25698976,25721504
Z2_HAKUGIN_room_10,37076992,37090432,25721504,25730576
Z2_HAKUGIN_room_11,37093376,37105456,25730576,25738960
Z2_HAKUGIN_room_12,37105664,37125392,25738960,25753328
Z2_HAKUGIN_room_13,37126144,37143296,25753328,25767696
Z2_ROMANYMAE,37146624,37160624,25767696,25777952
Z2_ROMANYMAE_room_00,37163008,37176160,25777952,25785536
Z2_PIRATE,37179392,37262928,25785536,25835120
Z2_PIRATE_room_00,37265408,37277632,25835120,25840064
Z2_PIRATE_room_01,37277696,37297664,25840064,25847456
Z2_PIRATE_room_02,37298176,37319808,25847456,25854752
Z2_PIRATE_room_03,37322752,37419360,25854752,25893584
Z2_PIRATE_room_04,37421056,37433696,25893584,25899392
Z2_PIRATE_room_05,37437440,37501728,25899392,25917728
Z2_PIRATE_room_06,37502976,37518592,25917728,25925408
Z2_PIRATE_room_07,37519360,37591552,25925408,25954080
Z2_PIRATE_room_08,37593088,37607392,25954080,25960688
Z2_PIRATE_room_09,37609472,37649712,25960688,25978656
Z2_PIRATE_room_10,37650432,37694560,25978656,25997824
Z2_PIRATE_room_11,37695488,37735536,25997824,26015520
Z2_PIRATE_room_12,37736448,37791280,26015520,26037696
Z2_PIRATE_room_13,37793792,37810672,26037696,26045360
Z2_PIRATE_room_14,37814272,37819712,26045360,26048832
Z2_SYATEKI_MORI,37822464,37895376,26048832,26097056
Z2_SYATEKI_MORI_room_00,37896192,37920848,26097056,26108192
Z2_SINKAI,37924864,37965472,26108192,26142016
Z2_SINKAI_room_00,37965824,37997648,26142016,26160032
Z2_YOUSEI_IZUMI,37998592,38142912,26160032,26223520
Z2_YOUSEI_IZUMI_room_00,38146048,38166752,26223520,26232464
Z2_YOUSEI_IZUMI_room_01,38170624,38191200,26232464,26241312
Z2_YOUSEI_IZUMI_room_02,38195200,38215808,26241312,26250144
Z2_YOUSEI_IZUMI_room_03,38219776,38240352,26250144,26259008
Z2_YOUSEI_IZUMI_room_04,38244352,38264976,26259008,26267888
Z2_KINSTA1,38268928,38313056,26267888,26296032
Z2_KINSTA1_room_00,38313984,38322720,26296032,26299392
Z2_KINSTA1_room_01,38326272,38367488,26299392,26315936
Z2_KINSTA1_room_02,38371328,38393376,26315936,26327344
Z2_KINSTA1_room_03,38395904,38414032,26327344,26335104
Z2_KINSTA1_room_04,38416384,38453328,26335104,26348896
Z2_KINSTA1_room_05,38457344,38465328,26348896,26353184
Z2_KINDAN2,38465536,38530624,26353184,26393600
Z2_KINDAN2_room_00,38531072,38558272,26393600,26408752
Z2_KINDAN2_room_01,38559744,38609680,26408752,26427056
Z2_KINDAN2_room_02,38612992,38654784,26427056,26444640
Z2_KINDAN2_room_03,38658048,38695968,26444640,26460160
Z2_KINDAN2_room_04,38699008,38718144,26460160,26468304
Z2_KINDAN2_room_05,38719488,38751728,26468304,26483296
Z2_TENMON_DAI,38752256,38786944,26483296,26505952
Z2_TENMON_DAI_room_00,38789120,38863648,26505952,26537584
Z2_TENMON_DAI_room_01,38866944,38967984,26537584,26585952
Z2_LAST_DEKU,38969344,38985616,26585952,26597424
Z2_LAST_DEKU_room_00,38985728,39041792,26597424,26638416
Z2_LAST_DEKU_room_01,39043072,39061408,26638416,26652480
Z2_22DEKUCITY,39063552,39117344,26652480,26689088
Z2_22DEKUCITY_room_00,39120896,39193168,26689088,26721600
Z2_22DEKUCITY_room_01,39194624,39254352,26721600,26746848
Z2_22DEKUCITY_room_02,39256064,39331056,26746848,26780688
Z2_KAJIYA,39333888,39365072,26780688,26803152
Z2_KAJIYA_room_00,39366656,39422240,26803152,26824656
Z2_00KEIKOKU,39424000,39654736,26824656,26966832
Z2_00KEIKOKU_room_00,39657472,39823456,26966832,27041488
Z2_POSTHOUSE,39825408,39864240,27041488,27067760
Z2_POSTHOUSE_room_00,39866368,39901456,27067760,27080880
Z2_LABO,39903232,39959616,27080880,27118176
Z2_LABO_room_00,39960576,39995040,27118176,27133168
Z2_DANPEI2TEST,39997440,40021072,27133168,27151456
Z2_DANPEI2TEST_room_00,40022016,40115296,27151456,27192144
Z2_DANPEI2TEST_room_01,40116224,40139952,27192144,27200672
Z2_16GORON_HOUSE,40140800,40194496,27200672,27238864
Z2_16GORON_HOUSE_room_00,40198144,40248784,27238864,27262064
Z2_16GORON_HOUSE_room_01,40251392,40280944,27262064,27275968
Z2_33ZORACITY,40284160,40343408,27275968,27324784
Z2_33ZORACITY_room_00,40345600,40386640,27324784,27344480
Z2_8ITEMSHOP,40390656,40432240,27344480,27372160
Z2_8ITEMSHOP_room_00,40435712,40487472,27372160,27391504
Z2_F01,40488960,40604768,27391504,27470832
Z2_F01_room_00,40607744,40661696,27470832,27497920
Z2_INISIE_BS,40665088,40676368,27497920,27505168
Z2_INISIE_BS_room_00,40677376,40677808,27505168,27505424
Z2_30GYOSON,40681472,40807888,27505424,27593456
Z2_30GYOSON_room_00,40808448,40928000,27593456,27648784
Z2_31MISAKI,40931328,41033616,27648784,27723120
Z2_31MISAKI_room_00,41033728,41129072,27723120,27769456
Z2_TAKARAKUJI,41132032,41141776,27769456,27777584
Z2_TAKARAKUJI_room_00,41144320,41156176,27777584,27782112
Z2_TORIDE,41156608,41205840,27782112,27821936
Z2_TORIDE_room_00,41209856,41263616,27821936,27844464
Z2_FISHERMAN,41267200,41304400,27844464,27873024
Z2_FISHERMAN_room_00,41308160,41342272,27873024,27887232
Z2_GORONSHOP,41345024,41394992,27887232,27922816
Z2_GORONSHOP_room_00,41398272,41436576,27922816,27938576
Z2_DEKU_KING,41439232,41511872,27938576,27983760
Z2_DEKU_KING_room_00,41512960,41551072,27983760,28000608
Z2_LAST_GORON,41553920,41592256,28000608,28023856
Z2_LAST_GORON_room_00,41594880,41684624,28023856,28075504
Z2_LAST_GORON_room_01,41684992,41702592,28075504,28089552
Z2_24KEMONOMITI,41705472,41737040,28089552,28113648
Z2_24KEMONOMITI_room_00,41738240,41763296,28113648,28127152
Z2_F01_B,41766912,41814304,28127152,28165856
Z2_F01_B_room_00,41816064,41845376,28165856,28178496
Z2_F01C,41848832,41906864,28178496,28218512
Z2_F01C_room_00,41910272,41933360,28218512,28227968
Z2_BOTI,41934848,41992656,28227968,28273312
Z2_BOTI_room_00,41996288,42045920,28273312,28300032
Z2_BOTI_room_01,42049536,42085152,28300032,28322368
Z2_HAKUGIN_BS,42086400,42119088,28322368,28347216
Z2_HAKUGIN_BS_room_00,42119168,42144336,28347216,28357920
Z2_20SICHITAI,42147840,42218848,28357920,28413696
Z2_20SICHITAI_room_00,42221568,42343312,28413696,28483616
Z2_20SICHITAI_room_01,42344448,42427648,28483616,28534336
Z2_20SICHITAI_room_02,42430464,42489056,28534336,28571408
Z2_21MITURINMAE,42491904,42536944,28571408,28603264
Z2_21MITURINMAE_room_00,42536960,42601536,28603264,28627408
Z2_LAST_ZORA,42602496,42686496,28627408,28692384
Z2_LAST_ZORA_room_00,42688512,42747744,28692384,28713680
Z2_11GORONNOSATO2,42749952,42776320,28713680,28734608
Z2_11GORONNOSATO2_room_00,42778624,42870512,28734608,28793376
Z2_11GORONNOSATO2_room_01,42872832,42882720,28793376,28798944
Z2_SEA,42885120,43001664,28798944,28873696
Z2_SEA_room_00,43003904,43063888,28873696,28897872
Z2_SEA_room_01,43065344,43099040,28897872,28910496
Z2_SEA_room_02,43102208,43110592,28910496,28914288
Z2_SEA_room_03,43114496,43123776,28914288,28918064
Z2_SEA_room_04,43126784,43162512,28918064,28934016
Z2_SEA_room_05,43163648,43184880,28934016,28945440
Z2_SEA_room_06,43188224,43236752,28945440,28967952
Z2_SEA_room_07,43237376,43258048,28967952,28979104
Z2_SEA_room_08,43261952,43303936,28979104,28995120
Z2_SEA_room_09,43307008,43326192,28995120,29002064
Z2_SEA_room_10,43327488,43363104,29002064,29016896
Z2_SEA_room_11,43364352,43408112,29016896,29035984
Z2_SEA_room_12,43409408,43443568,29035984,29049680
Z2_SEA_room_13,43446272,43460496,29049680,29056640
Z2_SEA_room_14,43462656,43469632,29056640,29060512
Z2_SEA_room_15,43470848,43477360,29060512,29062816
Z2_35TAKI,43479040,43579392,29062816,29146480
Z2_35TAKI_room_00,43581440,43683088,29146480,29200000
Z2_REDEAD,43683840,43737136,29200000,29233424
Z2_REDEAD_room_00,43741184,43762416,29233424,29242048
Z2_REDEAD_room_01,43765760,43801488,29242048,29256032
Z2_REDEAD_room_02,43802624,43835520,29256032,29268816
Z2_REDEAD_room_03,43839488,43870512,29268816,29280688
Z2_REDEAD_room_04,43872256,43902016,29280688,29293136
Z2_REDEAD_room_05,43905024,43942816,29293136,29307312
Z2_REDEAD_room_06,43945984,43974304,29307312,29319056
Z2_REDEAD_room_07,43974656,43999424,29319056,29328528
Z2_REDEAD_room_08,44003328,44013152,29328528,29332464
Z2_REDEAD_room_09,44015616,44025904,29332464,29336624
Z2_REDEAD_room_10,44027904,44038656,29336624,29340944
Z2_REDEAD_room_11,44040192,44078976,29340944,29363920
Z2_REDEAD_room_12,44081152,44085136,29363920,29365408
Z2_REDEAD_room_13,44085248,44091536,29365408,29367728
Z2_BANDROOM,44093440,44140720,29367728,29399456
Z2_BANDROOM_room_00,44142592,44216272,29399456,29444480
Z2_BANDROOM_room_01,44216320,44263200,29444480,29471568
Z2_BANDROOM_room_02,44265472,44324272,29471568,29504592
Z2_BANDROOM_room_03,44326912,44369776,29504592,29531856
Z2_BANDROOM_room_04,44371968,44410448,29531856,29553520
Z2_11GORONNOSATO,44412928,44435200,29553520,29570656
Z2_11GORONNOSATO_room_00,44437504,44518496,29570656,29618880
Z2_11GORONNOSATO_room_01,44519424,44530272,29618880,29625504
Z2_GORON_HAKA,44531712,44566416,29625504,29650128
Z2_GORON_HAKA_room_00,44568576,44600752,29650128,29664688
Z2_SECOM,44601344,44628496,29664688,29681248
Z2_SECOM_room_00,44630016,44643056,29681248,29688944
Z2_SECOM_room_01,44646400,44710320,29688944,29716928
Z2_10YUKIYAMANOMURA,44711936,44770896,29716928,29757440
Z2_10YUKIYAMANOMURA_room_00,44773376,44820160,29757440,29780672
Z2_TOUGITES,44822528,44849088,29780672,29799344
Z2_TOUGITES_room_00,44851200,44869072,29799344,29807632
Z2_DANPEI,44871680,44940032,29807632,29853664
Z2_DANPEI_room_00,44941312,44985280,29853664,29875520
Z2_DANPEI_room_01,44986368,45019776,29875520,29890688
Z2_DANPEI_room_02,45023232,45074640,29890688,29914256
Z2_DANPEI_room_03,45076480,45117200,29914256,29936320
Z2_DANPEI_room_04,45117440,45139120,29936320,29947088
Z2_DANPEI_room_05,45142016,45182576,29947088,29966480
Z2_DANPEI_room_06,45182976,45228624,29966480,29985696
Z2_DANPEI_room_07,45232128,45288208,29985696,30011296
Z2_DANPEI_room_08,45289472,45315088,30011296,30025872
Z2_IKANAMAE,45318144,45351056,30025872,30053152
Z2_IKANAMAE_room_00,45355008,45374416,30053152,30063456
Z2_DOUJOU,45375488,45405488,30063456,30085872
Z2_DOUJOU_room_00,45408256,45434080,30085872,30096288
Z2_MUSICHOUSE,45436928,45541376,30096288,30165648
Z2_MUSICHOUSE_room_00,45543424,45595232,30165648,30186704
Z2_IKNINSIDE,45596672,45641744,30186704,30214976
Z2_IKNINSIDE_room_00,45645824,45656544,30214976,30218880
Z2_IKNINSIDE_room_01,45658112,45688896,30218880,30233088
Z2_MAP_SHOP,45690880,45719584,30233088,30254080
Z2_MAP_SHOP_room_00,45723648,45746272,30254080,30262096
Z2_F40,45748224,45830912,30262096,30324608
Z2_F40_room_00,45834240,45882992,30324608,30348160
Z2_F41,45883392,45964016,30348160,30409312
Z2_F41_room_00,45965312,46012768,30409312,30431968
Z2_10YUKIYAMANOMURA2,46014464,46043232,30431968,30450816
Z2_10YUKIYAMANOMURA2_room_00,46047232,46171280,30450816,30525744
Z2_10YUKIYAMANOMURA2_room_01,46174208,46181936,30525744,30530080
Z2_14YUKIDAMANOMITI,46182400,46206192,30530080,30547808
Z2_14YUKIDAMANOMITI_room_00,46206976,46224816,30547808,30559104
Z2_12HAKUGINMAE,46227456,46257504,30559104,30582864
Z2_12HAKUGINMAE_room_00,46260224,46289072,30582864,30600448
Z2_17SETUGEN,46292992,46332848,30600448,30625952
Z2_17SETUGEN_room_00,46333952,46364400,30625952,30640704
Z2_17SETUGEN2,46366720,46402256,30640704,30669344
Z2_17SETUGEN2_room_00,46403584,46432736,30669344,30684176
Z2_SEA_BS,46436352,46457584,30684176,30702400
Z2_SEA_BS_room_00,46460928,46483664,30702400,30710576
Z2_RANDOM,46485504,46530784,30710576,30741584
Z2_RANDOM_room_00,46534656,46545696,30741584,30746448
Z2_RANDOM_room_01,46546944,46585680,30746448,30761408
Z2_RANDOM_room_02,46587904,46617040,30761408,30775872
Z2_RANDOM_room_03,46620672,46650096,30775872,30790464
Z2_RANDOM_room_04,46653440,46667200,30790464,30797056
Z2_RANDOM_room_05,46669824,46685184,30797056,30805072
Z2_YADOYA,46686208,46748784,30805072,30839280
Z2_YADOYA_room_00,46751744,46851264,30839280,30880624
Z2_YADOYA_room_01,46854144,46887728,30880624,30894864
Z2_YADOYA_room_02,46891008,46915296,30894864,30903936
Z2_YADOYA_room_03,46915584,46936256,30903936,30911200
Z2_YADOYA_room_04,46940160,46970160,30911200,30921216
Z2_KONPEKI_ENT,46972928,47002144,30921216,30939920
Z2_KONPEKI_ENT_room_00,47005696,47031200,30939920,30951616
Z2_INSIDETOWER,47034368,47066944,30951616,30963312
Z2_INSIDETOWER_room_00,47067136,47131152,30963312,31002640
Z2_INSIDETOWER_room_01,47132672,47133104,31002640,31002896
Z2_26SARUNOMORI,47136768,47187168,31002896,31037040
Z2_26SARUNOMORI_room_00,47190016,47203824,31037040,31044416
Z2_26SARUNOMORI_room_01,47206400,47220192,31044416,31051680
Z2_26SARUNOMORI_room_02,47222784,47239776,31051680,31061904
Z2_26SARUNOMORI_room_03,47243264,47253360,31061904,31067056
Z2_26SARUNOMORI_room_04,47255552,47268944,31067056,31074176
Z2_26SARUNOMORI_room_05,47271936,47282032,31074176,31079328
Z2_26SARUNOMORI_room_06,47284224,47300656,31079328,31088096
Z2_26SARUNOMORI_room_07,47304704,47314800,31088096,31093280
Z2_26SARUNOMORI_room_08,47316992,47330608,31093280,31100672
Z2_LOST_WOODS,47333376,47397328,31100672,31131872
Z2_LOST_WOODS_room_00,47398912,47431920,31131872,31154448
Z2_LOST_WOODS_room_01,47435776,47476000,31154448,31182912
Z2_LOST_WOODS_room_02,47476736,47484352,31182912,31185504
Z2_LAST_LINK,47484928,47514384,31185504,31209216
Z2_LAST_LINK_room_00,47517696,47530432,31209216,31217136
Z2_LAST_LINK_room_01,47534080,47543808,31217136,31222864
Z2_LAST_LINK_room_02,47546368,47558384,31222864,31231040
Z2_LAST_LINK_room_03,47558656,47573840,31231040,31241600
Z2_LAST_LINK_room_04,47575040,47581584,31241600,31245040
Z2_LAST_LINK_room_05,47583232,47599408,31245040,31257136
Z2_LAST_LINK_room_06,47599616,47602496,31257136,31258224
Z2_LAST_LINK_room_07,47603712,47606592,31258224,31259312
Z2_SOUGEN,47607808,47652816,31259312,31289808
Z2_SOUGEN_room_00,47652864,47684320,31289808,31303952
Z2_BOMYA,47685632,47737200,31303952,31334720
Z2_BOMYA_room_00,47738880,47771360,31334720,31347104
Z2_KYOJINNOMA,47771648,47832496,31347104,31364368
Z2_KYOJINNOMA_room_00,47833088,47839792,31364368,31366752
Z2_KOEPONARACE,47841280,47883408,31366752,31401712
Z2_KOEPONARACE_room_00,47886336,47920192,31401712,31419072
Z2_GORONRACE,47923200,47986320,31419072,31468704
Z2_GORONRACE_room_00,47988736,48044912,31468704,31502832
Z2_TOWN,48046080,48170864,31502832,31589920
Z2_TOWN_room_00,48173056,48268960,31589920,31629808
Z2_ICHIBA,48271360,48361024,31629808,31692496
Z2_ICHIBA_room_00,48361472,48405248,31692496,31709104
Z2_BACKTOWN,48406528,48475872,31709104,31757648
Z2_BACKTOWN_room_00,48476160,48517504,31757648,31774592
Z2_CLOCKTOWER,48521216,48662112,31774592,31870224
Z2_CLOCKTOWER_room_00,48664576,48744624,31870224,31898864
Z2_ALLEY,48746496,48801888,31898864,31939872
Z2_ALLEY_room_00,48803840,48839920,31939872,31955680
SPOT00,48840704,48891712,31955680,31969728
SPOT00_room_00,48893952,48896272,31969728,31970832
KAKUSIANA,48898048,48962768,31970832,32019648
KAKUSIANA_room_00,48963584,48978576,32019648,32027968
KAKUSIANA_room_01,48979968,49006896,32027968,32048592
KAKUSIANA_room_02,49008640,49017248,32048592,32053648
KAKUSIANA_room_03,49020928,49029792,32053648,32059600
KAKUSIANA_room_04,49033216,49039776,32059600,32063072
KAKUSIANA_room_05,49041408,49047280,32063072,32066768
KAKUSIANA_room_06,49049600,49058608,32066768,32071600
KAKUSIANA_room_07,49061888,49072768,32071600,32079584
KAKUSIANA_room_08,49074176,49086816,32079584,32087456
KAKUSIANA_room_09,49090560,49099280,32087456,32092448
KAKUSIANA_room_10,49102848,49107872,32092448,32095328
KAKUSIANA_room_11,49111040,49120752,32095328,32102352
KAKUSIANA_room_12,49123328,49149152,32102352,32118000
KAKUSIANA_room_13,49152000,49166176,32118000,32125552
KAKUSIANA_room_14,49168384,49177296,32125552,32130432
bump_texture_static,49180672,49181696,32130432,32131104
anime_model_1_static,49184768,49184784,49184768,0
anime_model_2_static,49188864,49188880,49188864,0
anime_model_3_static,49192960,49192976,49192960,0
anime_model_4_static,49197056,49197072,49197056,0
anime_model_5_static,49201152,49201168,49201152,0
anime_model_6_static,49205248,49205264,49205248,0
anime_texture_1_static,49209344,49209360,49209344,0
anime_texture_2_static,49213440,49213456,49213440,0
anime_texture_3_static,49217536,49217552,49217536,0
anime_texture_4_static,49221632,49221648,49221632,0
anime_texture_5_static,49225728,49225744,49225728,0
anime_texture_6_static,49229824,49229840,49229824,0
softsprite_matrix_static,49233920,49233984,49233920,0
