makerom,0,4192,0,0
boot,4192,151392,4192,0
dmadata,151392,176848,151392,0
Audiobank,176848,333504,176848,0
Audioseq,333504,666432,333504,0
Audiotable,666432,6206128,666432,0
link_animetion,6206128,9326672,6206128,0
icon_item_static_old,9330688,9944768,9330688,0
icon_item_24_static_old,9945088,9975552,9945088,0
icon_item_field_static,9977856,10062576,9326672,9368432
icon_item_dungeon_static,10063872,10083200,9368432,9373456
icon_item_gameover_static,10084352,10097408,9373456,9379344
nes_map_name_static,10100736,10131968,9379344,9392880
ger_map_name_static,10133504,10165504,9392880,9406576
fra_map_name_static,10166272,10198016,9406576,9420752
esp_map_name_static,10199040,10230784,9420752,9434528
icon_item_vtx_static,10231808,10232544,9434528,9434768
map_i_static,10235904,10240784,9434768,0
map_grand_static,10240784,10278496,9439648,0
nes_item_name_static,10278496,10334960,9477360,0
ger_item_name_static,10334960,10386752,9533824,0
fra_item_name_static,10386752,10441952,9585616,0
esp_item_name_static,10441952,10497824,9640816,0
DBG_00A02F20,10497824,10504256,9696688,0
DBG_00A04840,10504256,10511152,9703120,0
DBG_00A06330,10511152,10519040,9710016,0
DBG_00A08200,10519040,10526320,9717904,0
icon_item_static,10526320,10809664,9725184,0
icon_item_24_static,10809664,10828288,10008528,0
schedule_dma_static_old,10828288,10873888,10828288,0
schedule_dma_static,10874880,10902032,10027152,0
schedule_static,10902032,10928352,10054304,10063104
story_static,10932224,11086848,10063104,10174880
nes_do_action_static,11087872,11104000,10174880,0
ger_do_action_static,11104256,11120384,10191008,0
fra_do_action_static,11120640,11136768,10207136,0
esp_do_action_static,11137024,11153152,10223264,0
message_static,11153408,11174272,10239392,0
message_texture_static,11177984,11182592,10260256,0
nes_font_static,11186176,11206144,10264864,0
nes_message_data_static,11206656,11639424,10284832,0
ger_message_data_static,11640832,12119536,10717600,0
fra_message_data_static,12120064,12583200,11196304,0
esp_message_data_static,12587008,13039040,11659440,0
staff_message_data_static,13041664,13045376,12111472,0
nes_message_table_static,13045760,13082480,12115184,0
ger_message_table_static,13082624,13118720,12151904,0
fra_message_table_static,13119488,13155552,12188000,0
esp_message_table_static,13156352,13192416,12224064,0
code,13193216,14755328,12260128,13160480
ovl_title,14755328,14758944,13160480,13163072
ovl_select,14758944,14773040,13163072,13171424
ovl_opening,14773040,14773760,13171424,13172000
ovl_file_choose,14773760,14855872,13172000,13218112
ovl_daytelop,14855872,14861984,13218112,13220624
ovl_kaleido_scope,14861984,14967904,13220624,13282928
ovl_Player_Actor,14967904,15204128,13282928,13437440
ovl_En_Test,15204128,15207920,13437440,13440448
ovl_En_GirlA,15207920,15216832,13440448,13444608
ovl_En_Part,15216832,15218624,13444608,13446160
ovl_En_Light,15218624,15222608,13446160,13448912
ovl_En_Door,15222608,15228080,13448912,13453104
ovl_En_Box,15228080,15237984,13453104,13460032
ovl_En_Pametfrog,15237984,15256560,13460032,13471792
ovl_En_Okuta,15256560,15269856,13471792,13480800
ovl_En_Bom,15269856,15285040,13480800,13490624
ovl_En_Wallmas,15285040,15294064,13490624,13496672
ovl_En_Dodongo,15294064,15307344,13496672,13505824
ovl_En_Firefly,15307344,15316336,13505824,13511920
ovl_En_Horse,15316336,15380944,13511920,13549024
ovl_En_Arrow,15380944,15390656,13549024,13555808
ovl_En_Elf,15390656,15411376,13555808,13569744
ovl_En_Niw,15411376,15422240,13569744,13577696
ovl_En_Tite,15422240,15437888,13577696,13587856
ovl_En_Peehat,15437888,15449904,13587856,13595872
ovl_En_Holl,15449904,15453776,13595872,13598800
ovl_En_Dinofos,15453776,15472352,13598800,13610688
ovl_En_Hata,15472352,15473664,13610688,13611840
ovl_En_Zl1,15473664,15473808,13611840,13611936
ovl_En_Viewer,15473808,15475680,13611936,13613296
ovl_En_Bubble,15475680,15481424,13613296,13617504
ovl_Door_Shutter,15481424,15489344,13617504,13623088
ovl_En_Boom,15489344,15492960,13623088,13626112
ovl_En_Torch2,15492960,15494432,13626112,13627360
ovl_En_Minifrog,15494432,15502016,13627360,13632464
ovl_En_St,15502016,15513440,13632464,13640368
ovl_Obj_Wturn,15513440,15515072,13640368,13641584
ovl_En_River_Sound,15515072,15516000,13641584,13642464
ovl_En_Ossan,15516000,15537136,13642464,13654816
ovl_En_Famos,15537136,15546416,13654816,13660592
ovl_En_Bombf,15546416,15551984,13660592,13664880
ovl_En_Am,15551984,15558560,13664880,13669360
ovl_En_Dekubaba,15558560,15576624,13669360,13680864
ovl_En_M_Fire1,15576624,15577120,13680864,13681248
ovl_En_M_Thunder,15577120,15585680,13681248,13686640
ovl_Bg_Breakwall,15585680,15591168,13686640,13690240
ovl_Door_Warp1,15591168,15608096,13690240,13700912
ovl_Obj_Syokudai,15608096,15611904,13700912,13703936
ovl_Item_B_Heart,15611904,15613200,13703936,13704944
ovl_En_Dekunuts,15613200,15622416,13704944,13710800
ovl_En_Bbfall,15622416,15631024,13710800,13717136
ovl_Arms_Hook,15631024,15634784,13717136,13720016
ovl_En_Bb,15634784,15643152,13720016,13726080
ovl_Bg_Keikoku_Spr,15643152,15643824,13726080,13726608
ovl_En_Wood02,15643824,15649168,13726608,13730752
ovl_En_Death,15649168,15672512,13730752,13746224
ovl_En_Minideath,15672512,15681888,13746224,13752560
ovl_En_Vm,15681888,15687904,13752560,13757008
ovl_Demo_Effect,15687904,15692192,13757008,13760192
ovl_Demo_Kankyo,15692192,15701536,13760192,13766256
ovl_En_Floormas,15701536,15717440,13766256,13775888
ovl_En_Rd,15717440,15732960,13775888,13784880
ovl_Bg_F40_Flift,15732960,15734032,13784880,13785728
ovl_Obj_Mure,15734032,15739280,13785728,13789024
ovl_En_Sw,15739280,15753904,13789024,13798992
ovl_Object_Kankyo,15753904,15764912,13798992,13806336
ovl_En_Horse_Link_Child,15764912,15772800,13806336,13810912
ovl_Door_Ana,15772800,15774672,13810912,13812368
ovl_En_Encount1,15774672,15776560,13812368,13813792
ovl_Demo_Tre_Lgt,15776560,15778864,13813792,13815568
ovl_En_Encount2,15778864,15781968,13815568,13818064
ovl_En_Fire_Rock,15781968,15782112,13818064,13818160
ovl_Bg_Ctower_Rot,15782112,15783760,13818160,13819472
ovl_Mir_Ray,15783760,15790608,13819472,13824896
ovl_En_Sb,15790608,15795456,13824896,13828160
ovl_En_Bigslime,15795456,15848832,13828160,13861264
ovl_En_Karebaba,15848832,15857872,13861264,13867248
ovl_En_In,15857872,15876768,13867248,13878672
ovl_En_Bom_Chu,15876768,15883008,13878672,13883536
ovl_En_Horse_Game_Check,15883008,15888432,13883536,13886896
ovl_En_Rr,15888432,15899408,13886896,13894752
ovl_En_Fr,15899408,15900240,13894752,13895456
ovl_Obj_Oshihiki,15900240,15907408,13895456,13900352
ovl_Eff_Dust,15907408,15913024,13900352,13903840
ovl_Bg_Umajump,15913024,15915696,13903840,13905696
ovl_En_Insect,15915696,15922368,13905696,13910000
ovl_En_Butte,15922368,15928480,13910000,13914256
ovl_En_Fish,15928480,15940080,13914256,13921888
ovl_Item_Etcetera,15940080,15941472,13921888,13922912
ovl_Arrow_Fire,15941472,15950288,13922912,13930272
ovl_Arrow_Ice,15950288,15958528,13930272,13936720
ovl_Arrow_Light,15958528,15966720,13936720,13943264
ovl_Obj_Kibako,15966720,15972320,13943264,13947184
ovl_Obj_Tsubo,15972320,15982208,13947184,13953264
ovl_En_Ik,15982208,15994992,13953264,13961568
ovl_Demo_Shd,15994992,15995136,13961568,13961664
ovl_En_Dns,15995136,16002736,13961664,13966912
ovl_Elf_Msg,16002736,16005216,13966912,13968720
ovl_En_Honotrap,16005216,16015504,13968720,13975712
ovl_En_Tubo_Trap,16015504,16019264,13975712,13978400
ovl_Obj_Ice_Poly,16019264,16023536,13978400,13981680
ovl_En_Fz,16023536,16034048,13981680,13988848
ovl_En_Kusa,16034048,16043424,13988848,13995776
ovl_Obj_Bean,16043424,16055792,13995776,14003216
ovl_Obj_Bombiwa,16055792,16062816,14003216,14008208
ovl_Obj_Switch,16062816,16074992,14008208,14015216
ovl_Obj_Lift,16074992,16078112,14015216,14017728
ovl_Obj_Hsblock,16078112,16080048,14017728,14019216
ovl_En_Okarina_Tag,16080048,16081712,14019216,14020640
ovl_En_Goroiwa,16081712,16102864,14020640,14035520
ovl_En_Daiku,16102864,16106832,14035520,14038528
ovl_En_Nwc,16106832,16112368,14038528,14042640
ovl_Item_Inbox,16112368,16112832,14042640,14042976
ovl_En_Ge1,16112832,16117648,14042976,14046400
ovl_Obj_Blockstop,16117648,16118320,14046400,14046976
ovl_En_Sda,16118320,16124320,14046976,14050960
ovl_En_Clear_Tag,16124320,16149552,14050960,14066240
ovl_En_Gm,16149552,16169408,14066240,14078720
ovl_En_Ms,16169408,16171216,14078720,14080112
ovl_En_Hs,16171216,16175280,14080112,14083088
ovl_Bg_Ingate,16175280,16179648,14083088,14086368
ovl_En_Kanban,16179648,16194256,14086368,14095376
ovl_En_Attack_Niw,16194256,16199120,14095376,14098880
ovl_En_Mk,16199120,16204240,14098880,14102448
ovl_En_Owl,16204240,16218672,14102448,14111456
ovl_En_Ishi,16218672,16229088,14111456,14118832
ovl_Obj_Hana,16229088,16229376,14118832,14119056
ovl_Obj_Lightswitch,16229376,16234656,14119056,14122384
ovl_Obj_Mure2,16234656,16237568,14122384,14124528
ovl_En_Fu,16237568,16255200,14124528,14136016
ovl_En_Stream,16255200,16256848,14136016,14137392
ovl_En_Mm,16256848,16259360,14137392,14139392
ovl_En_Weather_Tag,16259360,16265568,14139392,14143168
ovl_En_Ani,16265568,16269696,14143168,14146048
ovl_En_Js,16269696,16281200,14146048,14153264
ovl_En_Okarina_Effect,16281200,16282016,14153264,14153888
ovl_En_Mag,16282016,16297504,14153888,14162320
ovl_Elf_Msg2,16297504,16299680,14162320,14163824
ovl_Bg_F40_Swlift,16299680,16300928,14163824,14164912
ovl_En_Kakasi,16300928,16313424,14164912,14172912
ovl_Obj_Makeoshihiki,16313424,16314624,14172912,14173952
ovl_Oceff_Spot,16314624,16318832,14173952,14177472
ovl_En_Torch,16318832,16319104,14177472,14177728
ovl_Shot_Sun,16319104,16320832,14177728,14179104
ovl_Obj_Roomtimer,16320832,16321616,14179104,14179728
ovl_En_Ssh,16321616,16332608,14179728,14186944
ovl_Oceff_Wipe,16332608,16336256,14186944,14190080
ovl_Effect_Ss_Dust,16336256,16338496,14190080,14191904
ovl_Effect_Ss_Kirakira,16338496,16340368,14191904,14193472
ovl_Effect_Ss_Bomb2,16340368,16342848,14193472,14195264
ovl_Effect_Ss_Blast,16342848,16343888,14195264,14196256
ovl_Effect_Ss_G_Spk,16343888,16345504,14196256,14197696
ovl_Effect_Ss_D_Fire,16345504,16346848,14197696,14198880
ovl_Effect_Ss_Bubble,16346848,16348464,14198880,14200256
ovl_Effect_Ss_G_Ripple,16348464,16350000,14200256,14201600
ovl_Effect_Ss_G_Splash,16350000,16351136,14201600,14202528
ovl_Effect_Ss_G_Fire,16351136,16351728,14202528,14203072
ovl_Effect_Ss_Lightning,16351728,16353712,14203072,14204832
ovl_Effect_Ss_Dt_Bubble,16353712,16355248,14204832,14206144
ovl_Effect_Ss_Hahen,16355248,16357136,14206144,14207552
ovl_Effect_Ss_Stick,16357136,16358048,14207552,14208384
ovl_Effect_Ss_Sibuki,16358048,16359920,14208384,14210032
ovl_Effect_Ss_Stone1,16359920,16361008,14210032,14210992
ovl_Effect_Ss_Hitmark,16361008,16362448,14210992,14212240
ovl_Effect_Ss_Fhg_Flash,16362448,16365376,14212240,14214096
ovl_Effect_Ss_K_Fire,16365376,16366688,14214096,14215280
ovl_Effect_Ss_Solder_Srch_Ball,16366688,16368016,14215280,14216400
ovl_Effect_Ss_Kakera,16368016,16372688,14216400,14219840
ovl_Effect_Ss_Ice_Piece,16372688,16373936,14219840,14220976
ovl_Effect_Ss_En_Ice,16373936,16376144,14220976,14222864
ovl_Effect_Ss_Fire_Tail,16376144,16378080,14222864,14224576
ovl_Effect_Ss_En_Fire,16378080,16379968,14224576,14226256
ovl_Effect_Ss_Extra,16379968,16381072,14226256,14227280
ovl_Effect_Ss_Dead_Db,16381072,16382288,14227280,14228400
ovl_Effect_Ss_Dead_Dd,16382288,16383888,14228400,14229840
ovl_Effect_Ss_Dead_Ds,16383888,16385232,14229840,14231040
ovl_Oceff_Storm,16385232,16393232,14231040,14238400
ovl_Obj_Demo,16393232,16394352,14238400,14239232
ovl_En_Minislime,16394352,16404208,14239232,14245760
ovl_En_Nutsball,16404208,16406048,14245760,14247392
ovl_Oceff_Wipe2,16406048,16412304,14247392,14251232
ovl_Oceff_Wipe3,16412304,16418512,14251232,14256160
ovl_En_Dg,16418512,16434464,14256160,14265984
ovl_En_Si,16434464,16435744,14265984,14266880
ovl_Obj_Comb,16435744,16442544,14266880,14271568
ovl_Obj_Kibako2,16442544,16445392,14271568,14273808
ovl_En_Hs2,16445392,16445680,14273808,14274048
ovl_Obj_Mure3,16445680,16447952,14274048,14275760
ovl_En_Tg,16447952,16451360,14275760,14278384
ovl_En_Wf,16451360,16470512,14278384,14290224
ovl_En_Skb,16470512,16485056,14290224,14299088
ovl_En_Gs,16485056,16497888,14299088,14308240
ovl_Obj_Sound,16497888,16498496,14308240,14308752
ovl_En_Crow,16498496,16504960,14308752,14313424
ovl_En_Cow,16504960,16510848,14313424,14317136
ovl_Oceff_Wipe4,16510848,16515184,14317136,14320400
ovl_En_Zo,16515184,16519696,14320400,14323760
ovl_Effect_Ss_Ice_Smoke,16519696,16520704,14323760,14324656
ovl_Obj_Makekinsuta,16520704,16522064,14324656,14325792
ovl_En_Ge3,16522064,16526928,14325792,14329280
ovl_Obj_Hamishi,16526928,16530576,14329280,14332192
ovl_En_Zl4,16530576,16532064,14332192,14333344
ovl_En_Mm2,16532064,16535200,14333344,14335184
ovl_Door_Spiral,16535200,16537760,14335184,14337232
ovl_Obj_Pzlblock,16537760,16542016,14337232,14340336
ovl_Obj_Toge,16542016,16545632,14340336,14343136
ovl_Obj_Armos,16545632,16550064,14343136,14346368
ovl_Obj_Boyo,16550064,16551600,14346368,14347680
ovl_En_Grasshopper,16551600,16564544,14347680,14356512
ovl_Obj_Grass,16564544,16572688,14356512,14362688
ovl_Obj_Grass_Carry,16572688,16577344,14362688,14366240
ovl_Obj_Grass_Unit,16577344,16579696,14366240,14367824
ovl_Bg_Fire_Wall,16579696,16582400,14367824,14369904
ovl_En_Bu,16582400,16583024,14369904,14370448
ovl_En_Encount3,16583024,16585824,14370448,14372816
ovl_En_Jso,16585824,16602496,14372816,14384144
ovl_Obj_Chikuwa,16602496,16605840,14384144,14386928
ovl_En_Knight,16605840,16662112,14386928,14423312
ovl_En_Warp_tag,16662112,16664912,14423312,14425536
ovl_En_Aob_01,16664912,16677504,14425536,14434048
ovl_En_Boj_01,16677504,16677648,14434048,14434144
ovl_En_Boj_02,16677648,16677792,14434144,14434240
ovl_En_Boj_03,16677792,16677936,14434240,14434336
ovl_En_Encount4,16677936,16680288,14434336,14436192
ovl_En_Bom_Bowl_Man,16680288,16688544,14436192,14441888
ovl_En_Syateki_Man,16688544,16703184,14441888,14450976
ovl_Bg_Icicle,16703184,16705888,14450976,14453136
ovl_En_Syateki_Crow,16705888,16709888,14453136,14456320
ovl_En_Boj_04,16709888,16710032,14456320,14456416
ovl_En_Cne_01,16710032,16714240,14456416,14459520
ovl_En_Bba_01,16714240,16718368,14459520,14462560
ovl_En_Bji_01,16718368,16723344,14462560,14466128
ovl_Bg_Spdweb,16723344,16729152,14466128,14470288
ovl_En_Mt_tag,16729152,16734240,14470288,14473968
ovl_Boss_01,16734240,16771184,14473968,14498464
ovl_Boss_02,16771184,16797200,14498464,14516512
ovl_Boss_03,16797200,16827856,14516512,14537392
ovl_Boss_04,16827856,16837712,14537392,14544640
ovl_Boss_05,16837712,16854208,14544640,14555776
ovl_Boss_06,16854208,16863456,14555776,14562720
ovl_Boss_07,16863456,16955344,14562720,14623424
ovl_Bg_Dy_Yoseizo,16955344,16964112,14623424,14629648
ovl_En_Boj_05,16964112,16964256,14629648,14629744
ovl_En_Sob1,16964256,16985776,14629744,14642768
ovl_En_Go,16985776,17012240,14642768,14660512
ovl_En_Raf,17012240,17023808,14660512,14668096
ovl_Obj_Funen,17023808,17024464,14668096,14668688
ovl_Obj_Raillift,17024464,17028160,14668688,14671472
ovl_Bg_Numa_Hana,17028160,17032608,14671472,14674640
ovl_Obj_Flowerpot,17032608,17042672,14674640,14681376
ovl_Obj_Spinyroll,17042672,17050544,14681376,14686736
ovl_Dm_Hina,17050544,17053536,14686736,14689008
ovl_En_Syateki_Wf,17053536,17059024,14689008,14693008
ovl_Obj_Skateblock,17059024,17067040,14693008,14698688
ovl_Effect_En_Ice_Block,17067040,17068176,14698688,14699664
ovl_Obj_Iceblock,17068176,17087472,14699664,14712864
ovl_En_Bigpamet,17087472,17098496,14712864,14720192
ovl_Bg_Dblue_Movebg,17098496,17108400,14720192,14727328
ovl_En_Syateki_Dekunuts,17108400,17113488,14727328,14731008
ovl_Elf_Msg3,17113488,17115760,14731008,14732688
ovl_En_Fg,17115760,17121920,14732688,14737072
ovl_Dm_Ravine,17121920,17122416,14737072,14737504
ovl_Dm_Sa,17122416,17123808,14737504,14738592
ovl_En_Slime,17123808,17138480,14738592,14748320
ovl_En_Pr,17138480,17145552,14748320,14753440
ovl_Obj_Toudai,17145552,17149072,14753440,14755712
ovl_Obj_Entotu,17149072,17153136,14755712,14758112
ovl_Obj_Bell,17153136,17156688,14758112,14760432
ovl_En_Syateki_Okuta,17156688,17165392,14760432,14765616
ovl_Obj_Shutter,17165392,17166304,14765616,14766400
ovl_Dm_Zl,17166304,17168784,14766400,14768336
ovl_En_Ru,17168784,17172544,14768336,14771184
ovl_En_Elfgrp,17172544,17178608,14771184,14775408
ovl_Dm_Tsg,17178608,17179744,14775408,14776448
ovl_En_Baguo,17179744,17185600,14776448,14780928
ovl_Obj_Vspinyroll,17185600,17191376,14780928,14785008
ovl_Obj_Smork,17191376,17195008,14785008,14787200
ovl_En_Test2,17195008,17196320,14787200,14788304
ovl_En_Test3,17196320,17211728,14788304,14799072
ovl_En_Test4,17211728,17218096,14799072,14803392
ovl_En_Bat,17218096,17224624,14803392,14808432
ovl_En_Sekihi,17224624,17226928,14808432,14810192
ovl_En_Wiz,17226928,17243360,14810192,14821664
ovl_En_Wiz_Brock,17243360,17245440,14821664,14823360
ovl_En_Wiz_Fire,17245440,17258464,14823360,14832224
ovl_Eff_Change,17258464,17260000,14832224,14833536
ovl_Dm_Statue,17260000,17260288,14833536,14833744
ovl_Obj_Fireshield,17260288,17264688,14833744,14837216
ovl_Bg_Ladder,17264688,17266272,14837216,14838480
ovl_En_Mkk,17266272,17274304,14838480,14844144
ovl_Demo_Getitem,17274304,17275408,14844144,14845088
ovl_En_Dnb,17275408,17280112,14845088,14848544
ovl_En_Dnh,17280112,17282416,14848544,14850384
ovl_En_Dnk,17282416,17287360,14850384,14853440
ovl_En_Dnq,17287360,17292592,14853440,14856960
ovl_Bg_Keikoku_Saku,17292592,17293968,14856960,14858080
ovl_Obj_Hugebombiwa,17293968,17304384,14858080,14864624
ovl_En_Firefly2,17304384,17304528,14864624,14864720
ovl_En_Rat,17304528,17315296,14864720,14872384
ovl_En_Water_Effect,17315296,17326992,14872384,14880272
ovl_En_Kusa2,17326992,17345120,14880272,14892608
ovl_Bg_Spout_Fire,17345120,17347456,14892608,14894512
ovl_En_Dy_Extra,17347456,17349104,14894512,14895888
ovl_En_Bal,17349104,17361456,14895888,14904080
ovl_En_Ginko_Man,17361456,17369392,14904080,14908832
ovl_En_Warp_Uzu,17369392,17370608,14908832,14909744
ovl_Obj_Driftice,17370608,17375984,14909744,14913680
ovl_En_Look_Nuts,17375984,17380256,14913680,14916784
ovl_En_Mushi2,17380256,17395984,14916784,14926912
ovl_En_Fall,17395984,17408496,14926912,14934784
ovl_En_Mm3,17408496,17414704,14934784,14938816
ovl_Bg_Crace_Movebg,17414704,17417904,14938816,14941088
ovl_En_Dno,17417904,17430608,14941088,14949168
ovl_En_Pr2,17430608,17439152,14949168,14955264
ovl_En_Prz,17439152,17445312,14955264,14959952
ovl_En_Jso2,17445312,17465360,14959952,14973392
ovl_Obj_Etcetera,17465360,17469328,14973392,14976320
ovl_En_Egol,17469328,17489504,14976320,14989968
ovl_Obj_Mine,17489504,17505696,14989968,15000736
ovl_Obj_Purify,17505696,17509184,15000736,15003088
ovl_En_Tru,17509184,17535744,15003088,15019552
ovl_En_Trt,17535744,17557728,15019552,15032976
ovl_En_Test5,17557728,17558704,15032976,15033808
ovl_En_Test6,17558704,17577520,15033808,15046272
ovl_En_Az,17577520,17600592,15046272,15060848
ovl_En_Estone,17600592,17604752,15060848,15064128
ovl_Bg_Hakugin_Post,17604752,17618704,15064128,15073856
ovl_Dm_Opstage,17618704,17619968,15073856,15074832
ovl_Dm_Stk,17619968,17644288,15074832,15088256
ovl_Dm_Char00,17644288,17656432,15088256,15094576
ovl_Dm_Char01,17656432,17668448,15094576,15101472
ovl_Dm_Char02,17668448,17670288,15101472,15102896
ovl_Dm_Char03,17670288,17672560,15102896,15104608
ovl_Dm_Char04,17672560,17675280,15104608,15106784
ovl_Dm_Char05,17675280,17684992,15106784,15111808
ovl_Dm_Char06,17684992,17686080,15111808,15112704
ovl_Dm_Char07,17686080,17688016,15112704,15113920
ovl_Dm_Char08,17688016,17700496,15113920,15122256
ovl_Dm_Char09,17700496,17703184,15122256,15124512
ovl_Obj_Tokeidai,17703184,17714432,15124512,15131456
ovl_En_Mnk,17714432,17740416,15131456,15145936
ovl_En_Egblock,17740416,17743312,15145936,15148160
ovl_En_Guard_Nuts,17743312,17747600,15148160,15151440
ovl_Bg_Hakugin_Bombwall,17747600,17752592,15151440,15154944
ovl_Obj_Tokei_Tobira,17752592,17754368,15154944,15156528
ovl_Bg_Hakugin_Elvpole,17754368,17755840,15156528,15157680
ovl_En_Ma4,17755840,17767984,15157680,15165248
ovl_En_Twig,17767984,17770784,15165248,15167520
ovl_En_Po_Fusen,17770784,17774208,15167520,15170224
ovl_En_Door_Etc,17774208,17776608,15170224,15172176
ovl_En_Bigokuta,17776608,17786320,15172176,15178864
ovl_Bg_Icefloe,17786320,17788480,15178864,15180512
ovl_fbdemo_triforce,17788480,17790384,15180512,15181888
ovl_fbdemo_wipe1,17790384,17794464,15181888,15184672
ovl_fbdemo_wipe3,17794464,17801984,15184672,15187584
ovl_fbdemo_wipe4,17801984,17802736,15187584,15188224
ovl_fbdemo_wipe5,17802736,17804176,15188224,15189440
ovl_Effect_Ss_Sbn,17804176,17806944,15189440,15191552
ovl_Obj_Ocarinalift,17806944,17810096,15191552,15193808
ovl_En_Time_Tag,17810096,17813680,15193808,15196352
ovl_Bg_Open_Shutter,17813680,17815680,15196352,15197984
ovl_Bg_Open_Spot,17815680,17816432,15197984,15198640
ovl_Bg_Fu_Kaiten,17816432,17817408,15198640,15199456
ovl_Obj_Aqua,17817408,17821408,15199456,15202464
ovl_En_Elforg,17821408,17829376,15202464,15207904
ovl_En_Elfbub,17829376,17831312,15207904,15209616
ovl_En_Fu_Mato,17831312,17837344,15209616,15214256
ovl_En_Fu_Kago,17837344,17842288,15214256,15217968
ovl_En_Osn,17842288,17852016,15217968,15224128
ovl_Bg_Ctower_Gear,17852016,17854480,15224128,15226000
ovl_En_Trt2,17854480,17866112,15226000,15233552
ovl_Obj_Tokei_Step,17866112,17869728,15233552,15236272
ovl_Bg_Lotus,17869728,17871600,15236272,15237744
ovl_En_Kame,17871600,17882064,15237744,15244768
ovl_Obj_Takaraya_Wall,17882064,17887056,15244768,15248688
ovl_Bg_Fu_Mizu,17887056,17888064,15248688,15249552
ovl_En_Sellnuts,17888064,17902432,15249552,15258704
ovl_Bg_Dkjail_Ivy,17902432,17904944,15258704,15260720
ovl_Obj_Visiblock,17904944,17905312,15260720,15261024
ovl_En_Takaraya,17905312,17910288,15261024,15264640
ovl_En_Tsn,17910288,17917536,15264640,15269360
ovl_En_Ds2n,17917536,17919184,15269360,15270656
ovl_En_Fsn,17919184,17939152,15270656,15282992
ovl_En_Shn,17939152,17944352,15282992,15286544
ovl_En_Stop_heishi,17944352,17950848,15286544,15291264
ovl_Obj_Bigicicle,17950848,17954896,15291264,15294304
ovl_En_Lift_Nuts,17954896,17966752,15294304,15301392
ovl_En_Tk,17966752,17983696,15301392,15312272
ovl_Bg_Market_Step,17983696,17984016,15312272,15312544
ovl_Obj_Lupygamelift,17984016,17985904,15312544,15314096
ovl_En_Test7,17985904,17999360,15314096,15323360
ovl_Obj_Lightblock,17999360,18001424,15323360,15324944
ovl_Mir_Ray2,18001424,18002688,15324944,15326016
ovl_En_Wdhand,18002688,18012576,15326016,15333008
ovl_En_Gamelupy,18012576,18014672,15333008,15334640
ovl_Bg_Danpei_Movebg,18014672,18017152,15334640,15336544
ovl_En_Snowwd,18017152,18018720,15336544,15337824
ovl_En_Pm,18018720,18040144,15337824,15350896
ovl_En_Gakufu,18040144,18043104,15350896,15353264
ovl_Elf_Msg4,18043104,18045728,15353264,15355184
ovl_Elf_Msg5,18045728,18047184,15355184,15356240
ovl_En_Col_Man,18047184,18051216,15356240,15359040
ovl_En_Talk_Gibud,18051216,18065184,15359040,15367936
ovl_En_Giant,18065184,18070816,15367936,15371792
ovl_Obj_Snowball,18070816,18081376,15371792,15379392
ovl_Boss_Hakugin,18081376,18126784,15379392,15410400
ovl_En_Gb2,18126784,18138128,15410400,15417664
ovl_En_Onpuman,18138128,18139808,15417664,15419008
ovl_Bg_Tobira01,18139808,18141152,15419008,15420128
ovl_En_Tag_Obj,18141152,18141456,15420128,15420384
ovl_Obj_Dhouse,18141456,18148368,15420384,15425184
ovl_Obj_Hakaisi,18148368,18154960,15425184,15429712
ovl_Bg_Hakugin_Switch,18154960,18160896,15429712,15433312
ovl_En_Snowman,18160896,18175408,15433312,15443568
ovl_TG_Sw,18175408,18176592,15443568,15444512
ovl_En_Po_Sisters,18176592,18193088,15444512,15455680
ovl_En_Pp,18193088,18209552,15455680,15466832
ovl_En_Hakurock,18209552,18214624,15466832,15470336
ovl_En_Hanabi,18214624,18219584,15470336,15474240
ovl_Obj_Dowsing,18219584,18220080,15474240,15474544
ovl_Obj_Wind,18220080,18223248,15474544,15476624
ovl_En_Racedog,18223248,18231280,15476624,15482448
ovl_En_Kendo_Js,18231280,18239536,15482448,15487888
ovl_Bg_Botihasira,18239536,18240560,15487888,15488736
ovl_En_Fish2,18240560,18255216,15488736,15499136
ovl_En_Pst,18255216,18259344,15499136,15501808
ovl_En_Poh,18259344,18274240,15501808,15511360
ovl_Obj_Spidertent,18274240,18281696,15511360,15516400
ovl_En_Zoraegg,18281696,18294416,15516400,15524464
ovl_En_Kbt,18294416,18299440,15524464,15528048
ovl_En_Gg,18299440,18308880,15528048,15534592
ovl_En_Maruta,18308880,18317200,15534592,15539984
ovl_Obj_Snowball2,18317200,18325488,15539984,15545920
ovl_En_Gg2,18325488,18331744,15545920,15550368
ovl_Obj_Ghaka,18331744,18334128,15550368,15552192
ovl_En_Dnp,18334128,18340368,15552192,15556416
ovl_En_Dai,18340368,18349872,15556416,15562768
ovl_Bg_Goron_Oyu,18349872,18352208,15562768,15564464
ovl_En_Kgy,18352208,18366000,15564464,15572816
ovl_En_Invadepoh,18366000,18428176,15572816,15607216
ovl_En_Gk,18428176,18442704,15607216,15616720
ovl_En_An,18442704,18473088,15616720,15634736
ovl_En_Bee,18473088,18476352,15634736,15637360
ovl_En_Ot,18476352,18491792,15637360,15647856
ovl_En_Dragon,18491792,18501120,15647856,15654400
ovl_Obj_Dora,18501120,18504320,15654400,15656816
ovl_En_Bigpo,18504320,18522592,15656816,15669104
ovl_Obj_Kendo_Kanban,18522592,18528544,15669104,15673536
ovl_Obj_Hariko,18528544,18529616,15673536,15674368
ovl_En_Sth,18529616,18557680,15674368,15693744
ovl_Bg_Sinkai_Kabe,18557680,18559200,15693744,15695056
ovl_Bg_Haka_Curtain,18559200,18560560,15695056,15696000
ovl_Bg_Kin2_Bombwall,18560560,18562864,15696000,15697824
ovl_Bg_Kin2_Fence,18562864,18565328,15697824,15699536
ovl_Bg_Kin2_Picture,18565328,18568656,15699536,15702192
ovl_Bg_Kin2_Shelf,18568656,18572480,15702192,15704832
ovl_En_Rail_Skb,18572480,18586544,15704832,15713776
ovl_En_Jg,18586544,18596960,15713776,15720624
ovl_En_Tru_Mt,18596960,18603808,15720624,15725600
ovl_Obj_Um,18603808,18626400,15725600,15740768
ovl_En_Neo_Reeba,18626400,18635680,15740768,15746800
ovl_Bg_Mbar_Chair,18635680,18636064,15746800,15747104
ovl_Bg_Ikana_Block,18636064,18639984,15747104,15749936
ovl_Bg_Ikana_Mirror,18639984,18643392,15749936,15752240
ovl_Bg_Ikana_Rotaryroom,18643392,18653312,15752240,15758576
ovl_Bg_Dblue_Balance,18653312,18660592,15758576,15763888
ovl_Bg_Dblue_Waterfall,18660592,18667728,15763888,15768832
ovl_En_Kaizoku,18667728,18693168,15768832,15785104
ovl_En_Ge2,18693168,18701536,15785104,15790624
ovl_En_Ma_Yts,18701536,18707728,15790624,15794608
ovl_En_Ma_Yto,18707728,18723328,15794608,15802496
ovl_Obj_Tokei_Turret,18723328,18724176,15802496,15803216
ovl_Bg_Dblue_Elevator,18724176,18727536,15803216,15805744
ovl_Obj_Warpstone,18727536,18729968,15805744,15807600
ovl_En_Zog,18729968,18742048,15807600,15816112
ovl_Obj_Rotlift,18742048,18743152,15816112,15817120
ovl_Obj_Jg_Gakki,18743152,18743824,15817120,15817712
ovl_Bg_Inibs_Movebg,18743824,18744368,15817712,15818224
ovl_En_Zot,18744368,18761072,15818224,15828176
ovl_Obj_Tree,18761072,18762880,15828176,15829632
ovl_Obj_Y2lift,18762880,18763808,15829632,15830416
ovl_Obj_Y2shutter,18763808,18765440,15830416,15831792
ovl_Obj_Boat,18765440,18767568,15831792,15833504
ovl_Obj_Taru,18767568,18771456,15833504,15836448
ovl_Obj_Hunsui,18771456,18779136,15836448,15842000
ovl_En_Jc_Mato,18779136,18780464,15842000,15843072
ovl_Mir_Ray3,18780464,18785616,15843072,15847216
ovl_En_Zob,18785616,18794832,15847216,15852768
ovl_Elf_Msg6,18794832,18799696,15852768,15855856
ovl_Obj_Nozoki,18799696,18804992,15855856,15859584
ovl_En_Toto,18804992,18813584,15859584,15865312
ovl_En_Railgibud,18813584,18828240,15865312,15874992
ovl_En_Baba,18828240,18836864,15874992,15881152
ovl_En_Suttari,18836864,18857040,15881152,15894192
ovl_En_Zod,18857040,18864352,15894192,15899312
ovl_En_Kujiya,18864352,18868368,15899312,15901744
ovl_En_Geg,18868368,18881952,15901744,15910656
ovl_Obj_Kinoko,18881952,18883232,15910656,15911776
ovl_Obj_Yasi,18883232,18884128,15911776,15912592
ovl_En_Tanron1,18884128,18891072,15912592,15917024
ovl_En_Tanron2,18891072,18898912,15917024,15922608
ovl_En_Tanron3,18898912,18904224,15922608,15926704
ovl_Obj_Chan,18904224,18910096,15926704,15931424
ovl_En_Zos,18910096,18918640,15931424,15936784
ovl_En_S_Goro,18918640,18933008,15936784,15945280
ovl_En_Nb,18933008,18940848,15945280,15950464
ovl_En_Ja,18940848,18950544,15950464,15956576
ovl_Bg_F40_Block,18950544,18954656,15956576,15959184
ovl_Bg_F40_Switch,18954656,18956800,15959184,15960832
ovl_En_Po_Composer,18956800,18965056,15960832,15966112
ovl_En_Guruguru,18965056,18969280,15966112,15969360
ovl_Oceff_Wipe5,18969280,18975568,15969360,15975456
ovl_En_Stone_heishi,18975568,18981104,15975456,15979536
ovl_Oceff_Wipe6,18981104,18982992,15979536,15981008
ovl_En_Scopenuts,18982992,18992944,15981008,15987760
ovl_En_Scopecrow,18992944,18996480,15987760,15990464
ovl_Oceff_Wipe7,18996480,19000416,15990464,15992512
ovl_Eff_Kamejima_Wave,19000416,19002432,15992512,15994016
ovl_En_Hg,19002432,19007424,15994016,15997280
ovl_En_Hgo,19007424,19011792,15997280,16000368
ovl_En_Zov,19011792,19018768,16000368,16005120
ovl_En_Ah,19018768,19025344,16005120,16009328
ovl_Obj_Hgdoor,19025344,19027408,16009328,16010832
ovl_Bg_Ikana_Bombwall,19027408,19031008,16010832,16013296
ovl_Bg_Ikana_Ray,19031008,19031904,16013296,16013920
ovl_Bg_Ikana_Shutter,19031904,19034176,16013920,16015168
ovl_Bg_Haka_Bombwall,19034176,19036368,16015168,16016848
ovl_Bg_Haka_Tomb,19036368,19037472,16016848,16017648
ovl_En_Sc_Ruppe,19037472,19039360,16017648,16019136
ovl_Bg_Iknv_Doukutu,19039360,19043472,16019136,16021728
ovl_Bg_Iknv_Obj,19043472,19046000,16021728,16023488
ovl_En_Pamera,19046000,19057424,16023488,16030128
ovl_Obj_HsStump,19057424,19059168,16030128,16031616
ovl_En_Hidden_Nuts,19059168,19064416,16031616,16035216
ovl_En_Zow,19064416,19073216,16035216,16040976
ovl_En_Talk,19073216,19073776,16040976,16041408
ovl_En_Al,19073776,19083840,16041408,16047808
ovl_En_Tab,19083840,19090752,16047808,16052512
ovl_En_Nimotsu,19090752,19091968,16052512,16053520
ovl_En_Hit_Tag,19091968,19092640,16053520,16054080
ovl_En_Ruppecrow,19092640,19099616,16054080,16058736
ovl_En_Tanron4,19099616,19103312,16058736,16061280
ovl_En_Tanron5,19103312,19109712,16061280,16065776
ovl_En_Tanron6,19109712,19110176,16065776,16066176
ovl_En_Daiku2,19110176,19117712,16066176,16071552
ovl_En_Muto,19117712,19120512,16071552,16073808
ovl_En_Baisen,19120512,19123424,16073808,16076112
ovl_En_Heishi,19123424,19125120,16076112,16077584
ovl_En_Demo_heishi,19125120,19126944,16077584,16079088
ovl_En_Dt,19126944,19134192,16079088,16084384
ovl_En_Cha,19134192,19135424,16084384,16085392
ovl_Obj_Dinner,19135424,19136000,16085392,16085888
ovl_Eff_Lastday,19136000,19138272,16085888,16087296
ovl_Bg_Ikana_Dharma,19138272,19141104,16087296,16089632
ovl_En_Akindonuts,19141104,19158976,16089632,16100240
ovl_Eff_Stk,19158976,19160176,16100240,16101264
ovl_En_Ig,19160176,19171504,16101264,16108720
ovl_En_Rg,19171504,19181632,16108720,16116080
ovl_En_Osk,19181632,19188544,16116080,16120128
ovl_En_Sth2,19188544,19200304,16120128,16127392
ovl_En_Yb,19200304,19206000,16127392,16131312
ovl_En_Rz,19206000,19213920,16131312,16136400
ovl_En_Scopecoin,19213920,19215008,16136400,16137280
ovl_En_Bjt,19215008,19219120,16137280,16140160
ovl_En_Bomjima,19219120,19231648,16140160,16148480
ovl_En_Bomjimb,19231648,19242448,16148480,16155856
ovl_En_Bombers,19242448,19248016,16155856,16159984
ovl_En_Bombers2,19248016,19252848,16159984,16163648
ovl_En_Bombal,19252848,19255984,16163648,16166144
ovl_Obj_Moon_Stone,19255984,19257808,16166144,16167568
ovl_Obj_Mu_Pict,19257808,19259664,16167568,16168816
ovl_Bg_Ikninside,19259664,19261568,16168816,16170416
ovl_Eff_Zoraband,19261568,19262816,16170416,16171488
ovl_Obj_Kepn_Koya,19262816,19263248,16171488,16171856
ovl_Obj_Usiyane,19263248,19266336,16171856,16174464
ovl_En_Nnh,19266336,19267456,16174464,16175280
ovl_Obj_Kzsaku,19267456,19268784,16175280,16176304
ovl_Obj_Milk_Bin,19268784,19269552,16176304,16176944
ovl_En_Kitan,19269552,19273664,16176944,16179856
ovl_Bg_Astr_Bombwall,19273664,19276400,16179856,16181872
ovl_Bg_Iknin_Susceil,19276400,19279728,16181872,16184016
ovl_En_Bsb,19279728,19301296,16184016,16198592
ovl_En_Recepgirl,19301296,19303616,16198592,16200368
ovl_En_Thiefbird,19303616,19317664,16200368,16210224
ovl_En_Jgame_Tsn,19317664,19324992,16210224,16215088
ovl_Obj_Jgame_Light,19324992,19329248,16215088,16217728
ovl_Obj_Yado,19329248,19330048,16217728,16218416
ovl_Demo_Syoten,19330048,19336560,16218416,16222784
ovl_Demo_Moonend,19336560,19338736,16222784,16224336
ovl_Bg_Lbfshot,19338736,19339120,16224336,16224640
ovl_Bg_Last_Bwall,19339120,19341760,16224640,16226688
ovl_En_And,19341760,19343872,16226688,16228352
ovl_En_Invadepoh_Demo,19343872,19353392,16228352,16233456
ovl_Obj_Danpeilift,19353392,19355952,16233456,16235472
ovl_En_Fall2,19355952,19358000,16235472,16237056
ovl_Dm_Al,19358000,19359968,16237056,16238576
ovl_Dm_An,19359968,19364640,16238576,16241936
ovl_Dm_Ah,19364640,19367792,16241936,16244240
ovl_Dm_Nb,19367792,19368896,16244240,16245168
ovl_En_Drs,19368896,19370272,16245168,16246288
ovl_En_Ending_Hero,19370272,19371344,16246288,16247232
ovl_Dm_Bal,19371344,19374176,16247232,16249328
ovl_En_Paper,19374176,19376848,16249328,16251488
ovl_En_Hint_Skb,19376848,19387696,16251488,16258432
ovl_Dm_Tag,19387696,19390528,16258432,16260432
ovl_En_Bh,19390528,19391904,16260432,16261584
ovl_En_Ending_Hero2,19391904,19392576,16261584,16262192
ovl_En_Ending_Hero3,19392576,19393248,16262192,16262800
ovl_En_Ending_Hero4,19393248,19393920,16262800,16263408
ovl_En_Ending_Hero5,19393920,19395312,16263408,16264544
ovl_En_Ending_Hero6,19395312,19397520,16264544,16266320
ovl_Dm_Gm,19397520,19402192,16266320,16269680
ovl_Obj_Swprize,19402192,19403728,16269680,16270832
ovl_En_Invisible_Ruppe,19403728,19404688,16270832,16271520
ovl_Obj_Ending,19404688,19405136,16271520,16271888
ovl_En_Rsn,19405136,19406288,16271888,16272784
gameplay_keep,19406848,20006368,16272784,16585728
gameplay_field_keep,20008960,20046480,16585728,16612752
gameplay_dangeon_keep,20049920,20193920,16612752,16695200
gameplay_object_exchange_static,20197376,20197392,20197376,0
object_link_boy,20201472,20256912,16695200,16721168
object_link_child,20258816,20382288,16721168,16779824
object_link_goron,20385792,20482704,16779824,16828896
object_link_zora,20484096,20560960,16828896,16863840
object_link_nuts,20561920,20609584,16863840,16888384
object_mask_ki_tan,20611072,20613840,16888384,16890128
object_mask_rabit,20615168,20620192,16890128,16892272
object_mask_skj,20623360,20629216,16892272,16896384
object_mask_truth,20631552,20636320,16896384,16898976
object_mask_gibudo,20639744,20643232,16898976,16902512
object_mask_json,20643840,20648800,16902512,16905728
object_mask_kerfay,20652032,20657600,16905728,16909104
object_mask_bigelf,20660224,20673712,16909104,16916144
object_mask_kyojin,20676608,20679840,16916144,16918304
object_mask_romerny,20680704,20687376,16918304,16922352
object_mask_posthat,20688896,20691792,16922352,16924112
object_mask_zacho,20692992,20698768,16924112,16927440
object_mask_stone,20701184,20705344,16927440,16930016
object_mask_bree,20709376,20716960,16930016,16934480
object_mask_gero,20717568,20729488,16934480,16940944
object_mask_yofukasi,20729856,20736672,16940944,16944208
object_mask_meoto,20738048,20745440,16944208,16947312
object_mask_dancer,20746240,20753232,16947312,16951536
object_mask_bakuretu,20754432,20759040,16951536,16954560
object_mask_bu_san,20762624,20767728,16954560,16957728
object_mask_goron,20770816,20776880,16957728,16961456
object_mask_zora,20779008,20783248,16961456,16964272
object_mask_nuts,20787200,20795616,16964272,16969216
object_mask_boy,20799488,20807888,16969216,16974624
object_box,20811776,20844832,16974624,16990944
object_okuta,20848640,20866688,16990944,17000768
object_wallmaster,20869120,20910192,17000768,17027664
object_dy_obj,20914176,21031104,17027664,17104144
object_firefly,21032960,21039296,17104144,17107872
object_dodongo,21041152,21080384,17107872,17135584
object_niw,21082112,21091648,17135584,17140432
object_tite,21094400,21109296,17140432,17150464
object_ph,21110784,21118096,17150464,17153984
object_dinofos,21118976,21173824,17153984,17195680
object_zl1,21176320,21259200,17195680,17239824
object_bubble,21262336,21266624,17239824,17241712
object_test3,21270528,21334016,17241712,17268720
object_famos,21336064,21352000,17268720,17277904
object_st,21352448,21375920,17277904,17290960
object_thiefbird,21377024,21402592,17290960,17306112
object_bombf,21405696,21412352,17306112,17310112
object_am,21413888,21437744,17310112,17322448
object_dekubaba,21438464,21453248,17322448,17332672
object_warp1,21454848,21490688,17332672,17361040
object_b_heart,21491712,21493312,17361040,17362224
object_dekunuts,21495808,21510032,17362224,17371120
object_bb,21512192,21518912,17371120,17374976
object_death,21520384,21572560,17374976,17411056
object_hata,21573632,21585888,17411056,17417040
object_wood02,21585920,21624768,17417040,17441312
object_trap,21626880,21636064,17441312,17448336
object_vm,21639168,21655408,17448336,17456672
object_efc_star_field,21655552,21661648,17456672,17460848
object_rd,21663744,21737856,17460848,17508432
object_yukimura_obj,21741568,21749920,17508432,17513792
object_horse_link_child,21753856,21812464,17513792,17557728
object_syokudai,21815296,21830800,17557728,17566544
object_efc_tw,21831680,21836528,17566544,17571568
object_gi_key,21839872,21842464,17571568,17572800
object_mir_ray,21843968,21847392,17572800,17575408
object_ctower_rot,21848064,21947840,17575408,17634816
object_bdoor,21950464,21982112,17634816,17654960
object_sb,21983232,21994656,17654960,17660560
object_gi_melody,21995520,21998880,17660560,17662048
object_gi_heart,21999616,22000112,17662048,17662448
object_gi_compass,22003712,22007056,17662448,17664128
object_gi_bosskey,22007808,22011920,17664128,17666000
object_gi_nuts,22016000,22020544,17666000,17668944
object_gi_hearts,22024192,22030256,17668944,17671344
object_gi_arrowcase,22032384,22035632,17671344,17673024
object_gi_bombpouch,22036480,22040160,17673024,17674720
object_in,22040576,22159280,17674720,17744640
object_os_anime,22159360,22170768,17744640,17753712
object_gi_bottle,22171648,22173936,17753712,17755008
object_gi_stick,22175744,22177472,17755008,17756320
object_gi_map,22179840,22184288,17756320,17759648
object_oF1d_map,22188032,22273424,17759648,17811152
object_ru2,22274048,22337744,17811152,17845184
object_gi_magicpot,22339584,22344144,17845184,17847328
object_gi_bomb_1,22347776,22351024,17847328,17848880
object_ma2,22351872,22443824,17848880,17912048
object_gi_purse,22446080,22453104,17912048,17918432
object_rr,22454272,22457856,17918432,17920912
object_gi_arrow,22458368,22465296,17920912,17923616
object_gi_bomb_2,22466560,22468256,17923616,17924816
object_gi_shield_2,22470656,22478528,17924816,17928704
object_gi_hookshot,22478848,22484048,17928704,17932384
object_gi_ocarina,22487040,22490032,17932384,17934224
object_gi_milk,22491136,22496368,17934224,17936640
object_ma1,22499328,22611840,17936640,18015200
object_ny,22614016,22623024,18015200,18019456
object_fr,22626304,22672720,18019456,18037408
object_gi_bow,22675456,22680304,18037408,18040256
object_gi_glasses,22683648,22688128,18040256,18042320
object_gi_liquid,22691840,22698192,18042320,18045024
object_ani,22700032,22747328,18045024,18078048
object_gi_shield_3,22749184,22756352,18078048,18083168
object_gi_bean,22757376,22759616,18083168,18084672
object_gi_fish,22761472,22763856,18084672,18086144
object_gi_longsword,22765568,22767808,18086144,18087584
object_zo,22769664,22840384,18087584,18132784
object_umajump,22843392,22848912,18132784,18135776
object_mastergolon,22851584,22851856,18135776,18136000
object_masterzoora,22855680,22857632,18136000,18138096
object_aob,22859776,22890352,18138096,18152624
object_ik,22892544,22972080,18152624,18204144
object_ahg,22974464,22997424,18204144,18215456
object_cne,22999040,23009744,18215456,18220080
object_bji,23011328,23034736,18220080,18231776
object_bba,23035904,23077024,18231776,18254016
object_an1,23080960,23162416,18254016,18312320
object_boj,23162880,23242688,18312320,18378400
object_fz,23244800,23258320,18378400,18383024
object_bob,23261184,23281440,18383024,18390592
object_ge1,23281664,23331296,18390592,18416880
object_yabusame_point,23334912,23338576,18416880,18418352
object_d_hsblock,23339008,23344992,18418352,18423136
object_d_lift,23347200,23356208,18423136,18431104
object_mamenoki,23359488,23369376,18431104,18439168
object_goroiwa,23371776,23414176,18439168,18461232
object_toryo,23416832,23445856,18461232,18475152
object_daiku,23449600,23503680,18475152,18511664
object_nwc,23506944,23514272,18511664,18516368
object_gm,23515136,23515152,18516368,18516400
object_ms,23519232,23535056,18516400,18524752
object_hs,23535616,23560816,18524752,18537920
object_lightswitch,23564288,23573536,18537920,18543184
object_kusa,23576576,23577472,18543184,18543776
object_tsubo,23580672,23587312,18543776,18549456
object_kanban,23588864,23594928,18549456,18551136
object_owl,23597056,23664080,18551136,18582544
object_mk,23666688,23694512,18582544,18598320
object_fu,23695360,23723168,18598320,18612768
object_gi_ki_tan_mask,23724032,23727600,18612768,18614768
object_gi_mask18,23728128,23734464,18614768,18619280
object_gi_rabit_mask,23736320,23740160,18619280,18621312
object_gi_truth_mask,23740416,23746656,18621312,18624480
object_stream,23748608,23751296,18624480,18625936
object_mm,23752704,23808608,18625936,18662912
object_js,23810048,23837216,18662912,18678384
object_cs,23838720,23907200,18678384,18720240
object_gi_soldout,23908352,23909584,18720240,18720896
object_mag,23912448,24048480,18720896,18775344
object_gi_golonmask,24051712,24059168,18775344,18778752
object_gi_zoramask,24059904,24065888,18778752,18781712
object_ka,24068096,24101312,18781712,18797216
object_zg,24104960,24109568,18797216,18797936
object_gi_m_arrow,24113152,24116864,18797936,18799664
object_ds2,24117248,24134256,18799664,18808176
object_fish,24137728,24225264,18808176,18852976
object_gi_sutaru,24227840,24229456,18852976,18853888
object_ssh,24231936,24259984,18853888,18868816
object_bigslime,24260608,24339456,18868816,18925968
object_bg,24342528,24415088,18925968,18963248
object_bombiwa,24416256,24443504,18963248,18985856
object_hintnuts,24444928,24457536,18985856,18994576
object_rs,24461312,24498736,18994576,19017504
object_gla,24502272,24544096,19017504,19043232
object_geldb,24547328,24592640,19043232,19070416
object_dog,24596480,24629504,19070416,19087376
object_kibako2,24633344,24637888,19087376,19091072
object_dns,24641536,24655104,19091072,19100720
object_dnk,24657920,24669056,19100720,19107824
object_gi_insect,24670208,24673264,19107824,19109680
object_gi_ghost,24674304,24677808,19109680,19112128
object_gi_soul,24678400,24682416,19112128,19114208
object_f40_obj,24682496,24700528,19114208,19127520
object_gi_rupy,24702976,24705088,19127520,19128592
object_po_composer,24707072,24745952,19128592,19155680
object_mu,24748032,24795872,19155680,19191040
object_wf,24797184,24839136,19191040,19215872
object_skb,24842240,24870304,19215872,19237056
object_gs,24870912,24873600,19237056,19239856
object_ps,24875008,24906000,19239856,19255616
object_omoya_obj,24907776,24914688,19255616,19260416
object_crow,24915968,24920272,19260416,19262384
object_cow,24924160,24944304,19262384,19272976
object_gi_sword_1,24944640,24949280,19272976,19275824
object_zl4,24952832,25104224,19275824,19382864
object_grasshopper,25104384,25125472,19382864,19397264
object_boyo,25128960,25132688,19397264,19399856
object_fwall,25133056,25156768,19399856,19408448
object_jso,25157632,25204224,19408448,19440576
object_knight,25206784,25349312,19440576,19557776
object_icicle,25350144,25354944,19557776,19562752
object_spdweb,25358336,25368240,19562752,19568096
object_boss01,25370624,25516384,19568096,19674288
object_boss02,25518080,25603488,19674288,19708528
object_boss03,25604096,25665216,19708528,19740752
object_boss04,25665536,25683456,19740752,19750640
object_boss05,25686016,25717024,19750640,19771552
object_boss07,25718784,26023728,19771552,19966592
object_raf,26025984,26039360,19966592,19973344
object_funen,26042368,26043840,19973344,19974432
object_raillift,26046464,26078896,19974432,19994784
object_numa_obj,26079232,26161584,19994784,20038368
object_flowerpot,26165248,26170944,20038368,20042336
object_spinyroll,26173440,26177456,20042336,20045392
object_ice_block,26177536,26184416,20045392,20049856
object_keikoku_demo,26185728,26239792,20049856,20090496
object_slime,26243072,26250352,20090496,20095392
object_pr,26251264,26268496,20095392,20106240
object_f52_obj,26271744,26278880,20106240,20110832
object_f53_obj,26279936,26294896,20110832,20121600
object_kibako,26296320,26303232,20121600,20125504
object_sek,26304512,26323568,20125504,20142224
object_gmo,26324992,26333424,20142224,20147440
object_bat,26337280,26340512,20147440,20148448
object_sekihil,26341376,26354736,20148448,20156544
object_sekihig,26357760,26371088,20156544,20164752
object_sekihin,26374144,26387472,20164752,20172976
object_sekihiz,26390528,26394688,20172976,20176448
object_wiz,26398720,26444592,20176448,20206464
object_ladder,26447872,26452128,20206464,20208368
object_mkk,26456064,26457360,20208368,20208944
object_keikoku_obj,26460160,26481184,20208944,20222848
object_sichitai_obj,26484736,26495248,20222848,20231680
object_dekucity_ana_obj,26497024,26501376,20231680,20235760
object_rat,26505216,26511472,20235760,20239088
object_water_effect,26513408,26530832,20239088,20250096
object_dblue_object,26533888,26635872,20250096,20299488
object_bal,26636288,26691008,20299488,20334928
object_warp_uzu,26693632,26702928,20334928,20339744
object_driftice,26705920,26712800,20339744,20344000
object_fall,26714112,26757952,20344000,20371600
object_hanareyama_obj,26759168,26779072,20371600,20378656
object_crace_object,26779648,26783280,20378656,20381664
object_dnq,26783744,26846496,20381664,20427712
object_obj_tokeidai,26849280,26922112,20427712,20477008
object_eg,26923008,27001328,20477008,20532688
object_tru,27004928,27117024,20532688,20621200
object_trt,27119616,27184896,20621200,20659584
object_hakugin_obj,27185152,27251776,20659584,20715088
object_horse_game_check,27254784,27269456,20715088,20725024
object_stk,27271168,27390944,20725024,20807072
object_mnk,27394048,27514160,20807072,20887520
object_gi_bottle_red,27516928,27520976,20887520,20890016
object_tokei_tobira,27521024,27526592,20890016,20894832
object_az,27529216,27639248,20894832,20946896
object_twig,27639808,27648208,20946896,20952800
object_dekucity_obj,27652096,27670208,20952800,20967584
object_po_fusen,27672576,27682048,20967584,20972272
object_racetsubo,27684864,27691168,20972272,20976240
object_ha,27693056,27779312,20976240,21021056
object_bigokuta,27783168,27810768,21021056,21036544
object_open_obj,27811840,27882608,21036544,21078400
object_fu_kaiten,27885568,27899952,21078400,21088320
object_fu_mato,27901952,27914832,21088320,21094576
object_mtoride,27918336,27988160,21094576,21138000
object_osn,27992064,28124512,21138000,21229168
object_tokei_step,28127232,28129696,21229168,21231136
object_lotus,28131328,28133968,21231136,21233216
object_tl,28135424,28168784,21233216,21257232
object_dkjail_obj,28172288,28176864,21257232,21260288
object_visiblock,28180480,28183296,21260288,21262064
object_tsn,28184576,28222224,21262064,21282080
object_ds2n,28225536,28258688,21282080,21297024
object_fsn,28262400,28345120,21297024,21341472
object_shn,28348416,28418592,21341472,21378480
object_bigicicle,28422144,28433776,21378480,21383104
object_gi_bottle_15,28434432,28442624,21383104,21387776
object_tk,28442624,28490240,21387776,21416192
object_market_obj,28491776,28626384,21416192,21502896
object_gi_reserve00,28626944,28634224,21502896,21507792
object_gi_reserve01,28635136,28640784,21507792,21512368
object_lightblock,28643328,28646320,21512368,21515056
object_takaraya_objects,28647424,28651088,21515056,21516544
object_wdhand,28651520,28659248,21516544,21522080
object_sdn,28659712,28716176,21522080,21564320
object_snowwd,28717056,28727968,21564320,21570544
object_giant,28729344,28825952,21570544,21653264
object_comb,28827648,28831952,21653264,21656208
object_hana,28835840,28837712,21656208,21656752
object_boss_hakugin,28839936,28932160,21656752,21707280
object_meganeana_obj,28934144,28939728,21707280,21712400
object_gi_nutsmask,28942336,28949552,21712400,21716720
object_stk2,28950528,29190416,21716720,21949456
object_spot11_obj,29192192,29200112,21949456,21956544
object_danpei_object,29200384,29216272,21956544,21965808
object_dhouse,29216768,29250240,21965808,21986096
object_hakaisi,29253632,29265904,21986096,21992944
object_po,29265920,29286624,21992944,22006224
object_snowman,29290496,29321008,22006224,22021584
object_po_sisters,29323264,29349328,22021584,22038208
object_pp,29351936,29428480,22038208,22075504
object_goronswitch,29429760,29440432,22075504,22083968
object_delf,29442048,29527568,22083968,22138736
object_botihasira,29528064,29535248,22138736,22143440
object_gi_bigbomb,29536256,29542704,22143440,22146912
object_pst,29544448,29551248,22146912,22152112
object_bsmask,29552640,29604752,22152112,22183296
object_spidertent,29605888,29615040,22183296,22187200
object_zoraegg,29618176,29641136,22187200,22202528
object_kbt,29642752,29704416,22202528,22240256
object_gg,29708288,29774048,22240256,22278432
object_maruta,29777920,29790176,22278432,22284128
object_ghaka,29790208,29805824,22284128,22293312
object_oyu,29806592,29809088,22293312,22295440
object_dnp,29810688,29885504,22295440,22356944
object_dai,29888512,29966560,22356944,22406544
object_kgy,29970432,30038944,22406544,22453040
object_fb,30040064,30068400,22453040,22471824
object_taisou,30068736,30099328,22471824,22502736
object_gk,30101504,30172960,22502736,22550608
object_haka_obj,30175232,30206016,22550608,22573008
object_dnt,30208000,30253776,22573008,22605408
object_yukiyama,30257152,30283888,22605408,22624576
object_icefloe,30285824,30289088,22624576,22626784
object_gi_gold_dust,30289920,30294336,22626784,22630096
object_gi_bottle_16,30298112,30303008,22630096,22633424
object_gi_bottle_22,30306304,30313152,22633424,22637888
object_bee,30314496,30319520,22637888,22640080
object_ot,30322688,30341952,22640080,22649936
object_utubo,30343168,30362320,22649936,22659952
object_dora,30363648,30384656,22659952,22674752
object_gi_loach,30388224,30393408,22674752,22678224
object_gi_seahorse,30396416,30402512,22678224,22681904
object_bigpo,30404608,30428192,22681904,22697920
object_hariko,30429184,30430240,22697920,22698688
object_dno,30433280,30491152,22698688,22743760
object_sinkai_kabe,30494720,30494848,22743760,22743856
object_kin2_obj,30498816,30532544,22743856,22762672
object_ishi,30535680,30538336,22762672,22764656
object_hakugin_demo,30539776,30552976,22764656,22778416
object_jg,30556160,30667296,22778416,22859744
object_gi_sword_2,30670848,30676320,22859744,22862864
object_gi_sword_3,30679040,30683808,22862864,22865936
object_gi_sword_4,30687232,30692448,22865936,22869632
object_um,30695424,30801440,22869632,22920896
object_rb,30801920,30809840,22920896,22926048
object_mbar_obj,30810112,30816736,22926048,22930992
object_ikana_obj,30818304,30907296,22930992,22975520
object_kz,30908416,30972160,22975520,23021904
object_tokei_turret,30973952,30986560,23021904,23028656
object_zog,30990336,31158656,23028656,23158592
object_rotlift,31162368,31182368,23158592,23172368
object_posthouse_obj,31182848,31193472,23172368,23177280
object_gi_mask09,31195136,31201120,23177280,23180880
object_gi_mask14,31203328,31211392,23180880,23185984
object_gi_mask15,31211520,31218528,23185984,23191168
object_inibs_object,31219712,31280864,23191168,23225328
object_tree,31281152,31288160,23225328,23229952
object_kaizoku_obj,31289344,31336608,23229952,23258160
object_gi_reserve_b_00,31338496,31342640,23258160,23260720
object_gi_reserve_c_00,31346688,31351008,23260720,23263008
object_zob,31354880,31424864,23263008,23306016
object_milkbar,31428608,31500464,23306016,23354544
object_dmask,31502336,31519424,23354544,23365056
object_gi_reserve_c_01,31522816,31526656,23365056,23367472
object_zod,31526912,31582656,23367472,23395232
object_kumo30,31584256,31597424,23395232,23405888
object_obj_yasi,31600640,31605856,23405888,23409728
object_tanron1,31608832,31608848,23409728,23409760
object_tanron2,31612928,31617696,23409760,23411776
object_tanron3,31621120,31625888,23411776,23413792
object_gi_magicmushroom,31629312,31632864,23413792,23416304
object_obj_chan,31633408,31646960,23416304,23425024
object_gi_mask10,31649792,31657152,23425024,23429216
object_zos,31657984,31749408,23429216,23494816
object_an2,31752192,31769312,23494816,23510192
object_an3,31772672,31783520,23510192,23520128
object_f40_switch,31784960,31788528,23520128,23522400
object_lodmoon,31789056,31804960,23522400,23532304
object_tro,31805440,31816032,23532304,23535488
object_gi_mask12,31817728,31821568,23535488,23537984
object_gi_mask23,31821824,31827216,23537984,23541168
object_gi_bottle_21,31830016,31837344,23541168,23545696
object_gi_camera,31838208,31844448,23545696,23549968
object_kamejima,31846400,31932064,23549968,23610144
object_nb,31932416,31968336,23610144,23630720
object_harfgibud,31969280,32060928,23630720,23692480
object_zov,32063488,32154224,23692480,23755104
object_ah,32157696,32198272,23755104,23776624
object_hgdoor,32198656,32206144,23776624,23782208
object_dor01,32206848,32212560,23782208,23785392
object_dor02,32215040,32220688,23785392,23789856
object_dor03,32223232,32228560,23789856,23793840
object_dor04,32231424,32237152,23793840,23797792
object_last_obj,32239616,32258848,23797792,23813296
object_redead_obj,32260096,32263088,23813296,23815984
object_ikninside_obj,32264192,32321152,23815984,23856560
object_iknv_obj,32321536,32399760,23856560,23905488
object_pamera,32403456,32461184,23905488,23938080
object_hsstump,32464896,32469472,23938080,23942064
object_zm,32473088,32524432,23942064,23979088
object_al,32526336,32582640,23979088,24013840
object_tab,32583680,32618176,24013840,24032912
object_secom_obj,32620544,32632048,24032912,24040864
object_dt,32632832,32679184,24040864,24065600
object_gi_mask03,32681984,32689840,24065600,24070448
object_cha,32690176,32697872,24070448,24076640
object_obj_dinner,32698368,32708160,24076640,24082256
object_gi_reserve_b_01,32710656,32716512,24082256,24086240
object_lastday,32718848,32729616,24086240,24094752
object_bai,32731136,32764336,24094752,24113792
object_ikn_demo,32768000,32823424,24113792,24154976
object_gi_fieldmap,32825344,32831520,24154976,24159792
object_big_fwall,32833536,32836288,24159792,24161952
object_hunsui,32837632,32844096,24161952,24164160
object_uch,32845824,32865888,24164160,24175280
object_tanron4,32866304,32870016,24175280,24176672
object_tanron5,32870400,32875168,24176672,24178688
object_in2,32878592,32927824,24178688,24211808
object_yb,32931840,32956256,24211808,24222496
object_rz,32956416,33011952,24222496,24253952
object_bjt,33013760,33022880,24253952,24260032
object_taru,33026048,33033440,24260032,24264768
object_moonston,33034240,33038896,24264768,24269136
object_gi_schedule,33042432,33048768,24269136,24273488
object_gi_stonemask,33050624,33055568,24273488,24276496
object_zoraband,33058816,33062720,24276496,24279840
object_kepn_koya,33062912,33095824,24279840,24300560
object_obj_usiyane,33099776,33108704,24300560,24306048
object_gi_mask05,33112064,33118912,24306048,24309984
object_gi_mask11,33120256,33128080,24309984,24314272
object_gi_mask20,33128448,33134656,24314272,24318208
object_nnh,33136640,33148576,24318208,24325216
object_kzsaku,33148928,33153360,24325216,24326640
object_obj_milk_bin,33157120,33163776,24326640,24330240
object_random_obj,33165312,33170160,24330240,24333216
object_kujiya,33173504,33198512,24333216,24346592
object_kitan,33202176,33234880,24346592,24363168
object_gi_mask06,33234944,33241312,24363168,24366416
object_gi_mask16,33243136,33251280,24366416,24370848
object_astr_obj,33251328,33260752,24370848,24376192
object_bsb,33263616,33317856,24376192,24423152
object_fall2,33320960,33355936,24423152,24442544
object_sth,33357824,33370640,24442544,24448064
object_gi_mssa,33374208,33379440,24448064,24451184
object_smtower,33382400,33388432,24451184,24456400
object_gi_mask21,33390592,33395632,24456400,24458656
object_yado_obj,33398784,33403632,24458656,24462192
object_syoten,33406976,33426848,24462192,24473056
object_moonend,33427456,33503744,24473056,24517760
object_ob,33505280,33603248,24517760,24575520
object_gi_bottle_04,33603584,33608288,24575520,24578288
object_and,33611776,33686240,24578288,24619184
object_obj_danpeilift,33689600,33692624,24619184,24621376
object_drs,33693696,33716880,24621376,24635424
object_msmo,33718272,33724064,24635424,24638544
object_an4,33726464,33761488,24638544,24672208
object_wdor01,33763328,33769136,24672208,24676224
object_wdor02,33771520,33777328,24676224,24680688
object_wdor03,33779712,33785520,24680688,24684096
object_wdor04,33787904,33793648,24684096,24688192
object_wdor05,33796096,33801840,24688192,24691792
object_stk3,33804288,33828704,24691792,24716800
object_kinsta1_obj,33828864,33833712,24716800,24720576
object_kinsta2_obj,33837056,33842416,24720576,24724064
object_bh,33845248,33853040,24724064,24728032
object_gi_mask17,33853440,33860688,24728032,24732320
object_gi_mask22,33861632,33867488,24732320,24736176
object_lbfshot,33869824,33875216,24736176,24740432
object_fusen,33878016,33887312,24740432,24746416
object_ending_obj,33890304,33925088,24746416,24768912
object_gi_mask13,33927168,33932800,24768912,24771440
scene_texture_01,33935360,33955072,24771440,24785408
scene_texture_02,33955840,33963264,24785408,24790384
scene_texture_03,33964032,33982464,24790384,24800640
scene_texture_04,33984512,34005504,24800640,24813136
scene_texture_05,34009088,34035712,24813136,24829488
scene_texture_06,34037760,34059360,24829488,24842656
scene_texture_07,34062336,34062352,24842656,24842688
scene_texture_08,34066432,34099200,24842688,24861536
nintendo_rogo_static,34099200,34110912,24861536,24867536
title_static,34111488,34464784,24867536,25047648
memerrmsg,34467840,34481152,25047648,25055120
locerrmsg,34484224,34490880,25055120,25059024
parameter_static,34492416,34537216,25059024,25073904
DBG_020F0000,34537472,34540000,25073904,25074912
DBG_020F1000,34541568,34544096,25074912,25076016
DBG_020F2000,34545664,34548720,25076016,25077024
DBG_020F3000,34549760,34552288,25077024,25078240
week_static,34553856,34569408,25078240,0
daytelop_static,34570240,34609920,25093792,25101696
ger_daytelop_static,34611200,34650880,25101696,25111104
fra_daytelop_static,34652160,34691840,25111104,25118736
esp_daytelop_static,34693120,34732800,25118736,25126560
d2_fine_static,34734080,34783232,25126560,25135312
d2_cloud_static,34783232,34832384,25135312,25157648
d2_fine_pal_static,34832384,34832896,25157648,25158048
elf_message_field,34836480,34836592,25158048,25158192
elf_message_ydan,34840576,34840592,25158192,25158224
Z2_SONCHONOIE,34844672,34911792,25158224,25210720
Z2_SONCHONOIE_room_00,34914304,35025472,25210720,25271584
Z2_SONCHONOIE_room_01,35028992,35104288,25271584,25315824
Z2_SONCHONOIE_room_02,35106816,35160224,25315824,25347472
Z2_BOWLING,35164160,35208128,25347472,25375680
Z2_BOWLING_room_00,35209216,35248736,25375680,25391392
Z2_HAKASHITA,35250176,35281024,25391392,25409984
Z2_HAKASHITA_room_00,35282944,35318368,25409984,25423200
Z2_20SICHITAI2,35319808,35370624,25423200,25458832
Z2_20SICHITAI2_room_00,35373056,35405888,25458832,25474272
Z2_20SICHITAI2_room_01,35409920,35440176,25474272,25489920
Z2_20SICHITAI2_room_02,35442688,35471328,25489920,25502640
Z2_20SICHITAI2_room_03,35471360,35489392,25502640,25511888
Z2_20SICHITAI2_room_04,35491840,35514816,25511888,25524336
Z2_AYASHIISHOP,35516416,35529888,25524336,25533712
Z2_AYASHIISHOP_room_00,35532800,35605120,25533712,25567296
Z2_AYASHIISHOP_room_01,35606528,35628320,25567296,25575376
TEST01,35631104,35678224,25575376,25608704
TEST01_room_00,35680256,35718624,25608704,25624480
TEST01_room_01,35721216,35786832,25624480,25654128
TEST01_room_02,35790848,35831728,25654128,25673664
KAKUSIANA,35831808,35848352,25673664,25685856
KAKUSIANA_room_00,35852288,35872080,25685856,25693296
SPOT00,35872768,35902720,25693296,25711712
SPOT00_room_00,35905536,35943888,25711712,25727744
SPOT00_room_01,35946496,35975040,25727744,25741968
SPOT00_room_02,35975168,36016496,25741968,25761888
SPOT00_room_03,36020224,36060528,25761888,25779472
Z2_IKANA,36061184,36184960,25779472,25841216
Z2_IKANA_room_00,36188160,36358000,25841216,25952320
Z2_IKANA_room_01,36360192,36361360,25952320,25952848
Z2_IKANA_room_02,36364288,36379440,25952848,25962448
Z2_IKANA_room_03,36380672,36392288,25962448,25970560
Z2_IKANA_room_04,36392960,36427888,25970560,25992736
Z2_KAIZOKU,36429824,36502816,25992736,26041296
Z2_KAIZOKU_room_00,36503552,36585280,26041296,26064224
Z2_MILK_BAR,36585472,36639696,26064224,26097472
Z2_MILK_BAR_room_00,36642816,36687744,26097472,26114512
Z2_INISIE_N,36687872,36763184,26114512,26158336
Z2_INISIE_N_room_00,36765696,36825664,26158336,26184992
Z2_INISIE_N_room_01,36827136,36869376,26184992,26204192
Z2_INISIE_N_room_02,36872192,36902640,26204192,26215472
Z2_INISIE_N_room_03,36904960,36948032,26215472,26232688
Z2_INISIE_N_room_04,36950016,36980016,26232688,26244448
Z2_INISIE_N_room_05,36982784,36983216,26244448,26244720
Z2_INISIE_N_room_06,36986880,36987312,26244720,26244992
Z2_INISIE_N_room_07,36990976,37006096,26244992,26251344
Z2_INISIE_N_room_08,37007360,37026896,26251344,26259344
Z2_INISIE_N_room_09,37027840,37061264,26259344,26275536
Z2_INISIE_N_room_10,37064704,37083696,26275536,26285552
Z2_INISIE_N_room_11,37085184,37085648,26285552,26285872
Z2_TAKARAYA,37089280,37128320,26285872,26311088
Z2_TAKARAYA_room_00,37130240,37162624,26311088,26323728
Z2_INISIE_R,37163008,37236864,26323728,26365008
Z2_INISIE_R_room_00,37240832,37295216,26365008,26389456
Z2_INISIE_R_room_01,37298176,37336656,26389456,26407040
Z2_INISIE_R_room_02,37339136,37372944,26407040,26419632
Z2_INISIE_R_room_03,37376000,37420656,26419632,26438032
Z2_INISIE_R_room_04,37421056,37447328,26438032,26449424
Z2_INISIE_R_room_05,37449728,37450336,26449424,26449840
Z2_INISIE_R_room_06,37453824,37454400,26449840,26450208
Z2_INISIE_R_room_07,37457920,37458384,26450208,26450512
Z2_INISIE_R_room_08,37462016,37479472,26450512,26456784
Z2_INISIE_R_room_09,37482496,37482960,26456784,26457120
Z2_INISIE_R_room_10,37486592,37509072,26457120,26468352
Z2_INISIE_R_room_11,37511168,37528320,26468352,26475856
Z2_OKUJOU,37531648,37642144,26475856,26525088
Z2_OKUJOU_room_00,37642240,37654400,26525088,26529664
Z2_OPENINGDAN,37654528,37699168,26529664,26553632
Z2_OPENINGDAN_room_00,37699584,37746896,26553632,26579040
Z2_OPENINGDAN_room_01,37748736,37775024,26579040,26592000
Z2_MITURIN,37777408,37872528,26592000,26651040
Z2_MITURIN_room_00,37875712,37915728,26651040,26668528
Z2_MITURIN_room_01,37916672,37951600,26668528,26684192
Z2_MITURIN_room_02,37953536,37981408,26684192,26698016
Z2_MITURIN_room_03,37982208,38022592,26698016,26714992
Z2_MITURIN_room_04,38023168,38032464,26714992,26720096
Z2_MITURIN_room_05,38035456,38060096,26720096,26730528
Z2_MITURIN_room_06,38064128,38076432,26730528,26737280
Z2_MITURIN_room_07,38080512,38094688,26737280,26744848
Z2_MITURIN_room_08,38096896,38123312,26744848,26758832
Z2_MITURIN_room_09,38125568,38170080,26758832,26779712
Z2_MITURIN_room_10,38170624,38190768,26779712,26787344
Z2_MITURIN_room_11,38191104,38219168,26787344,26801872
Z2_MITURIN_room_12,38219776,38235280,26801872,26814208
Z2_13HUBUKINOMITI,38236160,38268400,26814208,26841600
Z2_13HUBUKINOMITI_room_00,38268928,38286624,26841600,26853360
Z2_CASTLE,38289408,38353008,26853360,26893664
Z2_CASTLE_room_00,38354944,38453312,26893664,26949296
Z2_CASTLE_room_01,38457344,38482528,26949296,26962096
Z2_CASTLE_room_02,38486016,38508352,26962096,26976560
Z2_CASTLE_room_03,38510592,38532464,26976560,26989088
Z2_CASTLE_room_04,38535168,38569696,26989088,27007456
Z2_CASTLE_room_05,38572032,38588528,27007456,27015600
Z2_CASTLE_room_06,38592512,38602176,27015600,27020464
Z2_CASTLE_room_07,38604800,38614640,27020464,27024992
Z2_CASTLE_room_08,38617088,38620944,27024992,27027152
Z2_CASTLE_room_09,38621184,38625040,27027152,27029296
Z2_DEKUTES,38625280,38661776,27029296,27055808
Z2_DEKUTES_room_00,38662144,38679392,27055808,27062560
Z2_MITURIN_BS,38682624,38695344,27062560,27074848
Z2_MITURIN_BS_room_00,38699008,38706352,27074848,27077184
Z2_SYATEKI_MIZU,38707200,38745792,27077184,27102672
Z2_SYATEKI_MIZU_room_00,38748160,38773072,27102672,27112048
Z2_HAKUGIN,38776832,38889936,27112048,27187200
Z2_HAKUGIN_room_00,38891520,38925360,27187200,27210672
Z2_HAKUGIN_room_01,38928384,38956304,27210672,27232688
Z2_HAKUGIN_room_02,38957056,39007392,27232688,27266400
Z2_HAKUGIN_room_03,39010304,39032912,27266400,27282064
Z2_HAKUGIN_room_04,39034880,39172000,27282064,27363824
Z2_HAKUGIN_room_05,39174144,39204512,27363824,27383584
Z2_HAKUGIN_room_06,39206912,39221840,27383584,27395264
Z2_HAKUGIN_room_07,39223296,39250608,27395264,27416928
Z2_HAKUGIN_room_08,39251968,39272400,27416928,27430384
Z2_HAKUGIN_room_09,39272448,39306304,27430384,27452912
Z2_HAKUGIN_room_10,39309312,39322752,27452912,27461984
Z2_HAKUGIN_room_11,39325696,39337776,27461984,27470368
Z2_HAKUGIN_room_12,39337984,39357712,27470368,27484736
Z2_HAKUGIN_room_13,39358464,39375616,27484736,27499104
Z2_ROMANYMAE,39378944,39392944,27499104,27509360
Z2_ROMANYMAE_room_00,39395328,39408480,27509360,27516944
Z2_PIRATE,39411712,39495248,27516944,27566528
Z2_PIRATE_room_00,39497728,39509952,27566528,27571472
Z2_PIRATE_room_01,39510016,39529984,27571472,27578880
Z2_PIRATE_room_02,39530496,39552128,27578880,27586176
Z2_PIRATE_room_03,39555072,39651680,27586176,27624976
Z2_PIRATE_room_04,39653376,39666016,27624976,27630768
Z2_PIRATE_room_05,39669760,39734048,27630768,27649120
Z2_PIRATE_room_06,39735296,39750912,27649120,27656800
Z2_PIRATE_room_07,39751680,39823872,27656800,27685520
Z2_PIRATE_room_08,39825408,39839712,27685520,27692112
Z2_PIRATE_room_09,39841792,39882032,27692112,27710080
Z2_PIRATE_room_10,39882752,39926880,27710080,27729248
Z2_PIRATE_room_11,39927808,39967856,27729248,27746928
Z2_PIRATE_room_12,39968768,40023600,27746928,27769104
Z2_PIRATE_room_13,40026112,40042992,27769104,27776768
Z2_PIRATE_room_14,40046592,40052032,27776768,27780240
Z2_SYATEKI_MORI,40054784,40127696,27780240,27828464
Z2_SYATEKI_MORI_room_00,40128512,40153168,27828464,27839600
Z2_SINKAI,40157184,40197792,27839600,27873424
Z2_SINKAI_room_00,40198144,40229968,27873424,27891440
Z2_YOUSEI_IZUMI,40230912,40375232,27891440,27954944
Z2_YOUSEI_IZUMI_room_00,40378368,40399072,27954944,27963888
Z2_YOUSEI_IZUMI_room_01,40402944,40423520,27963888,27972736
Z2_YOUSEI_IZUMI_room_02,40427520,40448128,27972736,27981568
Z2_YOUSEI_IZUMI_room_03,40452096,40472672,27981568,27990432
Z2_YOUSEI_IZUMI_room_04,40476672,40497296,27990432,27999312
Z2_KINSTA1,40501248,40545376,27999312,28027456
Z2_KINSTA1_room_00,40546304,40555040,28027456,28030816
Z2_KINSTA1_room_01,40558592,40599808,28030816,28047360
Z2_KINSTA1_room_02,40603648,40625696,28047360,28058768
Z2_KINSTA1_room_03,40628224,40646352,28058768,28066528
Z2_KINSTA1_room_04,40648704,40685648,28066528,28080320
Z2_KINSTA1_room_05,40689664,40697648,28080320,28084608
Z2_KINDAN2,40697856,40762944,28084608,28125024
Z2_KINDAN2_room_00,40763392,40790592,28125024,28140176
Z2_KINDAN2_room_01,40792064,40842000,28140176,28158480
Z2_KINDAN2_room_02,40845312,40887104,28158480,28176064
Z2_KINDAN2_room_03,40890368,40928288,28176064,28191584
Z2_KINDAN2_room_04,40931328,40950464,28191584,28199728
Z2_KINDAN2_room_05,40951808,40984048,28199728,28214720
Z2_TENMON_DAI,40984576,41019264,28214720,28237376
Z2_TENMON_DAI_room_00,41021440,41095968,28237376,28269008
Z2_TENMON_DAI_room_01,41099264,41200304,28269008,28317376
Z2_LAST_DEKU,41201664,41217936,28317376,28328848
Z2_LAST_DEKU_room_00,41218048,41274112,28328848,28369840
Z2_LAST_DEKU_room_01,41275392,41293728,28369840,28383904
Z2_22DEKUCITY,41295872,41349664,28383904,28420512
Z2_22DEKUCITY_room_00,41353216,41425488,28420512,28453024
Z2_22DEKUCITY_room_01,41426944,41486672,28453024,28478272
Z2_22DEKUCITY_room_02,41488384,41563376,28478272,28512112
Z2_KAJIYA,41566208,41597392,28512112,28534576
Z2_KAJIYA_room_00,41598976,41654560,28534576,28556080
Z2_00KEIKOKU,41656320,41887104,28556080,28698272
Z2_00KEIKOKU_room_00,41889792,42055776,28698272,28772928
Z2_POSTHOUSE,42057728,42096560,28772928,28799200
Z2_POSTHOUSE_room_00,42098688,42133776,28799200,28812320
Z2_LABO,42135552,42191936,28812320,28849616
Z2_LABO_room_00,42192896,42227360,28849616,28864608
Z2_DANPEI2TEST,42229760,42253392,28864608,28882896
Z2_DANPEI2TEST_room_00,42254336,42347616,28882896,28923584
Z2_DANPEI2TEST_room_01,42348544,42372272,28923584,28932112
Z2_16GORON_HOUSE,42373120,42426976,28932112,28970368
Z2_16GORON_HOUSE_room_00,42430464,42481104,28970368,28993568
Z2_16GORON_HOUSE_room_01,42483712,42513264,28993568,29007472
Z2_33ZORACITY,42516480,42575728,29007472,29056288
Z2_33ZORACITY_room_00,42577920,42618960,29056288,29075984
Z2_8ITEMSHOP,42622976,42664560,29075984,29103664
Z2_8ITEMSHOP_room_00,42668032,42719792,29103664,29123008
Z2_F01,42721280,42837088,29123008,29202336
Z2_F01_room_00,42840064,42894016,29202336,29229424
Z2_INISIE_BS,42897408,42908688,29229424,29236672
Z2_INISIE_BS_room_00,42909696,42910128,29236672,29236928
Z2_30GYOSON,42913792,43040208,29236928,29324960
Z2_30GYOSON_room_00,43040768,43160320,29324960,29380288
Z2_31MISAKI,43163648,43265936,29380288,29454624
Z2_31MISAKI_room_00,43266048,43361392,29454624,29500960
Z2_TAKARAKUJI,43364352,43374096,29500960,29509088
Z2_TAKARAKUJI_room_00,43376640,43388496,29509088,29513616
Z2_TORIDE,43388928,43438160,29513616,29553440
Z2_TORIDE_room_00,43442176,43495936,29553440,29575968
Z2_FISHERMAN,43499520,43536720,29575968,29604528
Z2_FISHERMAN_room_00,43540480,43574592,29604528,29618736
Z2_GORONSHOP,43577344,43627312,29618736,29654320
Z2_GORONSHOP_room_00,43630592,43668896,29654320,29670080
Z2_DEKU_KING,43671552,43744192,29670080,29715264
Z2_DEKU_KING_room_00,43745280,43783392,29715264,29732112
Z2_LAST_GORON,43786240,43824576,29732112,29755360
Z2_LAST_GORON_room_00,43827200,43916944,29755360,29807008
Z2_LAST_GORON_room_01,43917312,43934912,29807008,29821056
Z2_24KEMONOMITI,43937792,43969360,29821056,29845152
Z2_24KEMONOMITI_room_00,43970560,43995616,29845152,29858656
Z2_F01_B,43999232,44046624,29858656,29897360
Z2_F01_B_room_00,44048384,44077696,29897360,29910000
Z2_F01C,44081152,44139184,29910000,29950016
Z2_F01C_room_00,44142592,44165680,29950016,29959472
Z2_BOTI,44167168,44224976,29959472,30004800
Z2_BOTI_room_00,44228608,44278240,30004800,30031520
Z2_BOTI_room_01,44281856,44317472,30031520,30053856
Z2_HAKUGIN_BS,44318720,44351408,30053856,30078704
Z2_HAKUGIN_BS_room_00,44351488,44376656,30078704,30089408
Z2_20SICHITAI,44380160,44451168,30089408,30145168
Z2_20SICHITAI_room_00,44453888,44575632,30145168,30215088
Z2_20SICHITAI_room_01,44576768,44659968,30215088,30265808
Z2_20SICHITAI_room_02,44662784,44721376,30265808,30302880
Z2_21MITURINMAE,44724224,44769264,30302880,30334736
Z2_21MITURINMAE_room_00,44769280,44833856,30334736,30358880
Z2_LAST_ZORA,44834816,44918816,30358880,30423856
Z2_LAST_ZORA_room_00,44920832,44980064,30423856,30445152
Z2_11GORONNOSATO2,44982272,45008640,30445152,30466080
Z2_11GORONNOSATO2_room_00,45010944,45102832,30466080,30524848
Z2_11GORONNOSATO2_room_01,45105152,45115040,30524848,30530416
Z2_SEA,45117440,45233984,30530416,30605168
Z2_SEA_room_00,45236224,45296224,30605168,30629360
Z2_SEA_room_01,45297664,45331360,30629360,30641984
Z2_SEA_room_02,45334528,45342912,30641984,30645776
Z2_SEA_room_03,45346816,45356096,30645776,30649552
Z2_SEA_room_04,45359104,45394832,30649552,30665504
Z2_SEA_room_05,45395968,45417200,30665504,30676928
Z2_SEA_room_06,45420544,45469072,30676928,30699440
Z2_SEA_room_07,45469696,45490368,30699440,30710592
Z2_SEA_room_08,45494272,45536256,30710592,30726608
Z2_SEA_room_09,45539328,45558512,30726608,30733552
Z2_SEA_room_10,45559808,45595424,30733552,30748384
Z2_SEA_room_11,45596672,45640432,30748384,30767472
Z2_SEA_room_12,45641728,45675888,30767472,30781168
Z2_SEA_room_13,45678592,45692816,30781168,30788128
Z2_SEA_room_14,45694976,45701952,30788128,30792000
Z2_SEA_room_15,45703168,45709680,30792000,30794304
Z2_35TAKI,45711360,45811712,30794304,30877984
Z2_35TAKI_room_00,45813760,45915408,30877984,30931504
Z2_REDEAD,45916160,45969456,30931504,30964928
Z2_REDEAD_room_00,45973504,45994736,30964928,30973552
Z2_REDEAD_room_01,45998080,46033808,30973552,30987536
Z2_REDEAD_room_02,46034944,46067840,30987536,31000320
Z2_REDEAD_room_03,46071808,46102832,31000320,31012192
Z2_REDEAD_room_04,46104576,46134336,31012192,31024640
Z2_REDEAD_room_05,46137344,46175136,31024640,31038816
Z2_REDEAD_room_06,46178304,46206624,31038816,31050560
Z2_REDEAD_room_07,46206976,46231744,31050560,31060032
Z2_REDEAD_room_08,46235648,46245472,31060032,31063968
Z2_REDEAD_room_09,46247936,46258224,31063968,31068128
Z2_REDEAD_room_10,46260224,46270976,31068128,31072448
Z2_REDEAD_room_11,46272512,46311296,31072448,31095424
Z2_REDEAD_room_12,46313472,46317456,31095424,31096912
Z2_REDEAD_room_13,46317568,46323856,31096912,31099232
Z2_BANDROOM,46325760,46373040,31099232,31130928
Z2_BANDROOM_room_00,46374912,46448592,31130928,31175968
Z2_BANDROOM_room_01,46448640,46495520,31175968,31203056
Z2_BANDROOM_room_02,46497792,46556592,31203056,31236080
Z2_BANDROOM_room_03,46559232,46602096,31236080,31263344
Z2_BANDROOM_room_04,46604288,46642768,31263344,31285008
Z2_11GORONNOSATO,46645248,46667520,31285008,31302144
Z2_11GORONNOSATO_room_00,46669824,46750816,31302144,31350368
Z2_11GORONNOSATO_room_01,46751744,46762592,31350368,31356992
Z2_GORON_HAKA,46764032,46798736,31356992,31381616
Z2_GORON_HAKA_room_00,46800896,46833072,31381616,31396176
Z2_SECOM,46833664,46860816,31396176,31412736
Z2_SECOM_room_00,46862336,46875376,31412736,31420432
Z2_SECOM_room_01,46878720,46942640,31420432,31448416
Z2_10YUKIYAMANOMURA,46944256,47003216,31448416,31488928
Z2_10YUKIYAMANOMURA_room_00,47005696,47052480,31488928,31512160
Z2_TOUGITES,47054848,47081408,31512160,31530832
Z2_TOUGITES_room_00,47083520,47101392,31530832,31539120
Z2_DANPEI,47104000,47172352,31539120,31585152
Z2_DANPEI_room_00,47173632,47217600,31585152,31607008
Z2_DANPEI_room_01,47218688,47252096,31607008,31622176
Z2_DANPEI_room_02,47255552,47306960,31622176,31645744
Z2_DANPEI_room_03,47308800,47349520,31645744,31667808
Z2_DANPEI_room_04,47349760,47371440,31667808,31678576
Z2_DANPEI_room_05,47374336,47414896,31678576,31697968
Z2_DANPEI_room_06,47415296,47460944,31697968,31717184
Z2_DANPEI_room_07,47464448,47520528,31717184,31742784
Z2_DANPEI_room_08,47521792,47547408,31742784,31757360
Z2_IKANAMAE,47550464,47583376,31757360,31784640
Z2_IKANAMAE_room_00,47587328,47606736,31784640,31794944
Z2_DOUJOU,47607808,47637808,31794944,31817360
Z2_DOUJOU_room_00,47640576,47666400,31817360,31827776
Z2_MUSICHOUSE,47669248,47773696,31827776,31897136
Z2_MUSICHOUSE_room_00,47775744,47827552,31897136,31918192
Z2_IKNINSIDE,47828992,47874032,31918192,31946464
Z2_IKNINSIDE_room_00,47874048,47884768,31946464,31950368
Z2_IKNINSIDE_room_01,47886336,47917120,31950368,31964576
Z2_MAP_SHOP,47919104,47947808,31964576,31985568
Z2_MAP_SHOP_room_00,47951872,47974496,31985568,31993584
Z2_F40,47976448,48059136,31993584,32056096
Z2_F40_room_00,48062464,48111216,32056096,32079648
Z2_F41,48111616,48192240,32079648,32140800
Z2_F41_room_00,48193536,48240992,32140800,32163456
Z2_10YUKIYAMANOMURA2,48242688,48271456,32163456,32182320
Z2_10YUKIYAMANOMURA2_room_00,48275456,48399504,32182320,32257248
Z2_10YUKIYAMANOMURA2_room_01,48402432,48410160,32257248,32261584
Z2_14YUKIDAMANOMITI,48410624,48434416,32261584,32279312
Z2_14YUKIDAMANOMITI_room_00,48435200,48453040,32279312,32290608
Z2_12HAKUGINMAE,48455680,48485728,32290608,32314368
Z2_12HAKUGINMAE_room_00,48488448,48517296,32314368,32331952
Z2_17SETUGEN,48521216,48561072,32331952,32357456
Z2_17SETUGEN_room_00,48562176,48592624,32357456,32372208
Z2_17SETUGEN2,48594944,48630480,32372208,32400848
Z2_17SETUGEN2_room_00,48631808,48660960,32400848,32415680
Z2_SEA_BS,48664576,48685808,32415680,32433904
Z2_SEA_BS_room_00,48689152,48711888,32433904,32442080
Z2_RANDOM,48713728,48759008,32442080,32473088
Z2_RANDOM_room_00,48762880,48773920,32473088,32477952
Z2_RANDOM_room_01,48775168,48813904,32477952,32492912
Z2_RANDOM_room_02,48816128,48845264,32492912,32507376
Z2_RANDOM_room_03,48848896,48878320,32507376,32521968
Z2_RANDOM_room_04,48881664,48895424,32521968,32528560
Z2_RANDOM_room_05,48898048,48913408,32528560,32536576
Z2_YADOYA,48914432,48976544,32536576,32570736
Z2_YADOYA_room_00,48979968,49079488,32570736,32612080
Z2_YADOYA_room_01,49082368,49115952,32612080,32626320
Z2_YADOYA_room_02,49119232,49143520,32626320,32635392
Z2_YADOYA_room_03,49143808,49164480,32635392,32642656
Z2_YADOYA_room_04,49168384,49198384,32642656,32652672
Z2_KONPEKI_ENT,49201152,49230368,32652672,32671376
Z2_KONPEKI_ENT_room_00,49233920,49259424,32671376,32683072
Z2_INSIDETOWER,49262592,49294720,32683072,32694688
Z2_INSIDETOWER_room_00,49295360,49359376,32694688,32734016
Z2_INSIDETOWER_room_01,49360896,49361328,32734016,32734272
Z2_26SARUNOMORI,49364992,49415392,32734272,32768416
Z2_26SARUNOMORI_room_00,49418240,49432048,32768416,32775792
Z2_26SARUNOMORI_room_01,49434624,49448416,32775792,32783056
Z2_26SARUNOMORI_room_02,49451008,49468000,32783056,32793280
Z2_26SARUNOMORI_room_03,49471488,49481584,32793280,32798432
Z2_26SARUNOMORI_room_04,49483776,49497168,32798432,32805552
Z2_26SARUNOMORI_room_05,49500160,49510256,32805552,32810704
Z2_26SARUNOMORI_room_06,49512448,49528880,32810704,32819472
Z2_26SARUNOMORI_room_07,49532928,49543024,32819472,32824656
Z2_26SARUNOMORI_room_08,49545216,49558832,32824656,32832048
Z2_LOST_WOODS,49561600,49625568,32832048,32863280
Z2_LOST_WOODS_room_00,49627136,49660144,32863280,32885856
Z2_LOST_WOODS_room_01,49664000,49704224,32885856,32914320
Z2_LOST_WOODS_room_02,49704960,49712576,32914320,32916912
Z2_LAST_LINK,49713152,49742608,32916912,32940624
Z2_LAST_LINK_room_00,49745920,49758656,32940624,32948544
Z2_LAST_LINK_room_01,49762304,49772032,32948544,32954272
Z2_LAST_LINK_room_02,49774592,49786608,32954272,32962448
Z2_LAST_LINK_room_03,49786880,49802064,32962448,32973008
Z2_LAST_LINK_room_04,49803264,49809808,32973008,32976448
Z2_LAST_LINK_room_05,49811456,49827632,32976448,32988544
Z2_LAST_LINK_room_06,49827840,49830720,32988544,32989632
Z2_LAST_LINK_room_07,49831936,49834816,32989632,32990720
Z2_SOUGEN,49836032,49881040,32990720,33021216
Z2_SOUGEN_room_00,49881088,49912544,33021216,33035360
Z2_BOMYA,49913856,49965424,33035360,33066128
Z2_BOMYA_room_00,49967104,49999584,33066128,33078512
Z2_KYOJINNOMA,49999872,50060720,33078512,33095776
Z2_KYOJINNOMA_room_00,50061312,50068016,33095776,33098160
Z2_KOEPONARACE,50069504,50111632,33098160,33133120
Z2_KOEPONARACE_room_00,50114560,50148416,33133120,33150480
Z2_GORONRACE,50151424,50214544,33150480,33200112
Z2_GORONRACE_room_00,50216960,50273136,33200112,33234240
Z2_TOWN,50274304,50399088,33234240,33321312
Z2_TOWN_room_00,50401280,50497184,33321312,33361200
Z2_ICHIBA,50499584,50589248,33361200,33423888
Z2_ICHIBA_room_00,50589696,50633472,33423888,33440496
Z2_BACKTOWN,50634752,50704096,33440496,33489040
Z2_BACKTOWN_room_00,50704384,50745728,33489040,33505984
Z2_CLOCKTOWER,50749440,50890336,33505984,33601648
Z2_CLOCKTOWER_room_00,50892800,50972848,33601648,33630288
Z2_ALLEY,50974720,51030112,33630288,33671296
Z2_ALLEY_room_00,51032064,51068144,33671296,33687104
Z2_OMOYA,51068928,51119952,33687104,33701232
Z2_OMOYA_room_00,51122176,51124496,33701232,33702336
Z2_WITCH_SHOP,51126272,51190992,33702336,33751152
Z2_WITCH_SHOP_room_00,51191808,51206800,33751152,33759472
Z2_WITCH_SHOP_room_01,51208192,51235120,33759472,33780096
Z2_WITCH_SHOP_room_02,51236864,51245472,33780096,33785152
Z2_WITCH_SHOP_room_03,51249152,51258016,33785152,33791104
Z2_WITCH_SHOP_room_04,51261440,51268000,33791104,33794576
Z2_WITCH_SHOP_room_05,51269632,51275504,33794576,33798272
Z2_WITCH_SHOP_room_06,51277824,51286832,33798272,33803104
Z2_WITCH_SHOP_room_07,51290112,51300992,33803104,33811088
Z2_WITCH_SHOP_room_08,51302400,51315040,33811088,33818960
Z2_WITCH_SHOP_room_09,51318784,51327504,33818960,33823952
Z2_WITCH_SHOP_room_10,51331072,51336096,33823952,33826832
Z2_WITCH_SHOP_room_11,51339264,51348976,33826832,33833856
Z2_WITCH_SHOP_room_12,51351552,51377376,33833856,33849504
Z2_WITCH_SHOP_room_13,51380224,51394400,33849504,33857056
Z2_WITCH_SHOP_room_14,51396608,51405520,33857056,33861936
Z2_LAST_BS,51408896,51428800,33861936,0
Z2_LAST_BS_room_00,51429376,51470480,33881840,0
bump_texture_static,51474432,51475456,33922944,33923616
anime_model_1_static,51478528,51478544,51478528,0
anime_model_2_static,51482624,51482640,51482624,0
anime_model_3_static,51486720,51486736,51486720,0
anime_model_4_static,51490816,51490832,51490816,0
anime_model_5_static,51494912,51494928,51494912,0
anime_model_6_static,51499008,51499024,51499008,0
anime_texture_1_static,51503104,51503120,51503104,0
anime_texture_2_static,51507200,51507216,51507200,0
anime_texture_3_static,51511296,51511312,51511296,0
anime_texture_4_static,51515392,51515408,51515392,0
anime_texture_5_static,51519488,51519504,51519488,0
anime_texture_6_static,51523584,51523600,51523584,0
softsprite_matrix_static,51527680,51527744,51527680,0
