makerom,0,4192,0,0
boot,4192,29744,4192,0
dmadata,29744,54160,29744,0
Audiobank,54160,171504,54160,0
Audioseq,171504,496752,171504,0
Audiotable,496752,5087040,496752,0
kanji,5087040,5595712,5087040,0
link_animetion,5599232,8113200,5595712,0
icon_item_static,8114176,8673440,8109680,0
icon_item_24_static,8675328,8721408,8668944,0
icon_item_field_static,8724480,8771888,8715024,8742256
icon_item_dungeon_static,8773632,8781184,8742256,8743824
icon_item_gameover_static,8781824,8794880,8743824,8749712
icon_item_jpn_static,8798208,8854656,8749712,8771648
icon_item_nes_static,8855552,8912000,8771648,8794656
item_name_static,8912896,9164800,8794656,0
map_name_static,9166848,9304064,9046560,0
do_action_static,9306112,9328384,9183776,0
message_static,9330688,9347456,9206048,0
jpn_message_data_static,9351168,9589600,9222816,0
message_texture_static,9592832,9597440,9461248,0
nes_font_static,9601024,9618816,9465856,0
nes_message_data_static,9621504,9851152,9483648,0
staff_message_data_static,9854976,9858944,9713296,0
map_grand_static,9859072,9917264,9717264,0
map_i_static,9920512,10895632,9775456,0
map_48x85_static,10899456,11038176,10750576,0
code,11038720,12102432,10889296,11523984
n64dd,12102432,12179264,11523984,11563952
ovl_title,12179264,12181760,11563952,11565936
ovl_select,12181760,12193376,11565936,11572944
ovl_opening,12193376,12193728,11572944,11573248
ovl_file_choose,12193728,12259040,11573248,11609632
ovl_kaleido_scope,12259040,12376160,11609632,11671120
ovl_player_actor,12376160,12532704,11671120,11773648
ovl_map_mark_data,12532704,12560192,11773648,11774592
ovl_En_Test,12560192,12582896,11774592,11788112
ovl_En_GirlA,12582896,12593424,11788112,11793344
ovl_En_Part,12593424,12599072,11793344,11797472
ovl_En_Light,12599072,12602640,11797472,11799968
ovl_En_Door,12602640,12606272,11799968,11802976
ovl_En_Box,12606272,12612976,11802976,11807728
ovl_En_Poh,12612976,12629728,11807728,11818576
ovl_En_Okuta,12629728,12639424,11818576,11825296
ovl_En_Bom,12639424,12643216,11825296,11828288
ovl_En_Wallmas,12643216,12649888,11828288,11832800
ovl_En_Dodongo,12649888,12661568,11832800,11840800
ovl_En_Firefly,12661568,12670128,11840800,11846544
ovl_En_Horse,12670128,12719824,11846544,11877216
ovl_En_Arrow,12719824,12725696,11877216,11881440
ovl_En_Elf,12725696,12744576,11881440,11893664
ovl_En_Niw,12744576,12757680,11893664,11903088
ovl_En_Tite,12757680,12769360,11903088,11909952
ovl_En_Reeba,12769360,12776128,11909952,11914816
ovl_En_Peehat,12776128,12790160,11914816,11923696
ovl_En_Holl,12790160,12794416,11923696,11926784
ovl_En_Scene_Change,12794416,12794720,11926784,11927024
ovl_En_Zf,12794720,12822080,11927024,11944528
ovl_En_Hata,12822080,12823504,11944528,11945808
ovl_Boss_Dodongo,12823504,12863152,11945808,11971056
ovl_Boss_Goma,12863152,12887600,11971056,11985824
ovl_En_Zl1,12887600,12903472,11985824,11993808
ovl_En_Viewer,12903472,12915424,11993808,12001792
ovl_En_Goma,12915424,12926832,12001792,12009376
ovl_Bg_Pushbox,12926832,12927600,12009376,12010032
ovl_En_Bubble,12927600,12932752,12010032,12013968
ovl_Door_Shutter,12932752,12941584,12013968,12020304
ovl_En_Dodojr,12941584,12949424,12020304,12025776
ovl_En_Bdfire,12949424,12952384,12025776,12028080
ovl_En_Boom,12952384,12954624,12028080,12029936
ovl_En_Torch2,12954624,12964464,12029936,12037120
ovl_En_Bili,12964464,12973376,12037120,12043312
ovl_En_Tp,12973376,12981136,12043312,12048976
ovl_En_St,12981136,12992512,12048976,12056880
ovl_En_Bw,12992512,13005664,12056880,12065744
ovl_En_Eiyer,13005664,13012928,12065744,12070896
ovl_En_River_Sound,13012928,13015376,12070896,12072896
ovl_En_Horse_Normal,13015376,13025136,12072896,12079136
ovl_En_Ossan,13025136,13051216,12079136,12093440
ovl_Bg_Treemouth,13051216,13056928,12093440,12096512
ovl_Bg_Dodoago,13056928,13060320,12096512,12099168
ovl_Bg_Hidan_Dalm,13060320,13062448,12099168,12100800
ovl_Bg_Hidan_Hrock,13062448,13064544,12100800,12102448
ovl_En_Horse_Ganon,13064544,13068000,12102448,12105120
ovl_Bg_Hidan_Rock,13068000,13072336,12105120,12108400
ovl_Bg_Hidan_Rsekizou,13072336,13075376,12108400,12110688
ovl_Bg_Hidan_Sekizou,13075376,13080576,12110688,12114656
ovl_Bg_Hidan_Sima,13080576,13084448,12114656,12117728
ovl_Bg_Hidan_Syoku,13084448,13085568,12117728,12118512
ovl_En_Xc,13085568,13112032,12118512,12131984
ovl_Bg_Hidan_Curtain,13112032,13114752,12131984,12134096
ovl_Bg_Spot00_Hanebasi,13114752,13119120,12134096,12137632
ovl_En_Mb,13119120,13135824,12137632,12148544
ovl_En_Bombf,13135824,13141056,12148544,12152640
ovl_Bg_Hidan_Firewall,13141056,13142944,12152640,12154208
ovl_Bg_Dy_Yoseizo,13142944,13154544,12154208,12161952
ovl_En_Zl2,13154544,13172768,12161952,12171120
ovl_Bg_Hidan_Fslift,13172768,13174000,12171120,12172064
ovl_En_OE2,13174000,13174224,12172064,12172208
ovl_Bg_Ydan_Hasi,13174224,13176192,12172208,12173776
ovl_Bg_Ydan_Maruta,13176192,13177952,12173776,12175184
ovl_Boss_Ganondrof,13177952,13197776,12175184,12188320
ovl_En_Am,13197776,13206992,12188320,12194512
ovl_En_Dekubaba,13206992,13222000,12194512,12204208
ovl_En_M_Fire1,13222000,13222416,12204208,12204544
ovl_En_M_Thunder,13222416,13228032,12204544,12208624
ovl_Bg_Ddan_Jd,13228032,13229648,12208624,12209904
ovl_Bg_Breakwall,13229648,13233344,12209904,12212816
ovl_En_Jj,13233344,13238928,12212816,12215968
ovl_En_Horse_Zelda,13238928,13241728,12215968,12218224
ovl_Bg_Ddan_Kd,13241728,13244016,12218224,12219984
ovl_Door_Warp1,13244016,13261072,12219984,12230048
ovl_Obj_Syokudai,13261072,13264192,12230048,12232656
ovl_Item_B_Heart,13264192,13265200,12232656,12233536
ovl_En_Dekunuts,13265200,13271344,12233536,12237552
ovl_Bg_Menkuri_Kaiten,13271344,13271744,12237552,12237904
ovl_Bg_Menkuri_Eye,13271744,13272912,12237904,12238912
ovl_En_Vali,13272912,13282800,12238912,12245728
ovl_Bg_Mizu_Movebg,13282800,13287296,12245728,12249024
ovl_Bg_Mizu_Water,13287296,13290576,12249024,12251328
ovl_Arms_Hook,13290576,13294000,12251328,12254032
ovl_En_fHG,13294000,13304544,12254032,12261008
ovl_Bg_Mori_Hineri,13304544,13307824,12261008,12263440
ovl_En_Bb,13307824,13323392,12263440,12274624
ovl_Bg_Toki_Hikari,13323392,13326880,12274624,12276720
ovl_En_Yukabyun,13326880,13328432,12276720,12278080
ovl_Bg_Toki_Swd,13328432,13334144,12278080,12280704
ovl_En_Fhg_Fire,13334144,13343904,12280704,12287744
ovl_Bg_Mjin,13343904,13344896,12287744,12288592
ovl_Bg_Hidan_Kousi,13344896,13346304,12288592,12289664
ovl_Door_Toki,13346304,13346656,12289664,12289952
ovl_Bg_Hidan_Hamstep,13346656,13350384,12289952,12292784
ovl_En_Bird,13350384,13351600,12292784,12293776
ovl_En_Wood02,13351600,13356160,12293776,12297424
ovl_En_Lightbox,13356160,13357312,12297424,12298400
ovl_En_Pu_box,13357312,13358144,12298400,12299136
ovl_En_Trap,13358144,13362912,12299136,12302272
ovl_En_Arow_Trap,13362912,13363248,12302272,12302592
ovl_En_Vase,13363248,13363504,12302592,12302816
ovl_En_Ta,13363504,13378288,12302816,12311824
ovl_En_Tk,13378288,13386016,12311824,12317504
ovl_Bg_Mori_Bigst,13386016,13388368,12317504,12319152
ovl_Bg_Mori_Elevator,13388368,13391168,12319152,12321024
ovl_Bg_Mori_Kaitenkabe,13391168,13392800,12321024,12322384
ovl_Bg_Mori_Rakkatenjo,13392800,13395216,12322384,12324112
ovl_En_Vm,13395216,13401536,12324112,12328608
ovl_Demo_Effect,13401536,13424832,12328608,12343856
ovl_Demo_Kankyo,13424832,13440336,12343856,12353120
ovl_Bg_Hidan_Fwbig,13440336,13443632,12353120,12355776
ovl_En_Floormas,13443632,13456912,12355776,12363952
ovl_En_Heishi1,13456912,13462304,12363952,12367616
ovl_En_Rd,13462304,13472720,12367616,12374304
ovl_En_Po_Sisters,13472720,13492416,12374304,12387136
ovl_Bg_Heavy_Block,13492416,13498800,12387136,12391808
ovl_Bg_Po_Event,13498800,13506528,12391808,12397520
ovl_Obj_Mure,13506528,13510640,12397520,12400384
ovl_En_Sw,13510640,13524864,12400384,12410736
ovl_Boss_Fd,13524864,13554352,12410736,12430464
ovl_Object_Kankyo,13554352,13567184,12430464,12439616
ovl_En_Du,13567184,13574000,12439616,12444224
ovl_En_Fd,13574000,13585408,12444224,12452640
ovl_En_Horse_Link_Child,13585408,13593088,12452640,12457248
ovl_Door_Ana,13593088,13594736,12457248,12458608
ovl_Bg_Spot02_Objects,13594736,13599680,12458608,12462096
ovl_Bg_Haka,13599680,13601408,12462096,12463552
ovl_Magic_Wind,13601408,13608832,12463552,12470096
ovl_Magic_Fire,13608832,13617744,12470096,12478064
ovl_En_Ru1,13617744,13648032,12478064,12493760
ovl_Boss_Fd2,13648032,13663696,12493760,12504880
ovl_En_Fd_Fire,13663696,13667040,12504880,12507664
ovl_En_Dh,13667040,13673872,12507664,12512640
ovl_En_Dha,13673872,13677824,12512640,12515552
ovl_En_Rl,13677824,13681632,12515552,12517904
ovl_En_Encount1,13681632,13684544,12517904,12520304
ovl_Demo_Du,13684544,13698848,12520304,12527280
ovl_Demo_Im,13698848,13715088,12527280,12535376
ovl_Demo_Tre_Lgt,13715088,13716896,12535376,12536896
ovl_En_Fw,13716896,13722960,12536896,12541808
ovl_Bg_Vb_Sima,13722960,13724768,12541808,12543424
ovl_En_Vb_Ball,13724768,13729280,12543424,12546848
ovl_Bg_Haka_Megane,13729280,13730304,12546848,12547696
ovl_Bg_Haka_MeganeBG,13730304,13732032,12547696,12549056
ovl_Bg_Haka_Ship,13732032,13734656,12549056,12551120
ovl_Bg_Haka_Sgami,13734656,13737760,12551120,12553552
ovl_En_Heishi2,13737760,13746464,12553552,12558848
ovl_En_Encount2,13746464,13751120,12558848,12562432
ovl_En_Fire_Rock,13751120,13755488,12562432,12565616
ovl_En_Brob,13755488,13759824,12565616,12568752
ovl_Mir_Ray,13759824,13766160,12568752,12573872
ovl_Bg_Spot09_Obj,13766160,13767456,12573872,12574848
ovl_Bg_Spot18_Obj,13767456,13769712,12574848,12576464
ovl_Boss_Va,13769712,13829088,12576464,12614944
ovl_Bg_Haka_Tubo,13829088,13831680,12614944,12617056
ovl_Bg_Haka_Trap,13831680,13837264,12617056,12621168
ovl_Bg_Haka_Huta,13837264,13839984,12621168,12623328
ovl_Bg_Haka_Zou,13839984,13844576,12623328,12626784
ovl_Bg_Spot17_Funen,13844576,13845168,12626784,12627328
ovl_En_Syateki_Itm,13845168,13848656,12627328,12629984
ovl_En_Syateki_Man,13848656,13852176,12629984,12632592
ovl_En_Tana,13852176,13852848,12632592,12633168
ovl_En_Nb,13852848,13870720,12633168,12642496
ovl_Boss_Mo,13870720,13917216,12642496,12674640
ovl_En_Sb,13917216,13922400,12674640,12678096
ovl_En_Bigokuta,13922400,13933424,12678096,12685600
ovl_En_Karebaba,13933424,13939808,12685600,12690064
ovl_Bg_Bdan_Objects,13939808,13944624,12690064,12693440
ovl_Demo_Sa,13944624,13955664,12693440,12698912
ovl_Demo_Go,13955664,13959088,12698912,12701280
ovl_En_In,13959088,13970704,12701280,12709616
ovl_En_Tr,13970704,13977104,12709616,12714240
ovl_Bg_Spot16_Bombstone,13977104,13982544,12714240,12718544
ovl_Bg_Hidan_Kowarerukabe,13982544,13986336,12718544,12721072
ovl_Bg_Bombwall,13986336,13988576,12721072,12722832
ovl_En_Ru2,13988576,14000224,12722832,12728560
ovl_Obj_Dekujr,14000224,14001824,12728560,12729904
ovl_Bg_Mizu_Uzu,14001824,14002288,12729904,12730288
ovl_Bg_Spot06_Objects,14002288,14007424,12730288,12734144
ovl_Bg_Ice_Objects,14007424,14011328,12734144,12736768
ovl_Bg_Haka_Water,14011328,14013344,12736768,12738272
ovl_En_Ma2,14013344,14017536,12738272,12741488
ovl_En_Bom_Chu,14017536,14023328,12741488,12746080
ovl_En_Horse_Game_Check,14023328,14027632,12746080,12749184
ovl_Boss_Tw,14027632,14105584,12749184,12799840
ovl_En_Rr,14105584,14115088,12799840,12806784
ovl_En_Ba,14115088,14122976,12806784,12812000
ovl_En_Bx,14122976,14125776,12812000,12814480
ovl_En_Anubice,14125776,14130560,12814480,12818016
ovl_En_Anubice_Fire,14130560,14134080,12818016,12820928
ovl_Bg_Mori_Hashigo,14134080,14136320,12820928,12822592
ovl_Bg_Mori_Hashira4,14136320,14137728,12822592,12823696
ovl_Bg_Mori_Idomizu,14137728,14139328,12823696,12824944
ovl_Bg_Spot16_Doughnut,14139328,14140784,12824944,12826176
ovl_Bg_Bdan_Switch,14140784,14145952,12826176,12829168
ovl_En_Ma1,14145952,14150784,12829168,12832752
ovl_Boss_Ganon,14150784,14290672,12832752,12920592
ovl_Boss_Sst,14290672,14341136,12920592,12952064
ovl_En_Ny,14341136,14347584,12952064,12956768
ovl_En_Fr,14347584,14358480,12956768,12964512
ovl_Item_Shield,14358480,14361056,12964512,12966560
ovl_Bg_Ice_Shelter,14361056,14365712,12966560,12970096
ovl_En_Ice_Hono,14365712,14370304,12970096,12973376
ovl_Item_Ocarina,14370304,14372304,12973376,12974848
ovl_Magic_Dark,14372304,14378528,12974848,12979776
ovl_Demo_6K,14378528,14390064,12979776,12988288
ovl_En_Anubice_Tag,14390064,14390784,12988288,12988912
ovl_Bg_Haka_Gate,14390784,14395008,12988912,12992192
ovl_Bg_Spot15_Saku,14395008,14395840,12992192,12992912
ovl_Bg_Jya_Goroiwa,14395840,14397760,12992912,12994544
ovl_Bg_Jya_Zurerukabe,14397760,14399472,12994544,12995904
ovl_Bg_Jya_Cobra,14399472,14406928,12995904,13001392
ovl_Bg_Jya_Kanaami,14406928,14407872,13001392,13002144
ovl_Fishing,14407872,14488176,13002144,13056544
ovl_Obj_Oshihiki,14488176,14495008,13056544,13061296
ovl_Bg_Gate_Shutter,14495008,14496160,13061296,13062192
ovl_Eff_Dust,14496160,14501248,13062192,13065216
ovl_Bg_Spot01_Fusya,14501248,14501920,13065216,13065792
ovl_Bg_Spot01_Idohashira,14501920,14504992,13065792,13068144
ovl_Bg_Spot01_Idomizu,14504992,14505776,13068144,13068864
ovl_Bg_Po_Syokudai,14505776,14508160,13068864,13070832
ovl_Bg_Ganon_Otyuka,14508160,14517952,13070832,13078304
ovl_Bg_Spot15_Rrbox,14517952,14521504,13078304,13080880
ovl_Bg_Umajump,14521504,14521904,13080880,13081248
ovl_En_Insect,14521904,14531312,13081248,13087456
ovl_En_Butte,14531312,14536896,13087456,13091520
ovl_En_Fish,14536896,14545360,13091520,13096832
ovl_Bg_Spot08_Iceblock,14545360,14549520,13096832,13099824
ovl_Item_Etcetera,14549520,14551776,13099824,13101504
ovl_Arrow_Fire,14551776,14559648,13101504,13108336
ovl_Arrow_Ice,14559648,14567552,13108336,13114576
ovl_Arrow_Light,14567552,14575472,13114576,13120960
ovl_Obj_Kibako,14575472,14578800,13120960,13123232
ovl_Obj_Tsubo,14578800,14582880,13123232,13126144
ovl_En_Wonder_Item,14582880,14586032,13126144,13128384
ovl_En_Ik,14586032,14604000,13128384,13138912
ovl_Demo_Ik,14604000,14609392,13138912,13142256
ovl_En_Skj,14609392,14623824,13142256,13151200
ovl_En_Skjneedle,14623824,14624608,13151200,13151888
ovl_En_G_Switch,14624608,14630800,13151888,13156688
ovl_Demo_Ext,14630800,14633168,13156688,13158512
ovl_Demo_Shd,14633168,14642400,13158512,13164720
ovl_En_Dns,14642400,14647408,13164720,13168000
ovl_Elf_Msg,14647408,14648928,13168000,13169120
ovl_En_Honotrap,14648928,14654384,13169120,13173168
ovl_En_Tubo_Trap,14654384,14657616,13173168,13175488
ovl_Obj_Ice_Poly,14657616,14660096,13175488,13177520
ovl_Bg_Spot03_Taki,14660096,14662384,13177520,13179264
ovl_Bg_Spot07_Taki,14662384,14663856,13179264,13180400
ovl_En_Fz,14663856,14672064,13180400,13186272
ovl_En_Po_Relay,14672064,14677968,13186272,13190736
ovl_Bg_Relay_Objects,14677968,14679936,13190736,13192304
ovl_En_Diving_Game,14679936,14686496,13192304,13196896
ovl_En_Kusa,14686496,14691840,13196896,13200816
ovl_Obj_Bean,14691840,14701968,13200816,13207168
ovl_Obj_Bombiwa,14701968,14703360,13207168,13208384
ovl_Obj_Switch,14703360,14710976,13208384,13213216
ovl_Obj_Elevator,14710976,14711936,13213216,13213968
ovl_Obj_Lift,14711936,14714528,13213968,13216080
ovl_Obj_Hsblock,14714528,14716016,13216080,13217280
ovl_En_Okarina_Tag,14716016,14721360,13217280,13220368
ovl_En_Yabusame_Mark,14721360,14723104,13220368,13221744
ovl_En_Goroiwa,14723104,14732256,13221744,13228176
ovl_En_Ex_Ruppy,14732256,14736544,13228176,13231440
ovl_En_Toryo,14736544,14739760,13231440,13233808
ovl_En_Daiku,14739760,14745712,13233808,13238400
ovl_En_Nwc,14745712,14748336,13238400,13240624
ovl_En_Blkobj,14748336,14749712,13240624,13241776
ovl_Item_Inbox,14749712,14750064,13241776,13242048
ovl_En_Ge1,14750064,14758304,13242048,13247216
ovl_Obj_Blockstop,14758304,14758720,13247216,13247600
ovl_En_Sda,14758720,14764416,13247600,13251328
ovl_En_Clear_Tag,14764416,14800112,13251328,13268784
ovl_En_Niw_Lady,14800112,14806480,13268784,13273360
ovl_En_Gm,14806480,14809856,13273360,13275936
ovl_En_Ms,14809856,14811632,13275936,13277392
ovl_En_Hs,14811632,14814608,13277392,13279504
ovl_Bg_Ingate,14814608,14815520,13279504,13280288
ovl_En_Kanban,14815520,14828144,13280288,13288000
ovl_En_Heishi3,14828144,14830656,13288000,13289840
ovl_En_Syateki_Niw,14830656,14838992,13289840,13295936
ovl_En_Attack_Niw,14838992,14843696,13295936,13299376
ovl_Bg_Spot01_Idosoko,14843696,14844224,13299376,13299824
ovl_En_Sa,14844224,14853040,13299824,13305472
ovl_En_Wonder_Talk,14853040,14854720,13305472,13306832
ovl_Bg_Gjyo_Bridge,14854720,14856000,13306832,13307920
ovl_En_Ds,14856000,14859104,13307920,13310064
ovl_En_Mk,14859104,14862832,13310064,13312592
ovl_En_Bom_Bowl_Man,14862832,14868272,13312592,13316576
ovl_En_Bom_Bowl_Pit,14868272,14870672,13316576,13318448
ovl_En_Owl,14870672,14885936,13318448,13327264
ovl_En_Ishi,14885936,14923136,13327264,13332208
ovl_Obj_Hana,14923136,14923920,13332208,13332832
ovl_Obj_Lightswitch,14923920,14929088,13332832,13336416
ovl_Obj_Mure2,14929088,14931680,13336416,13338336
ovl_En_Go,14931680,14949664,13338336,13349952
ovl_En_Fu,14949664,14953056,13349952,13352624
ovl_En_Changer,14953056,14955584,13352624,13354496
ovl_Bg_Jya_Megami,14955584,14960160,13354496,13358304
ovl_Bg_Jya_Lift,14960160,14961520,13358304,13359408
ovl_Bg_Jya_Bigmirror,14961520,14963632,13359408,13361216
ovl_Bg_Jya_Bombchuiwa,14963632,14966496,13361216,13363472
ovl_Bg_Jya_Amishutter,14966496,14967408,13363472,13364064
ovl_Bg_Jya_Bombiwa,14967408,14968880,13364064,13365312
ovl_Bg_Spot18_Basket,14968880,14972960,13365312,13368400
ovl_En_Ganon_Organ,14972960,15001632,13368400,13382320
ovl_En_Siofuki,15001632,15005136,13382320,13384944
ovl_En_Stream,15005136,15006560,13384944,13386176
ovl_En_Mm,15006560,15012224,13386176,13390544
ovl_En_Ko,15012224,15028928,13390544,13400144
ovl_En_Kz,15028928,15034320,13400144,13404160
ovl_En_Weather_Tag,15034320,15038144,13404160,13406016
ovl_Bg_Sst_Floor,15038144,15039520,13406016,13407280
ovl_En_Ani,15039520,15042896,13407280,13409664
ovl_En_Ex_Item,15042896,15047376,13409664,13412928
ovl_Bg_Jya_Ironobj,15047376,15050880,13412928,13415328
ovl_En_Js,15050880,15053392,13415328,13417152
ovl_En_Jsjutan,15053392,15073296,13417152,13424688
ovl_En_Cs,15073296,15077952,13424688,13428240
ovl_En_Md,15077952,15087792,13428240,13434112
ovl_En_Hy,15087792,15102464,13434112,13443328
ovl_En_Ganon_Mant,15102464,15119392,13443328,13450800
ovl_En_Okarina_Effect,15119392,15120336,13450800,13451536
ovl_En_Mag,15120336,15132384,13451536,13459936
ovl_Door_Gerudo,15132384,15133904,13459936,13461200
ovl_Elf_Msg2,15133904,15135040,13461200,13461952
ovl_Demo_Gt,15135040,15157056,13461952,13473024
ovl_En_Po_Field,15157056,15171840,13473024,13483504
ovl_Efc_Erupc,15171840,15174624,13483504,13485824
ovl_Bg_Zg,15174624,15175760,13485824,13486736
ovl_En_Heishi4,15175760,15179600,13486736,13489440
ovl_En_Zl3,15179600,15211968,13489440,13506064
ovl_Boss_Ganon2,15211968,15282352,13506064,13548560
ovl_En_Kakasi,15282352,15285744,13548560,13551168
ovl_En_Takara_Man,15285744,15287984,13551168,13553088
ovl_Obj_Makeoshihiki,15287984,15289152,13553088,13554080
ovl_Oceff_Spot,15289152,15293040,13554080,13557392
ovl_End_Title,15293040,15309728,13557392,13564160
ovl_En_Torch,15309728,15309968,13564160,13564384
ovl_Demo_Ec,15309968,15324400,13564384,13570304
ovl_Shot_Sun,15324400,15326128,13570304,13571744
ovl_En_Dy_Extra,15326128,15327536,13571744,13572976
ovl_En_Wonder_Talk2,15327536,15329232,13572976,13574416
ovl_En_Ge2,15329232,15335792,13574416,13578912
ovl_Obj_Roomtimer,15335792,15336384,13578912,13579424
ovl_En_Ssh,15336384,15346096,13579424,13586160
ovl_En_Sth,15346096,15362656,13586160,13597360
ovl_Oceff_Wipe,15362656,15366064,13597360,13600384
ovl_Effect_Ss_Dust,15366064,15368160,13600384,13602096
ovl_Effect_Ss_KiraKira,15368160,15369808,13602096,13603536
ovl_Effect_Ss_Bomb,15369808,15370864,13603536,13604512
ovl_Effect_Ss_Bomb2,15370864,15373216,13604512,13606416
ovl_Effect_Ss_Blast,15373216,15374128,13606416,13607296
ovl_Effect_Ss_G_Spk,15374128,15375584,13607296,13608608
ovl_Effect_Ss_D_Fire,15375584,15376848,13608608,13609792
ovl_Effect_Ss_Bubble,15376848,15378000,13609792,13610816
ovl_Effect_Ss_G_Ripple,15378000,15379376,13610816,13612064
ovl_Effect_Ss_G_Splash,15379376,15380576,13612064,13613040
ovl_Effect_Ss_G_Magma,15380576,15381184,13613040,13613616
ovl_Effect_Ss_G_Fire,15381184,15381840,13613616,13614224
ovl_Effect_Ss_Lightning,15381840,15383584,13614224,13615840
ovl_Effect_Ss_Dt_Bubble,15383584,15385008,13615840,13617088
ovl_Effect_Ss_Hahen,15385008,15386608,13617088,13618336
ovl_Effect_Ss_Stick,15386608,15387536,13618336,13619184
ovl_Effect_Ss_Sibuki,15387536,15389280,13619184,13620736
ovl_Effect_Ss_Sibuki2,15389280,15390096,13620736,13621520
ovl_Effect_Ss_G_Magma2,15390096,15391392,13621520,13622736
ovl_Effect_Ss_Stone1,15391392,15392304,13622736,13623584
ovl_Effect_Ss_HitMark,15392304,15393664,13623584,13624800
ovl_Effect_Ss_Fhg_Flash,15393664,15397632,13624800,13627392
ovl_Effect_Ss_K_Fire,15397632,15398704,13627392,13628400
ovl_Effect_Ss_Solder_Srch_Ball,15398704,15399136,13628400,13628816
ovl_Effect_Ss_Kakera,15399136,15403376,13628816,13631936
ovl_Effect_Ss_Ice_Piece,15403376,15404464,13631936,13632976
ovl_Effect_Ss_En_Ice,15404464,15406528,13632976,13634848
ovl_Effect_Ss_Fire_Tail,15406528,15408320,13634848,13636480
ovl_Effect_Ss_En_Fire,15408320,15410176,13636480,13638128
ovl_Effect_Ss_Extra,15410176,15411136,13638128,13639072
ovl_Effect_Ss_Fcircle,15411136,15412336,13639072,13640208
ovl_Effect_Ss_Dead_Db,15412336,15413584,13640208,13641424
ovl_Effect_Ss_Dead_Dd,15413584,15415008,13641424,13642736
ovl_Effect_Ss_Dead_Ds,15415008,15416160,13642736,13643808
ovl_Effect_Ss_Dead_Sound,15416160,15416480,13643808,13644128
ovl_Oceff_Storm,15416480,15423552,13644128,13650880
ovl_En_Weiyer,15423552,15430208,13650880,13655280
ovl_Bg_Spot05_Soko,15430208,15431008,13655280,13655936
ovl_Bg_Jya_1flift,15431008,15432688,13655936,13657216
ovl_Bg_Jya_Haheniron,15432688,15434720,13657216,13658880
ovl_Bg_Spot12_Gate,15434720,15435760,13658880,13659664
ovl_Bg_Spot12_Saku,15435760,15436976,13659664,13660624
ovl_En_Hintnuts,15436976,15443680,13660624,13665136
ovl_En_Nutsball,15443680,15445248,13665136,13666544
ovl_Bg_Spot00_Break,15445248,15445664,13666544,13666912
ovl_En_Shopnuts,15445664,15449520,13666912,13669568
ovl_En_It,15449520,15449920,13669568,13669872
ovl_En_GeldB,15449920,15471424,13669872,13683184
ovl_Oceff_Wipe2,15471424,15477424,13683184,13686832
ovl_Oceff_Wipe3,15477424,15483392,13686832,13691584
ovl_En_Niw_Girl,15483392,15486160,13691584,13693968
ovl_En_Dog,15486160,15490688,13693968,13697168
ovl_En_Si,15490688,15491968,13697168,13698224
ovl_Bg_Spot01_Objects2,15491968,15493184,13698224,13699264
ovl_Obj_Comb,15493184,15495328,13699264,13701120
ovl_Bg_Spot11_Bakudankabe,15495328,15496928,13701120,13702496
ovl_Obj_Kibako2,15496928,15498656,13702496,13703968
ovl_En_Dnt_Demo,15498656,15502016,13703968,13706608
ovl_En_Dnt_Jiji,15502016,15507568,13706608,13710000
ovl_En_Dnt_Nomal,15507568,15519664,13710000,13717328
ovl_En_Guest,15519664,15522128,13717328,13719392
ovl_Bg_Bom_Guard,15522128,15522672,13719392,13719888
ovl_En_Hs2,15522672,15524176,13719888,13721136
ovl_Demo_Kekkai,15524176,15529008,13721136,13724880
ovl_Bg_Spot08_Bakudankabe,15529008,15530704,13724880,13726336
ovl_Bg_Spot17_Bakudankabe,15530704,15532464,13726336,13727840
ovl_Obj_Mure3,15532464,15534464,13727840,13729424
ovl_En_Tg,15534464,15536208,13729424,13730912
ovl_En_Mu,15536208,15538544,13730912,13732896
ovl_En_Go2,15538544,15563152,13732896,13748752
ovl_En_Wf,15563152,15580320,13748752,13759840
ovl_En_Skb,15580320,15586704,13759840,13764464
ovl_Demo_Gj,15586704,15602240,13764464,13771744
ovl_Demo_Geff,15602240,15604320,13771744,13773264
ovl_Bg_Gnd_Firemeiro,15604320,15605664,13773264,13774368
ovl_Bg_Gnd_Darkmeiro,15605664,15607648,13774368,13775840
ovl_Bg_Gnd_Soulmeiro,15607648,15609792,13775840,13777616
ovl_Bg_Gnd_Nisekabe,15609792,15610160,13777616,13777952
ovl_Bg_Gnd_Iceblock,15610160,15614496,13777952,13780832
ovl_Bg_Ydan_Sp,15614496,15620496,13780832,13785200
ovl_En_Gb,15620496,15626432,13785200,13789600
ovl_En_Gs,15626432,15634272,13789600,13795360
ovl_Bg_Mizu_Bwall,15634272,15639600,13795360,13798912
ovl_Bg_Mizu_Shutter,15639600,15641648,13798912,13800496
ovl_En_Daiku_Kakariko,15641648,15646704,13800496,13804320
ovl_Bg_Bowl_Wall,15646704,15649136,13804320,13806400
ovl_En_Wall_Tubo,15649136,15650384,13806400,13807424
ovl_En_Po_Desert,15650384,15653904,13807424,13810336
ovl_En_Crow,15653904,15659696,13810336,13814640
ovl_Door_Killer,15659696,15665184,13814640,13818864
ovl_Bg_Spot11_Oasis,15665184,15667024,13818864,13820448
ovl_Bg_Spot18_Futa,15667024,15667440,13820448,13820800
ovl_Bg_Spot18_Shutter,15667440,15668800,13820800,13821856
ovl_En_Ma3,15668800,15672752,13821856,13824912
ovl_En_Cow,15672752,15677968,13824912,13828272
ovl_Bg_Ice_Turara,15677968,15680064,13828272,13830000
ovl_Bg_Ice_Shutter,15680064,15681200,13830000,13830864
ovl_En_Kakasi2,15681200,15683024,13830864,13832304
ovl_En_Kakasi3,15683024,15687344,13832304,13835440
ovl_Oceff_Wipe4,15687344,15691408,13835440,13838464
ovl_En_Eg,15691408,15691840,13838464,13838816
ovl_Bg_Menkuri_Nisekabe,15691840,15692176,13838816,13839104
ovl_En_Zo,15692176,15701824,13839104,13845856
ovl_Effect_Ss_Ice_Smoke,15701824,15703040,13845856,13846944
ovl_Obj_Makekinsuta,15703040,15703376,13846944,13847264
ovl_En_Ge3,15703376,15706272,13847264,13849440
ovl_Obj_Timeblock,15706272,15709408,13849440,13851728
ovl_Obj_Hamishi,15709408,15711536,13851728,13853536
ovl_En_Zl4,15711536,15730528,13853536,13863264
ovl_En_Mm2,15730528,15734048,13863264,13865936
ovl_Bg_Jya_Block,15734048,15734672,13865936,13866544
ovl_Obj_Warp2block,15734672,15737536,13866544,13868800
gameplay_keep,15740928,16116960,13868800,14063296
gameplay_field_keep,16117760,16171824,14063296,14100704
gameplay_dangeon_keep,16175104,16272112,14100704,14160832
gameplay_object_exchange_static,16273408,16273424,14160832,14160864
object_link_boy,16277504,16504832,14160864,14268272
object_link_child,16506880,16691072,14268272,14356736
object_box,16691200,16715776,14356736,14369488
object_human,16715776,16793984,14369488,14401248
object_okuta,16797696,16813184,14401248,14408992
object_poh,16814080,16834784,14408992,14422272
object_wallmaster,16838656,16879728,14422272,14449168
object_dy_obj,16883712,17003824,14449168,14523808
object_firefly,17006592,17012928,14523808,14527536
object_dodongo,17014784,17054016,14527536,14555248
object_fire,17055744,17072288,14555248,14561952
object_niw,17076224,17085760,14561952,14566800
object_tite,17088512,17103408,14566800,14576832
object_reeba,17104896,17112816,14576832,14581984
object_peehat,17113088,17120400,14581984,14585504
object_kingdodongo,17121280,17316064,14585504,14710464
object_horse,17317888,17374992,14710464,14753168
object_zf,17375232,17466272,14753168,14815520
object_goma,17469440,17592832,14815520,14907264
object_zl1,17596416,17679296,14907264,14951408
object_gol,17682432,17699360,14951408,14962544
object_bubble,17702912,17707200,14962544,14964432
object_dodojr,17711104,17719536,14964432,14970624
object_torch2,17723392,17741680,14970624,14978912
object_bl,17743872,17766480,14978912,14988224
object_tp,17768448,17775856,14988224,14993168
object_oA1,17776640,17794832,14993168,15002528
object_st,17797120,17820592,15002528,15015584
object_bw,17821696,17830496,15015584,15020960
object_ei,17833984,17847328,15020960,15028528
object_horse_normal,17850368,17891264,15028528,15061328
object_oB1,17891328,17917616,15061328,15073568
object_o_anime,17920000,17928528,15073568,15080736
object_spot04_objects,17932288,17938112,15080736,15083936
object_ddan_objects,17940480,17975136,15083936,15106208
object_hidan_objects,17977344,18074912,15106208,15154832
object_horse_ganon,18075648,18124944,15154832,15188576
object_oA2,18128896,18151120,15188576,15193744
object_spot00_objects,18153472,18160656,15193744,15196608
object_mb,18161664,18244000,15196608,15252832
object_bombf,18247680,18254336,15252832,15256832
object_sk2,18255872,18315264,15256832,15302560
object_oE1,18317312,18343952,15302560,15315136
object_oE_anime,18345984,18366560,15315136,15334592
object_oE2,18370560,18393712,15334592,15345584
object_ydan_objects,18395136,18432128,15345584,15374096
object_gnd,18436096,18513920,15374096,15433456
object_am,18513920,18537296,15433456,15445568
object_dekubaba,18538496,18553280,15445568,15455792
object_oA3,18554880,18563376,15455792,15460320
object_oA4,18567168,18573104,15460320,15463072
object_oA5,18575360,18581168,15463072,15465760
object_oA6,18583552,18590208,15465760,15468800
object_oA7,18591744,18597200,15468800,15471344
object_jj,18599936,18647744,15471344,15499376
object_oA8,18649088,18655152,15499376,15502000
object_oA9,18657280,18658592,15502000,15502960
object_oB2,18661376,18677984,15502960,15511376
object_oB3,18681856,18699408,15511376,15520112
object_oB4,18702336,18708592,15520112,15523008
object_horse_zelda,18710528,18739552,15523008,15541728
object_opening_demo1,18743296,18763872,15541728,15560416
object_warp1,18767872,18779312,15560416,15568624
object_b_heart,18780160,18781760,15568624,15569808
object_dekunuts,18784256,18798176,15569808,15578128
object_oE3,18800640,18829600,15578128,15591600
object_oE4,18833408,18853840,15591600,15601248
object_menkuri_objects,18853888,18889488,15601248,15625984
object_oE5,18890752,18912704,15625984,15636800
object_oE6,18915328,18927184,15636800,15643056
object_oE7,18927616,18938464,15643056,15649600
object_oE8,18939904,18953168,15649600,15656416
object_oE9,18956288,18968336,15656416,15661648
object_oE10,18968576,18979280,15661648,15667520
object_oE11,18980864,18993648,15667520,15673360
object_oE12,18997248,19011520,15673360,15680560
object_vali,19013632,19032144,15680560,15690240
object_oA10,19034112,19046064,15690240,15695888
object_oA11,19046400,19051968,15695888,15698720
object_mizu_objects,19054592,19100448,15698720,15726112
object_fhg,19103744,19172832,15726112,15770720
object_ossan,19173376,19213136,15770720,15787808
object_mori_hineri1,19214336,19236080,15787808,15796048
object_Bb,19238912,19245632,15796048,15799904
object_toki_objects,19247104,19280976,15799904,15816720
object_yukabyun,19283968,19289328,15816720,15819424
object_zl2,19292160,19361152,15819424,15850928
object_mjin,19361792,19366544,15850928,15853536
object_mjin_flash,19369984,19374080,15853536,15856144
object_mjin_dark,19374080,19378176,15856144,15859408
object_mjin_flame,19378176,19382272,15859408,15862240
object_mjin_ice,19382272,19386368,15862240,15865568
object_mjin_soul,19386368,19390464,15865568,15868864
object_mjin_wind,19390464,19394560,15868864,15872128
object_mjin_oka,19394560,19401568,15872128,15877328
object_haka_objects,19402752,19523248,15877328,15938576
object_spot06_objects,19525632,19537312,15938576,15946848
object_ice_objects,19537920,19574096,15946848,15972544
object_relay_objects,19574784,19588656,15972544,15982192
object_mori_hineri1a,19591168,19604672,15982192,15987120
object_mori_hineri2,19607552,19624960,15987120,15993728
object_mori_hineri2a,19628032,19652784,15993728,16003296
object_mori_objects,19656704,19692048,16003296,16020224
object_mori_tex,19693568,19734016,16020224,16044272
object_spot08_obj,19734528,19756544,16044272,16057904
object_warp2,19759104,19759120,16057904,16057936
object_hata,19763200,19775456,16057936,16063920
object_bird,19775488,19784096,16063920,16069792
object_wood02,19787776,19822544,16069792,16089904
object_lightbox,19824640,19832640,16089904,16092288
object_pu_box,19832832,19838464,16092288,16094896
object_trap,19841024,19850208,16094896,16101920
object_vase,19853312,19858832,16101920,16106176
object_im,19861504,19935792,16106176,16142272
object_ta,19939328,19997680,16142272,16175104
object_tk,20000768,20049488,16175104,16204832
object_xc,20049920,20167456,16204832,16286864
object_vm,20168704,20184944,16286864,16295200
object_bv,20185088,20307376,16295200,16354496
object_hakach_objects,20307968,20335344,16354496,16373984
object_efc_crystal_light,20336640,20339360,16373984,16376640
object_efc_fire_ball,20340736,20344064,16376640,16379824
object_efc_flash,20344832,20344848,16379824,16379856
object_efc_lgt_shower,20348928,20353744,16379856,16383568
object_efc_star_field,20357120,20363216,16383568,16387744
object_god_lgt,20365312,20382544,16387744,16399200
object_light_ring,20385792,20390528,16399200,16400608
object_triforce_spot,20393984,20404496,16400608,16407616
object_medal,20406272,20427072,16407616,16414848
object_bdan_objects,20430848,20483344,16414848,16447216
object_sd,20484096,20535008,16447216,16473376
object_rd,20537344,20598768,16473376,16510400
object_po_sisters,20598784,20657088,16510400,16543376
object_heavy_object,20660224,20667104,16543376,16546736
object_gndd,20668416,20740608,16546736,16584656
object_fd,20742144,20808304,16584656,16621616
object_du,20811776,20887088,16621616,16668992
object_fw,20889600,20921824,16668992,16690544
object_horse_link_child,20922368,20957984,16690544,16714944
object_spot02_objects,20959232,21050912,16714944,16764976
object_haka,21053440,21058656,16764976,16769248
object_ru1,21061632,21142144,16769248,16827888
object_syokudai,21143552,21159056,16827888,16836704
object_fd2,21159936,21232272,16836704,16883776
object_dh,21233664,21270720,16883776,16912080
object_rl,21274624,21306192,16912080,16927856
object_efc_tw,21307392,21312240,16927856,16932880
object_demo_tre_lgt,21315584,21315600,16932880,16932912
object_gi_key,21319680,21322272,16932912,16934144
object_mir_ray,21323776,21331200,16934144,16935792
object_brob,21331968,21338784,16935792,16939312
object_gi_jewel,21340160,21354112,16939312,16947744
object_spot09_obj,21356544,21457040,16947744,17006960
object_spot18_obj,21458944,21510672,17006960,17036944
object_bdoor,21512192,21542336,17036944,17054208
object_spot17_obj,21544960,21551152,17054208,17059104
object_shop_dungen,21553152,21568032,17059104,17068048
object_nb,21569536,21668320,17068048,17133472
object_mo,21671936,21703792,17133472,17150528
object_sb,21704704,21716128,17150528,17156128
object_gi_melody,21716992,21720352,17156128,17157616
object_gi_heart,21721088,21721584,17157616,17158016
object_gi_compass,21725184,21728528,17158016,17159696
object_gi_bosskey,21729280,21733392,17159696,17161568
object_gi_medal,21737472,21758832,17161568,17167872
object_gi_nuts,21762048,21766592,17167872,17170816
object_sa,21770240,21856816,17170816,17230176
object_gi_hearts,21860352,21866416,17230176,17232576
object_gi_arrowcase,21868544,21871792,17232576,17234256
object_gi_bombpouch,21872640,21876320,17234256,17235952
object_in,21876736,21978192,17235952,17292608
object_tr,21979136,22056496,17292608,17340480
object_spot16_obj,22056960,22062336,17340480,17344704
object_oE1s,22065152,22091104,17344704,17357472
object_oE4s,22093824,22113792,17357472,17367024
object_os_anime,22114304,22156864,17367024,17402208
object_gi_bottle,22159360,22161648,17402208,17403504
object_gi_stick,22163456,22165184,17403504,17404816
object_gi_map,22167552,22172000,17404816,17408144
object_oF1d_map,22175744,22242720,17408144,17447968
object_ru2,22245376,22309072,17447968,17482000
object_gi_shield_1,22310912,22314320,17482000,17484784
object_dekujr,22315008,22328592,17484784,17491936
object_gi_magicpot,22331392,22335952,17491936,17494080
object_gi_bomb_1,22339584,22342832,17494080,17495632
object_oF1s,22343680,22378656,17495632,17512640
object_ma2,22380544,22421232,17512640,17535568
object_gi_purse,22421504,22428528,17535568,17541952
object_hni,22429696,22474608,17541952,17577456
object_tw,22474752,22711216,17577456,17726752
object_rr,22712320,22715904,17726752,17729232
object_bxa,22716416,22727664,17729232,17736976
object_anubice,22728704,22743456,17736976,17745664
object_gi_gerudo,22745088,22750016,17745664,17748832
object_gi_arrow,22753280,22760208,17748832,17751536
object_gi_bomb_2,22761472,22763168,17751536,17752736
object_gi_egg,22765568,22770464,17752736,17755248
object_gi_scale,22773760,22777328,17755248,17757136
object_gi_shield_2,22777856,22782064,17757136,17759552
object_gi_hookshot,22786048,22791520,17759552,17762400
object_gi_ocarina,22794240,22797232,17762400,17764240
object_gi_milk,22798336,22803568,17764240,17766656
object_ma1,22806528,22842752,17766656,17784848
object_ganon,22843392,22909184,17784848,17813472
object_sst,22913024,23017392,17813472,17852944
object_ny,23019520,23028080,17852944,17856816
object_fr,23031808,23078064,17856816,17874704
object_gi_pachinko,23080960,23084128,17874704,17876560
object_gi_boomerang,23085056,23088544,17876560,17878592
object_gi_bow,23089152,23092528,17878592,17880736
object_gi_glasses,23093248,23097728,17880736,17882800
object_gi_liquid,23101440,23107792,17882800,17885504
object_ani,23109632,23140096,17885504,17901280
object_demo_6k,23142400,23157664,17901280,17911040
object_gi_shield_3,23158784,23163584,17911040,17912896
object_gi_letter,23166976,23170560,17912896,17915232
object_spot15_obj,23171072,23178496,17915232,17919168
object_jya_obj,23179264,23294272,17919168,17974432
object_gi_clothes,23298048,23304288,17974432,17978096
object_gi_bean,23306240,23308480,17978096,17979600
object_gi_fish,23310336,23312720,17979600,17981072
object_gi_saw,23314432,23317376,17981072,17982848
object_gi_hammer,23318528,23321792,17982848,17984560
object_gi_grass,23322624,23325712,17984560,17986560
object_gi_longsword,23326720,23328960,17986560,17988000
object_spot01_objects,23330816,23340176,17988000,17994880
object_md,23343104,23384400,17994880,18018160
object_km1,23388160,23411136,18018160,18028304
object_kw1,23412736,23439584,18028304,18039872
object_zo,23441408,23490624,18039872,18064400
object_kz,23494656,23529184,18064400,18079216
object_umajump,23531520,23536752,18079216,18082176
object_masterkokiri,23539712,23540928,18082176,18083312
object_masterkokirihead,23543808,23555232,18083312,18088560
object_mastergolon,23556096,23556368,18088560,18088784
object_masterzoora,23560192,23562144,18088784,18090880
object_aob,23564288,23586480,18090880,18099232
object_ik,23588864,23721424,18099232,18193232
object_ahg,23724032,23746992,18193232,18204560
object_cne,23748608,23759312,18204560,18209184
object_gi_niwatori,23760896,23767536,18209184,18213360
object_skj,23769088,23805488,18213360,18238848
object_gi_bottle_letter,23805952,23809152,18238848,18240832
object_bji,23810048,23826832,18240832,18248464
object_bba,23830528,23847568,18248464,18255840
object_gi_ocarina_0,23851008,23854096,18255840,18257856
object_ds,23855104,23873408,18257856,18268592
object_ane,23875584,23904176,18268592,18280384
object_boj,23904256,23928000,18280384,18292176
object_spot03_object,23928832,23934560,18292176,18295584
object_spot07_object,23937024,23964976,18295584,18314608
object_fz,23965696,23979216,18314608,18319232
object_bob,23982080,24002336,18319232,18326800
object_ge1,24002560,24044720,18326800,18345856
object_yabusame_point,24047616,24051280,18345856,18347328
object_gi_boots_2,24051712,24058816,18347328,18351040
object_gi_seed,24059904,24062656,18351040,18352896
object_gnd_magic,24064000,24068736,18352896,18357216
object_d_elevator,24072192,24077200,18357216,18362144
object_d_hsblock,24080384,24086368,18362144,18366928
object_d_lift,24088576,24094720,18366928,18372848
object_mamenoki,24096768,24106720,18372848,18380992
object_goroiwa,24109056,24115360,18380992,18384400
object_toryo,24117248,24146272,18384400,18398320
object_daiku,24150016,24184944,18398320,18417984
object_nwc,24186880,24190368,18417984,18420720
object_blkobj,24190976,24270992,18420720,18468464
object_gm,24272896,24273616,18468464,18469056
object_ms,24276992,24292816,18469056,18477408
object_hs,24293376,24318576,18477408,18490576
object_ingate,24322048,24326640,18490576,18492528
object_lightswitch,24330240,24339488,18492528,18497792
object_kusa,24342528,24343424,18497792,18498384
object_tsubo,24346624,24353264,18498384,18504064
object_gi_gloves,24354816,24361312,18504064,18507168
object_gi_coin,24363008,24365136,18507168,18508320
object_kanban,24367104,24373168,18508320,18510000
object_gjyo_objects,24375296,24380912,18510000,18513280
object_owl,24383488,24449216,18513280,18543600
object_mk,24453120,24477184,18543600,18555248
object_fu,24477696,24505504,18555248,18569696
object_gi_ki_tan_mask,24506368,24509936,18569696,18571696
object_gi_redead_mask,24510464,24513168,18571696,18573040
object_gi_skj_mask,24514560,24517856,18573040,18574992
object_gi_rabit_mask,24518656,24522496,18574992,18577024
object_gi_truth_mask,24522752,24528992,18577024,18580192
object_ganon_objects,24530944,24535408,18580192,18582560
object_siofuki,24539136,24542640,18582560,18584288
object_stream,24543232,24545920,18584288,18585744
object_mm,24547328,24580208,18585744,18603872
object_fa,24584192,24599440,18603872,18609952
object_os,24600576,24618608,18609952,18620096
object_gi_eye_lotion,24621056,24623472,18620096,18621440
object_gi_powder,24625152,24628096,18621440,18623184
object_gi_mushroom,24629248,24632528,18623184,18624784
object_gi_ticketstone,24633344,24638112,18624784,18627728
object_gi_brokensword,24641536,24643984,18627728,18629104
object_js,24645632,24670000,18629104,18641696
object_cs,24670208,24704336,18641696,18658304
object_gi_prescription,24707072,24710176,18658304,18659680
object_gi_bracelet,24711168,24714224,18659680,18661184
object_gi_soldout,24715264,24716496,18661184,18661840
object_gi_frog,24719360,24723728,18661840,18664272
object_mag,24727552,24855616,18664272,18707568
object_door_gerudo,24858624,24861088,18707568,18708720
object_gt,24862720,24942064,18708720,18756240
object_efc_erupc,24944640,24955120,18756240,18762304
object_zl2_anime1,24956928,25003536,18762304,18797648
object_zl2_anime2,25006080,25049824,18797648,18834720
object_gi_golonmask,25051136,25057200,18834720,18838672
object_gi_zoramask,25059328,25065008,18838672,18842032
object_gi_gerudomask,25067520,25072640,18842032,18845712
object_ganon2,25075712,25290736,18845712,19004960
object_ka,25292800,25319360,19004960,19014752
object_ts,25321472,25341936,19014752,19024560
object_zg,25341952,25346560,19024560,19025280
object_gi_hoverboots,25350144,25357936,19025280,19029680
object_gi_m_arrow,25358336,25362048,19029680,19031408
object_ds2,25362432,25379440,19031408,19039920
object_ec,25382912,25434416,19039920,19084544
object_fish,25436160,25523696,19084544,19129344
object_gi_sutaru,25526272,25527888,19129344,19130256
object_gi_goddess,25530368,25533520,19130256,19131664
object_ssh,25534464,25558016,19131664,19144176
object_bigokuta,25559040,25586640,19144176,19159664
object_bg,25587712,25617088,19159664,19174848
object_spot05_objects,25620480,25625328,19174848,19178352
object_spot12_obj,25628672,25637824,19178352,19183216
object_bombiwa,25640960,25643776,19183216,19185936
object_hintnuts,25645056,25657664,19185936,19194656
object_rs,25661440,25680000,19194656,19204192
object_spot00_break,25681920,25689632,19204192,19209824
object_gla,25690112,25730800,19209824,19234480
object_shopnuts,25731072,25748880,19234480,19245872
object_geldb,25751552,25798384,19245872,19275088
object_gr,25800704,25840784,19275088,19288032
object_dog,25841664,25871008,19288032,19302896
object_jya_iron,25874432,25884256,19302896,19306720
object_jya_door,25886720,25895552,19306720,19310416
object_spot01_objects2,25899008,25899024,19310416,19310448
object_spot11_obj,25903104,25909904,19310448,19315648
object_kibako2,25911296,25915584,19315648,19319312
object_dns,25919488,25933776,19319312,19328688
object_dnk,25935872,25947696,19328688,19336096
object_gi_fire,25948160,25952224,19336096,19338624
object_gi_insect,25952256,25955312,19338624,19340480
object_gi_butterfly,25956352,25959376,19340480,19342320
object_gi_ghost,25960448,25963952,19342320,19344768
object_gi_soul,25964544,25968560,19344768,19346848
object_bowl,25968640,25982192,19346848,19352208
object_po_field,25985024,26012224,19352208,19368960
object_demo_kekkai,26013696,26074384,19368960,19404528
object_efc_doughnut,26075136,26079312,19404528,19406784
object_gi_dekupouch,26083328,26087504,19406784,19409424
object_ganon_anime1,26091520,26139712,19409424,19457968
object_ganon_anime2,26140672,26207536,19457968,19513856
object_ganon_anime3,26210304,26294256,19513856,19584336
object_gi_rupy,26296320,26298368,19584336,19585392
object_spot01_matoya,26300416,26315920,19585392,19596640
object_spot01_matoyab,26316800,26325472,19596640,19602064
object_po_composer,26329088,26357664,19602064,19619152
object_mu,26357760,26402384,19619152,19642480
object_wf,26402816,26445056,19642480,19667328
object_skb,26447872,26466320,19667328,19680752
object_gj,26468352,26511136,19680752,19714160
object_geff,26513408,26517424,19714160,19717552
object_haka_door,26517504,26532208,19717552,19724224
object_gs,26533888,26536576,19724224,19727024
object_ps,26537984,26589440,19727024,19752656
object_bwall,26591232,26595664,19752656,19755696
object_crow,26599424,26603728,19755696,19757664
object_cow,26607616,26627760,19757664,19768256
object_cob,26628096,26636816,19768256,19771584
object_gi_sword_1,26640384,26643744,19771584,19773424
object_door_killer,26644480,26651616,19773424,19775344
object_ouke_haka,26652672,26655088,19775344,19777728
object_timeblock,26656768,26659680,19777728,19780432
object_zl4,26660864,26779168,19780432,19859472
g_pn_01,26779648,26786560,19859472,19861792
g_pn_02,26787840,26794752,19861792,19864208
g_pn_03,26796032,26802944,19864208,19866320
g_pn_04,26804224,26811136,19866320,19868624
g_pn_05,26812416,26819328,19868624,19870944
g_pn_06,26820608,26827520,19870944,19873856
g_pn_07,26828800,26835712,19873856,19877296
g_pn_08,26836992,26843904,19877296,19880176
g_pn_09,26845184,26852096,19880176,19883136
g_pn_10,26853376,26860288,19883136,19885104
g_pn_11,26861568,26868480,19885104,19888240
g_pn_12,26869760,26876672,19888240,19890704
g_pn_13,26877952,26884864,19890704,19893504
g_pn_14,26886144,26893056,19893504,19895984
g_pn_15,26894336,26901248,19895984,19898352
g_pn_16,26902528,26909440,19898352,19900560
g_pn_17,26910720,26917632,19900560,19902080
g_pn_18,26918912,26925824,19902080,19904016
g_pn_19,26927104,26934016,19904016,19906256
g_pn_20,26935296,26942208,19906256,19908464
g_pn_21,26943488,26950400,19908464,19910624
g_pn_22,26951680,26958592,19910624,19913152
g_pn_23,26959872,26966784,19913152,19914944
g_pn_24,26968064,26974976,19914944,19916880
g_pn_25,26976256,26983168,19916880,19919440
g_pn_26,26984448,26991360,19919440,19922480
g_pn_27,26992640,26999552,19922480,19924688
g_pn_28,27000832,27007744,19924688,19926960
g_pn_29,27009024,27015936,19926960,19928592
g_pn_30,27017216,27024128,19928592,19930464
g_pn_31,27025408,27032320,19930464,19932688
g_pn_32,27033600,27040512,19932688,19934848
g_pn_33,27041792,27048704,19934848,19936976
g_pn_34,27049984,27056896,19936976,19939200
g_pn_35,27058176,27065088,19939200,19941568
g_pn_36,27066368,27073280,19941568,19943712
g_pn_37,27074560,27081472,19943712,19946384
g_pn_38,27082752,27089664,19946384,19948720
g_pn_39,27090944,27097856,19948720,19951680
g_pn_40,27099136,27106048,19951680,19954672
g_pn_41,27107328,27114240,19954672,19956752
g_pn_42,27115520,27122432,19956752,19959040
g_pn_43,27123712,27130624,19959040,19961440
g_pn_44,27131904,27138816,19961440,19964016
g_pn_45,27140096,27147008,19964016,19966352
g_pn_46,27148288,27155200,19966352,19968256
g_pn_47,27156480,27163392,19968256,19971312
g_pn_48,27164672,27171584,19971312,19972864
g_pn_49,27172864,27179776,19972864,19975616
g_pn_50,27181056,27187968,19975616,19978144
g_pn_51,27189248,27196160,19978144,19980400
g_pn_52,27197440,27204352,19980400,19983008
g_pn_53,27205632,27212544,19983008,19985536
g_pn_54,27213824,27220736,19985536,19987840
g_pn_55,27222016,27228928,19987840,19990464
g_pn_56,27230208,27237120,19990464,19992848
g_pn_57,27238400,27245312,19992848,19993360
z_select_static,27246592,27255296,19993360,19995392
nintendo_rogo_static,27258880,27270736,19995392,20001344
title_static,27271168,27506112,20001344,20135632
parameter_static,27508736,27523840,20135632,20139920
vr_fine0_static,27525120,27574272,20139920,20150816
vr_fine0_pal_static,27574272,27574528,20150816,0
vr_fine1_static,27578368,27627520,20151072,20176080
vr_fine1_pal_static,27627520,27627776,20176080,0
vr_fine2_static,27631616,27680768,20176336,20196736
vr_fine2_pal_static,27680768,27681024,20196736,0
vr_fine3_static,27684864,27734016,20196992,20212592
vr_fine3_pal_static,27734016,27734272,20212592,0
vr_cloud0_static,27738112,27787264,20212848,20240464
vr_cloud0_pal_static,27787264,27787520,20240464,0
vr_cloud1_static,27791360,27840512,20240720,20269200
vr_cloud1_pal_static,27840512,27840768,20269200,0
vr_cloud2_static,27844608,27893760,20269456,20298960
vr_cloud2_pal_static,27893760,27894016,20298960,0
vr_cloud3_static,27897856,27947008,20299216,20319328
vr_cloud3_pal_static,27947008,27947264,20319328,0
vr_holy0_static,27951104,28016640,20319584,20346480
vr_holy0_pal_static,28016640,28016896,20346480,0
vr_holy1_static,28020736,28086272,20346736,20373552
vr_holy1_pal_static,28086272,28086528,20373552,0
vr_MDVR_static,28090368,28352512,20373808,20557168
vr_MDVR_pal_static,28352512,28354560,20557168,0
vr_MNVR_static,28356608,28618752,20559216,20715136
vr_MNVR_pal_static,28618752,28620800,20715136,0
vr_RUVR_static,28622848,28884992,20717184,20936416
vr_RUVR_pal_static,28884992,28887040,20936416,0
vr_LHVR_static,28889088,29151232,20938464,21188416
vr_LHVR_pal_static,29151232,29153280,21188416,0
vr_KHVR_static,29155328,29417472,21190464,21427680
vr_KHVR_pal_static,29417472,29419520,21427680,0
vr_K3VR_static,29421568,29618176,21429728,21604640
vr_K3VR_pal_static,29618176,29619712,21604640,0
vr_K4VR_static,29622272,29818880,21606176,21789344
vr_K4VR_pal_static,29818880,29820416,21789344,0
vr_K5VR_static,29822976,30019584,21790880,21965712
vr_K5VR_pal_static,30019584,30021120,21965712,0
vr_SP1a_static,30023680,30154752,21967248,22027376
vr_SP1a_pal_static,30154752,30155776,22027376,0
vr_MLVR_static,30158848,30420992,22028400,22261952
vr_MLVR_pal_static,30420992,30423040,22261952,0
vr_KKRVR_static,30425088,30687232,22264000,22408144
vr_KKRVR_pal_static,30687232,30689280,22408144,0
vr_KR3VR_static,30691328,30887936,22410192,22522912
vr_KR3VR_pal_static,30887936,30889472,22522912,0
vr_IPVR_static,30892032,31154176,22524448,22665920
vr_IPVR_pal_static,31154176,31156224,22665920,0
vr_KSVR_static,31158272,31289344,22667968,22766544
vr_KSVR_pal_static,31289344,31290368,22766544,0
vr_GLVR_static,31293440,31424512,22767568,22882960
vr_GLVR_pal_static,31424512,31425536,22882960,0
vr_ZRVR_static,31428608,31559680,22883984,22981792
vr_ZRVR_pal_static,31559680,31560704,22981792,0
vr_DGVR_static,31563776,31694848,22982816,23066496
vr_DGVR_pal_static,31694848,31695872,23066496,0
vr_ALVR_static,31698944,31830016,23067520,23166224
vr_ALVR_pal_static,31830016,31831040,23166224,0
vr_NSVR_static,31834112,31965184,23167248,23255072
vr_NSVR_pal_static,31965184,31966208,23255072,0
vr_LBVR_static,31969280,32231424,23256096,23434800
vr_LBVR_pal_static,32231424,32233472,23434800,0
vr_TTVR_static,32235520,32432128,23436848,23571360
vr_TTVR_pal_static,32432128,32433664,23571360,0
vr_FCVR_static,32436224,32567296,23572896,23647920
vr_FCVR_pal_static,32567296,32568320,23647920,0
elf_message_field,32571392,32571504,23648944,23649088
elf_message_ydan,32575488,32575504,23649088,23649120
ddan_scene,32579584,32665920,23649120,23700208
ddan_room_0,32669696,32782160,23700208,23754368
ddan_room_1,32784384,32824048,23754368,23776080
ddan_room_2,32825344,32857472,23776080,23794336
ddan_room_3,32858112,32914720,23794336,23824176
ddan_room_4,32915456,32954448,23824176,23843792
ddan_room_5,32956416,32980704,23843792,23857152
ddan_room_6,32980992,32990208,23857152,23863328
ddan_room_7,32993280,33023680,23863328,23878336
ddan_room_8,33026048,33063936,23878336,23902224
ddan_room_9,33067008,33113408,23902224,23927824
ddan_room_10,33116160,33148496,23927824,23947616
ddan_room_11,33148928,33157248,23947616,23952912
ddan_room_12,33161216,33195824,23952912,23973520
ddan_room_13,33198080,33207424,23973520,23979760
ddan_room_14,33210368,33219728,23979760,23985968
ddan_room_15,33222656,33232976,23985968,23993024
ddan_room_16,33234944,33256768,23993024,24008960
spot00_scene,33259520,33432096,24008960,24116144
spot00_room_0,33435648,33522224,24116144,24153088
spot01_scene,33525760,33640784,24153088,24230784
spot01_room_0,33644544,33684832,24230784,24248640
spot02_scene,33685504,33733760,24248640,24278416
spot02_room_0,33734656,33744480,24278416,24281888
spot02_room_1,33746944,33869408,24281888,24356240
spot03_scene,33869824,33916256,24356240,24390128
spot03_room_0,33918976,33974448,24390128,24419280
spot03_room_1,33976320,34006112,24419280,24436432
spot04_scene,34009088,34079296,24436432,24481744
spot04_room_0,34082816,34194304,24481744,24546256
spot04_room_1,34197504,34231648,24546256,24566496
spot04_room_2,34234368,34254864,24566496,24578912
spot05_scene,34258944,34344288,24578912,24635216
spot05_room_0,34344960,34385664,24635216,24651568
spot06_scene,34385920,34497584,24651568,24729104
spot06_room_0,34500608,34543136,24729104,24749200
spot07_scene,34545664,34584608,24749200,24779104
spot07_room_0,34586624,34611776,24779104,24789968
spot07_room_1,34615296,34666608,24789968,24816192
spot08_scene,34668544,34739872,24816192,24870080
spot08_room_0,34742272,34775376,24870080,24885776
spot09_scene,34779136,34849120,24885776,24932064
spot09_room_0,34852864,34887120,24932064,24947056
spot10_scene,34889728,34956336,24947056,24990752
spot10_room_0,34959360,34969072,24990752,24994432
spot10_room_1,34971648,35005488,24994432,25013120
spot10_room_2,35008512,35027952,25013120,25022976
spot10_room_3,35028992,35052208,25022976,25035600
spot10_room_4,35053568,35062992,25035600,25039024
spot10_room_5,35065856,35094512,25039024,25052624
spot10_room_6,35094528,35109616,25052624,25061872
spot10_room_7,35110912,35120576,25061872,25065376
spot10_room_8,35123200,35133040,25065376,25068944
spot10_room_9,35135488,35150816,25068944,25077504
spot11_scene,35151872,35255520,25077504,25150336
spot11_room_0,35258368,35309504,25150336,25177488
spot12_scene,35311616,35376768,25177488,25218592
spot12_room_0,35377152,35448256,25218592,25256368
spot12_room_1,35450880,35500192,25256368,25284000
spot13_scene,35504128,35528240,25284000,25300432
spot13_room_0,35528704,35531024,25300432,25301776
spot13_room_1,35532800,35609152,25301776,25347744
spot15_scene,35610624,35710208,25347744,25415424
spot15_room_0,35713024,35766720,25415424,25438992
spot16_scene,35770368,35895952,25438992,25529744
spot16_room_0,35897344,35941520,25529744,25551792
spot17_scene,35942400,36007648,25551792,25596528
spot17_room_0,36007936,36034688,25596528,25610432
spot17_room_1,36036608,36111184,25610432,25646320
spot18_scene,36114432,36156496,25646320,25673440
spot18_room_0,36159488,36235216,25673440,25716352
spot18_room_1,36237312,36262400,25716352,25732352
spot18_room_2,36265984,36338096,25732352,25773792
spot18_room_3,36339712,36461808,25773792,25839520
market_day_scene,36462592,36472432,25839520,25844944
market_day_room_0,36474880,36497520,25844944,25850688
market_night_scene,36499456,36509232,25850688,25856000
market_night_room_0,36511744,36534176,25856000,25861600
HIDAN_scene,36536320,36645232,25861600,25925216
HIDAN_room_0,36646912,36676288,25925216,25938784
HIDAN_room_1,36679680,36731360,25938784,25964240
HIDAN_room_2,36732928,36798416,25964240,25992768
HIDAN_room_3,36798464,36807904,25992768,25997856
HIDAN_room_4,36810752,36841616,25997856,26012384
HIDAN_room_5,36843520,36885040,26012384,26029120
HIDAN_room_6,36888576,36917152,26029120,26044016
HIDAN_room_7,36917248,36932064,26044016,26051472
HIDAN_room_8,36933632,36973248,26051472,26071792
HIDAN_room_9,36974592,37009264,26071792,26087104
HIDAN_room_10,37011456,37110944,26087104,26128000
HIDAN_room_11,37113856,37128128,26128000,26135088
HIDAN_room_12,37130240,37141376,26135088,26139968
HIDAN_room_13,37142528,37194720,26139968,26160208
HIDAN_room_14,37195776,37204576,26160208,26164896
HIDAN_room_15,37208064,37212624,26164896,26167360
HIDAN_room_16,37216256,37263728,26167360,26191616
HIDAN_room_17,37265408,37302592,26191616,26207840
HIDAN_room_18,37306368,37321600,26207840,26215984
HIDAN_room_19,37322752,37339616,26215984,26224432
HIDAN_room_20,37343232,37371152,26224432,26238672
HIDAN_room_21,37371904,37405888,26238672,26257168
HIDAN_room_22,37408768,37436160,26257168,26271120
HIDAN_room_23,37437440,37465376,26271120,26285424
HIDAN_room_24,37466112,37487936,26285424,26295648
HIDAN_room_25,37490688,37518048,26295648,26310128
HIDAN_room_26,37519360,37546144,26310128,26321728
Bmori1_scene,37548032,37638032,26321728,26374560
Bmori1_room_0,37638144,37694400,26374560,26409584
Bmori1_room_1,37695488,37718880,26409584,26421440
Bmori1_room_2,37720064,37784112,26421440,26452000
Bmori1_room_3,37785600,37800464,26452000,26459168
Bmori1_room_4,37801984,37814960,26459168,26464112
Bmori1_room_5,37818368,37832160,26464112,26471136
Bmori1_room_6,37834752,37872832,26471136,26486240
Bmori1_room_7,37875712,37953536,26486240,26525520
Bmori1_room_8,37953536,38050672,26525520,26572992
Bmori1_room_9,38051840,38093200,26572992,26592688
Bmori1_room_10,38096896,38118368,26592688,26606256
Bmori1_room_11,38121472,38165456,26606256,26623968
Bmori1_room_12,38166528,38200288,26623968,26641808
Bmori1_room_13,38203392,38238896,26641808,26659936
Bmori1_room_14,38240256,38263728,26659936,26671840
Bmori1_room_15,38264832,38274704,26671840,26678320
Bmori1_room_16,38277120,38297504,26678320,26687856
Bmori1_room_17,38297600,38334800,26687856,26703568
Bmori1_room_18,38338560,38343488,26703568,26706240
Bmori1_room_19,38346752,38348048,26706240,26707056
Bmori1_room_20,38350848,38355712,26707056,26710560
Bmori1_room_21,38359040,38365056,26710560,26713696
Bmori1_room_22,38367232,38374880,26713696,26717104
ydan_scene,38375424,38431248,26717104,26750560
ydan_room_0,38432768,38519536,26750560,26804096
ydan_room_1,38522880,38539600,26804096,26817744
ydan_room_2,38543360,38567472,26817744,26835280
ydan_room_3,38567936,38650272,26835280,26891216
ydan_room_4,38653952,38673360,26891216,26905536
ydan_room_5,38674432,38708000,26905536,26929200
ydan_room_6,38711296,38731456,26929200,26944752
ydan_room_7,38731776,38766864,26944752,26973328
ydan_room_8,38768640,38771968,26973328,26975520
ydan_room_9,38772736,38811808,26975520,27006960
ydan_room_10,38813696,38833536,27006960,27020496
ydan_room_11,38834176,38863216,27020496,27038144
kenjyanoma_scene,38866944,38881520,27038144,27044032
kenjyanoma_room_0,38883328,38961424,27044032,27083040
tokinoma_scene,38965248,39040928,27083040,27115648
tokinoma_room_0,39043072,39137760,27115648,27147776
tokinoma_room_1,39141376,39170256,27147776,27159312
link_home_scene,39174144,39181152,27159312,27162496
link_home_room_0,39182336,39345280,27162496,27192704
kokiri_shop_scene,39346176,39348608,27192704,27194176
kokiri_shop_room_0,39350272,39550096,27194176,27225936
MIZUsin_scene,39550976,39640304,27225936,27274320
MIZUsin_room_0,39641088,39730304,27274320,27319520
MIZUsin_room_1,39731200,39772512,27319520,27339616
MIZUsin_room_2,39776256,39799696,27339616,27353104
MIZUsin_room_3,39800832,39827216,27353104,27367424
MIZUsin_room_4,39829504,39854048,27367424,27381744
MIZUsin_room_5,39854080,39896560,27381744,27407536
MIZUsin_room_6,39899136,39944864,27407536,27433600
MIZUsin_room_7,39948288,39970128,27433600,27445872
MIZUsin_room_8,39972864,40029392,27445872,27479440
MIZUsin_room_9,40030208,40062944,27479440,27497536
MIZUsin_room_10,40062976,40087472,27497536,27510176
MIZUsin_room_11,40087552,40106416,27510176,27520896
MIZUsin_room_12,40108032,40136080,27520896,27535088
MIZUsin_room_13,40136704,40139264,27535088,27536512
MIZUsin_room_14,40140800,40169056,27536512,27551456
MIZUsin_room_15,40169472,40199216,27551456,27568976
MIZUsin_room_16,40202240,40217296,27568976,27578624
MIZUsin_room_17,40218624,40253984,27578624,27596000
MIZUsin_room_18,40255488,40272064,27596000,27606080
MIZUsin_room_19,40275968,40290608,27606080,27615872
MIZUsin_room_20,40292352,40318784,27615872,27631616
MIZUsin_room_21,40321024,40350944,27631616,27648032
MIZUsin_room_22,40353792,40390896,27648032,27667568
kokiri_home_scene,40394752,40398016,27667568,27669472
kokiri_home_room_0,40398848,40578096,27669472,27704128
kakusiana_scene,40579072,40634400,27704128,27745280
kakusiana_room_0,40636416,40665760,27745280,27763744
kakusiana_room_1,40669184,40690064,27763744,27778288
kakusiana_room_2,40693760,40704192,27778288,27784944
kakusiana_room_3,40706048,40726832,27784944,27799504
kakusiana_room_4,40730624,40761696,27799504,27821952
kakusiana_room_5,40763392,40781536,27821952,27836992
kakusiana_room_6,40783872,40807024,27836992,27851232
kakusiana_room_7,40808448,40824784,27851232,27862896
kakusiana_room_8,40824832,40838704,27862896,27870880
kakusiana_room_9,40841216,40864464,27870880,27885168
kakusiana_room_10,40865792,40888880,27885168,27904704
kakusiana_room_11,40890368,40924848,27904704,27926048
kakusiana_room_12,40927232,40959568,27926048,27946400
kakusiana_room_13,40960000,40988368,27946400,27967472
entra_scene,40988672,40989664,27967472,27968096
entra_room_0,40992768,41147248,27968096,27998176
bdan_scene,41148416,41236416,27998176,28054832
bdan_room_0,41238528,41255024,28054832,28063696
bdan_room_1,41259008,41283216,28063696,28073264
bdan_room_2,41283584,41320944,28073264,28094576
bdan_room_3,41324544,41353536,28094576,28113376
bdan_room_4,41357312,41373776,28113376,28121392
bdan_room_5,41377792,41402400,28121392,28137024
bdan_room_6,41406464,41423424,28137024,28144304
bdan_room_7,41426944,41440544,28144304,28151680
bdan_room_8,41443328,41457792,28151680,28156688
bdan_room_9,41459712,41475184,28156688,28162800
bdan_room_10,41476096,41490480,28162800,28167744
bdan_room_11,41492480,41506816,28167744,28172720
bdan_room_12,41508864,41524432,28172720,28178912
bdan_room_13,41525248,41536336,28178912,28187312
bdan_room_14,41537536,41562592,28187312,28201904
bdan_room_15,41566208,41576160,28201904,28205600
HAKAdan_scene,41578496,41677760,28205600,28263936
HAKAdan_room_0,41680896,41726144,28263936,28279232
HAKAdan_room_1,41730048,41736896,28279232,28282912
HAKAdan_room_2,41738240,41781520,28282912,28305248
HAKAdan_room_3,41783296,41793856,28305248,28311952
HAKAdan_room_4,41795584,41802816,28311952,28315760
HAKAdan_room_5,41803776,41826912,28315760,28327456
HAKAdan_room_6,41828352,41858416,28327456,28341296
HAKAdan_room_7,41861120,41867952,28341296,28344944
HAKAdan_room_8,41869312,41889888,28344944,28354816
HAKAdan_room_9,41893888,41945952,28354816,28379648
HAKAdan_room_10,41947136,41977760,28379648,28394976
HAKAdan_room_11,41979904,41995584,28394976,28404240
HAKAdan_room_12,41996288,42018592,28404240,28415568
HAKAdan_room_13,42020864,42024880,28415568,28418464
HAKAdan_room_14,42024960,42047808,28418464,28430288
HAKAdan_room_15,42049536,42078832,28430288,28442736
HAKAdan_room_16,42082304,42092672,28442736,28448208
HAKAdan_room_17,42094592,42106064,28448208,28454704
HAKAdan_room_18,42106880,42160768,28454704,28473584
HAKAdan_room_19,42164224,42175776,28473584,28480448
HAKAdan_room_20,42176512,42184224,28480448,28484496
HAKAdan_room_21,42184704,42230960,28484496,28508528
HAKAdan_room_22,42233856,42244512,28508528,28515376
moribossroom_scene,42246144,42252544,28515376,28520544
moribossroom_room_0,42254336,42278592,28520544,28535504
moribossroom_room_1,42278912,42334896,28535504,28563600
syatekijyou_scene,42336256,42386112,28563600,28593568
syatekijyou_room_0,42389504,42419952,28593568,28603440
men_scene,42422272,42493232,28603440,28649936
men_room_0,42496000,42561376,28649936,28687200
men_room_1,42561536,42598896,28687200,28709344
men_room_2,42602496,42622736,28709344,28719792
men_room_3,42622976,42654720,28719792,28739344
men_room_4,42655744,42696944,28739344,28766624
men_room_5,42700800,42721488,28766624,28780768
men_room_6,42725376,42757808,28780768,28800960
men_room_7,42758144,42791696,28800960,28822736
men_room_8,42795008,42828176,28822736,28836512
men_room_9,42831872,42846368,28836512,28844960
men_room_10,42848256,42871792,28844960,28860432
shop1_scene,42872832,42873584,28860432,28860896
shop1_room_0,42876928,43046832,28860896,28883264
hairal_niwa_scene,43048960,43119504,28883264,28928208
hairal_niwa_room_0,43122688,43165808,28928208,28944432
ganon_tou_scene,43167744,43187056,28944432,28958464
ganon_tou_room_0,43188224,43268848,28958464,29008144
market_alley_scene,43270144,43274832,29008144,29010576
market_alley_room_0,43278336,43759360,29010576,29080064
spot20_scene,43761664,43834816,29080064,29125040
spot20_room_0,43835392,43861712,29125040,29135328
market_ruins_scene,43864064,43869744,29135328,29138480
market_ruins_room_0,43872256,43882528,29138480,29140992
entra_n_scene,43884544,43885616,29140992,29141648
entra_n_room_0,43888640,44043120,29141648,29162160
enrui_scene,44044288,44045280,29162160,29162784
enrui_room_0,44048384,44202848,29162784,29188864
market_alley_n_scene,44204032,44208880,29188864,29191408
market_alley_n_room_0,44212224,44693232,29191408,29243664
hiral_demo_scene,44695552,44711248,29243664,29249600
hiral_demo_room_0,44711936,44713536,29249600,29250048
kokiri_home3_scene,44716032,44722080,29250048,29253440
kokiri_home3_room_0,44724224,44946960,29253440,29297968
jyasinzou_scene,44949504,45054784,29297968,29362720
jyasinzou_room_0,45056000,45125440,29362720,29398032
jyasinzou_room_1,45125632,45163264,29398032,29416560
jyasinzou_room_2,45166592,45190160,29416560,29427216
jyasinzou_room_3,45191168,45206352,29427216,29436528
jyasinzou_room_4,45207552,45236848,29436528,29453600
jyasinzou_room_5,45240320,45338432,29453600,29503136
jyasinzou_room_6,45338624,45357056,29503136,29511296
jyasinzou_room_7,45359104,45380880,29511296,29521168
jyasinzou_room_8,45383680,45416560,29521168,29536928
jyasinzou_room_9,45420544,45444592,29536928,29547680
jyasinzou_room_10,45445120,45478304,29547680,29562960
jyasinzou_room_11,45481984,45486096,29562960,29565600
jyasinzou_room_12,45490176,45498464,29565600,29570736
jyasinzou_room_13,45502464,45525072,29570736,29584624
jyasinzou_room_14,45527040,45546640,29584624,29594336
jyasinzou_room_15,45547520,45581424,29594336,29610064
jyasinzou_room_16,45584384,45609360,29610064,29621552
jyasinzou_room_17,45613056,45651472,29621552,29638240
jyasinzou_room_18,45654016,45677744,29638240,29650304
jyasinzou_room_19,45678592,45702624,29650304,29661024
jyasinzou_room_20,45703168,45736384,29661024,29676304
jyasinzou_room_21,45740032,45758032,29676304,29685744
jyasinzou_room_22,45760512,45773008,29685744,29692912
jyasinzou_room_23,45776896,45814160,29692912,29711936
jyasinzou_room_24,45817856,45843632,29711936,29723760
jyasinzou_room_25,45846528,45935472,29723760,29769872
jyasinzou_room_26,45936640,45988640,29769872,29797936
jyasinzou_room_27,45989888,46012096,29797936,29805712
jyasinzou_room_28,46014464,46049824,29805712,29823472
ice_doukutu_scene,46051328,46122512,29823472,29880736
ice_doukutu_room_0,46125056,46159456,29880736,29908208
ice_doukutu_room_1,46161920,46212416,29908208,29944288
ice_doukutu_room_2,46215168,46238448,29944288,29962384
ice_doukutu_room_3,46239744,46272640,29962384,29985232
ice_doukutu_room_4,46276608,46306928,29985232,30007792
ice_doukutu_room_5,46309376,46344336,30007792,30031296
ice_doukutu_room_6,46346240,46363232,30031296,30043376
ice_doukutu_room_7,46366720,46389488,30043376,30056512
ice_doukutu_room_8,46391296,46397776,30056512,30060240
ice_doukutu_room_9,46399488,46433872,30060240,30081584
ice_doukutu_room_10,46436352,46453728,30081584,30095472
ice_doukutu_room_11,46456832,46479616,30095472,30110848
malon_stable_scene,46481408,46483056,30110848,30111776
malon_stable_room_0,46485504,46674512,30111776,30142128
kakariko_scene,46678016,46681760,30142128,30144352
kakariko_room_0,46682112,46858176,30144352,30166992
bdan_boss_scene,46858240,46861888,30166992,30169376
bdan_boss_room_0,46862336,46874656,30169376,30176992
bdan_boss_room_1,46878720,46899392,30176992,30187840
FIRE_bs_scene,46903296,46922752,30187840,30200256
FIRE_bs_room_0,46923776,46940784,30200256,30209904
FIRE_bs_room_1,46944256,46972896,30209904,30225056
hut_scene,46972928,46974224,30225056,30225824
hut_room_0,46977024,47146400,30225824,30246864
daiyousei_izumi_scene,47149056,47206400,30246864,30274624
daiyousei_izumi_room_0,47206400,47221008,30274624,30280544
hakaana_scene,47222784,47225488,30280544,30282128
hakaana_room_0,47226880,47257808,30282128,30299728
yousei_izumi_tate_scene,47259648,47294480,30299728,30323408
yousei_izumi_tate_room_0,47296512,47313616,30323408,30330432
yousei_izumi_yoko_scene,47316992,47369632,30330432,30354464
yousei_izumi_yoko_room_0,47370240,47386640,30354464,30361344
golon_scene,47390720,47391648,30361344,30361936
golon_room_0,47394816,47550928,30361936,30380752
zoora_scene,47554560,47555472,30380752,30381344
zoora_room_0,47558656,47714784,30381344,30402432
drag_scene,47718400,47719408,30402432,30403056
drag_room_0,47722496,47902304,30403056,30428544
alley_shop_scene,47902720,47904176,30428544,30429440
alley_shop_room_0,47906816,48065584,30429440,30449072
night_shop_scene,48066560,48068208,30449072,30450144
night_shop_room_0,48070656,48236896,30450144,30471744
impa_scene,48238592,48241936,30471744,30473616
impa_room_0,48242688,48402336,30473616,30492096
labo_scene,48402432,48406256,30492096,30494192
labo_room_0,48406528,48588528,30494192,30522592
tent_scene,48590848,48592512,30522592,30523584
tent_room_0,48594944,48805536,30523584,30561088
nakaniwa_scene,48807936,48822816,30561088,30567488
nakaniwa_room_0,48824320,48922304,30567488,30625296
ddan_boss_scene,48922624,48932960,30625296,30634224
ddan_boss_room_0,48934912,48954928,30634224,30643472
ddan_boss_room_1,48955392,48971216,30643472,30653872
ydan_boss_scene,48971776,48977728,30653872,30658800
ydan_boss_room_0,48979968,49008624,30658800,30682992
ydan_boss_room_1,49008640,49035248,30682992,30698784
HAKAdan_bs_scene,49037312,49047424,30698784,30706048
HAKAdan_bs_room_0,49049600,49060320,30706048,30710336
HAKAdan_bs_room_1,49061888,49086288,30710336,30725216
MIZUsin_bs_scene,49086464,49093216,30725216,30728864
MIZUsin_bs_room_0,49094656,49112176,30728864,30740272
MIZUsin_bs_room_1,49115136,49160944,30740272,30763888
ganon_scene,49164288,49231792,30763888,30804336
ganon_room_0,49233920,49266384,30804336,30818000
ganon_room_1,49266688,49297264,30818000,30828992
ganon_room_2,49299456,49330256,30828992,30842208
ganon_room_3,49332224,49362736,30842208,30853904
ganon_room_4,49364992,49402064,30853904,30871872
ganon_room_5,49405952,49441552,30871872,30887840
ganon_room_6,49442816,49482656,30887840,30905456
ganon_room_7,49483776,49526688,30905456,30923424
ganon_room_8,49528832,49556448,30923424,30935984
ganon_room_9,49557504,49580320,30935984,30951232
ganon_boss_scene,49582080,49613856,30951232,30975456
ganon_boss_room_0,49614848,49639040,30975456,30981456
jyasinboss_scene,49639424,49675504,30981456,30999776
jyasinboss_room_0,49676288,49680336,30999776,31001936
jyasinboss_room_1,49680384,49712704,31001936,31018192
jyasinboss_room_2,49713152,49728960,31018192,31024736
jyasinboss_room_3,49729536,49776384,31024736,31053984
kokiri_home4_scene,49778688,49785520,31053984,31058048
kokiri_home4_room_0,49786880,50018640,31058048,31109792
kokiri_home5_scene,50020352,50025488,31109792,31112800
kokiri_home5_room_0,50028544,50229088,31112800,31151440
ganon_final_scene,50229248,50303360,31151440,31204848
ganon_final_room_0,50307072,50359984,31204848,31225392
kakariko3_scene,50360320,50362432,31225392,31226608
kakariko3_room_0,50364416,50537856,31226608,31253248
hakasitarelay_scene,50540544,50598512,31253248,31290592
hakasitarelay_room_0,50601984,50631360,31290592,31308432
hakasitarelay_room_1,50634752,50661152,31308432,31323408
hakasitarelay_room_2,50663424,50697392,31323408,31342032
hakasitarelay_room_3,50700288,50736352,31342032,31364560
hakasitarelay_room_4,50737152,50754688,31364560,31377616
hakasitarelay_room_5,50757632,50775120,31377616,31389936
hakasitarelay_room_6,50778112,50809520,31389936,31410208
shrine_scene,50810880,50816224,31410208,31413104
shrine_room_0,50819072,51157744,31413104,31468304
turibori_scene,51159040,51234528,31468304,31520912
turibori_room_0,51236864,51263328,31520912,31533152
shrine_n_scene,51265536,51270912,31533152,31536064
shrine_n_room_0,51273728,51612432,31536064,31578080
shrine_r_scene,51613696,51618960,31578080,31580880
shrine_r_room_0,51621888,51960560,31580880,31623760
ganontika_scene,51961856,52099008,31623760,31708256
ganontika_room_0,52101120,52138432,31708256,31721136
ganontika_room_1,52142080,52259248,31721136,31773600
ganontika_room_2,52260864,52291552,31773600,31789440
ganontika_room_3,52293632,52332944,31789440,31810128
ganontika_room_4,52334592,52366480,31810128,31825232
ganontika_room_5,52367360,52397376,31825232,31839344
ganontika_room_6,52400128,52464624,31839344,31861728
ganontika_room_7,52465664,52497552,31861728,31877344
ganontika_room_8,52498432,52535408,31877344,31892736
ganontika_room_9,52539392,52586640,31892736,31908128
ganontika_room_10,52588544,52616048,31908128,31920528
ganontika_room_11,52617216,52644176,31920528,31932720
ganontika_room_12,52645888,52691824,31932720,31952672
ganontika_room_13,52695040,52727104,31952672,31968464
ganontika_room_14,52727808,52769184,31968464,31985008
ganontika_room_15,52772864,52804928,31985008,32000800
ganontika_room_16,52805632,52817440,32000800,32005296
ganontika_room_17,52817920,52852384,32005296,32017312
ganontika_room_18,52854784,52905584,32017312,32036464
ganontika_room_19,52908032,52940096,32036464,32052240
hakaana2_scene,52940800,52994192,32052240,32091088
hakaana2_room_0,52998144,53024784,32091088,32101936
gerudoway_scene,53026816,53082400,32101936,32133632
gerudoway_room_0,53084160,53103936,32133632,32143424
gerudoway_room_1,53104640,53134000,32143424,32157792
gerudoway_room_2,53137408,53153360,32157792,32164240
gerudoway_room_3,53153792,53199632,32164240,32185328
gerudoway_room_4,53202944,53217568,32185328,32191616
gerudoway_room_5,53219328,53239360,32191616,32199536
HAKAdanCH_scene,53239808,53290336,32199536,32230320
HAKAdanCH_room_0,53293056,53380592,32230320,32272752
HAKAdanCH_room_1,53383168,53428944,32272752,32291696
HAKAdanCH_room_2,53432320,53445008,32291696,32296928
HAKAdanCH_room_3,53448704,53455968,32296928,32300512
HAKAdanCH_room_4,53456896,53466192,32300512,32306224
HAKAdanCH_room_5,53469184,53479776,32306224,32312496
HAKAdanCH_room_6,53481472,53493376,32312496,32321472
hairal_niwa_n_scene,53493760,53530864,32321472,32347104
hairal_niwa_n_room_0,53534720,53548576,32347104,32352096
bowling_scene,53551104,53611296,32352096,32386160
bowling_room_0,53612544,53637600,32386160,32396208
hakaana_ouke_scene,53641216,53660384,32396208,32407808
hakaana_ouke_room_0,53661696,53704704,32407808,32427232
hakaana_ouke_room_1,53706752,53725184,32427232,32437408
hakaana_ouke_room_2,53727232,53752080,32437408,32453520
hylia_labo_scene,53755904,53825680,32453520,32493152
hylia_labo_room_0,53829632,53859792,32493152,32504576
souko_scene,53862400,53890064,32504576,32520432
souko_room_0,53891072,53929280,32520432,32541168
souko_room_1,53932032,53974064,32541168,32562944
souko_room_2,53977088,54010240,32562944,32580384
miharigoya_scene,54013952,54064464,32580384,32610272
miharigoya_room_0,54067200,54082992,32610272,32615872
mahouya_scene,54083584,54127136,32615872,32644704
mahouya_room_0,54128640,54155920,32644704,32655216
takaraya_scene,54157312,54186416,32655216,32671056
takaraya_room_0,54190080,54230464,32671056,32692912
takaraya_room_1,54231040,54239232,32692912,32696800
takaraya_room_2,54239232,54247472,32696800,32700720
takaraya_room_3,54251520,54261792,32700720,32706272
takaraya_room_4,54263808,54276128,32706272,32713168
takaraya_room_5,54280192,54292480,32713168,32720016
takaraya_room_6,54292480,54303488,32720016,32725920
ganon_sonogo_scene,54304768,54337296,32725920,32744512
ganon_sonogo_room_0,54337536,54369920,32744512,32758528
ganon_sonogo_room_1,54370304,54401968,32758528,32772416
ganon_sonogo_room_2,54403072,54439072,32772416,32790672
ganon_sonogo_room_3,54439936,54462016,32790672,32800144
ganon_sonogo_room_4,54464512,54500592,32800144,32817808
ganon_demo_scene,54501376,54538352,32817808,32847792
ganon_demo_room_0,54542336,54559056,32847792,32856784
face_shop_scene,54562816,54563696,32856784,32857344
face_shop_room_0,54566912,54756928,32857344,32891904
kinsuta_scene,54759424,54765072,32891904,32895392
kinsuta_room_0,54767616,54825120,32895392,32935392
ganontikasonogo_scene,54829056,54848256,32935392,32946432
ganontikasonogo_room_0,54849536,54946688,32946432,32989568
ganontikasonogo_room_1,54947840,54988576,32989568,33006176
bump_texture_static,54988800,54989824,33006176,33006848
anime_model_1_static,54992896,54992912,33006848,33006880
anime_model_2_static,54996992,54997008,33006880,33006912
anime_model_3_static,55001088,55001104,33006912,33006944
anime_model_4_static,55005184,55005200,33006944,33006976
anime_model_5_static,55009280,55009296,33006976,33007008
anime_model_6_static,55013376,55013392,33007008,33007040
anime_texture_1_static,55017472,55017488,33007040,33007072
anime_texture_2_static,55021568,55021584,33007072,33007104
anime_texture_3_static,55025664,55025680,33007104,33007136
anime_texture_4_static,55029760,55029776,33007136,33007168
anime_texture_5_static,55033856,55033872,33007168,33007200
anime_texture_6_static,55037952,55037968,33007200,33007232
softsprite_matrix_static,55042048,55042112,33007232,33007264
