makerom,0,4192,0,0
boot,4192,29040,4192,0
dmadata,29040,53440,29040,0
Audiobank,53440,233088,53440,0
Audioseq,233088,559360,233088,0
Audiotable,559360,5086352,559360,0
kanji,5086352,5595024,5086352,0
link_animetion,5595136,8109104,5595024,0
icon_item_static,8110080,8669344,8108992,0
icon_item_24_static,8671232,8717312,8668256,0
icon_item_field_static,8720384,8767792,8714336,8741568
icon_item_dungeon_static,8769536,8777088,8741568,8743136
icon_item_gameover_static,8777728,8790784,8743136,8749024
icon_item_jpn_static,8794112,8850560,8749024,8770960
icon_item_nes_static,8851456,8907904,8770960,8793968
item_name_static,8908800,9160704,8793968,0
map_name_static,9162752,9299968,9045872,0
do_action_static,9302016,9324288,9183088,0
message_static,9326592,9343360,9205360,0
message_texture_static,9347072,9351680,9222128,0
nes_font_static,9355264,9373184,9226736,0
jpn_message_data_static,9375744,9614128,9244656,0
nes_message_data_static,9617408,9846848,9483040,0
staff_message_data_static,9850880,9854816,9712480,0
map_grand_static,9854976,9913168,9716416,0
map_48x85_static,9916416,10055136,9774608,0
map_i_static,10055680,11030800,9913328,0
code,11034624,12102240,10888448,11524768
ovl_title,12102240,12104368,11524768,11526368
ovl_select,12104368,12115760,11526368,11533248
ovl_opening,12115760,12116112,11533248,11533552
ovl_file_choose,12116112,12181488,11533552,11570160
ovl_kaleido_scope,12181488,12298096,11570160,11630912
ovl_player_actor,12298096,12455552,11630912,11734160
ovl_map_mark_data,12455552,12483040,11734160,11735104
ovl_En_Test,12483040,12505744,11735104,11748624
ovl_Arms_Hook,12505744,12509184,11748624,11751328
ovl_Arrow_Fire,12509184,12517088,11751328,11758176
ovl_Arrow_Ice,12517088,12525024,11758176,11764432
ovl_Arrow_Light,12525024,12532976,11764432,11770832
ovl_Bg_Bdan_Objects,12532976,12537792,11770832,11774192
ovl_Bg_Bdan_Switch,12537792,12542960,11774192,11777184
ovl_Bg_Bom_Guard,12542960,12543504,11777184,11777680
ovl_Bg_Bombwall,12543504,12545744,11777680,11779440
ovl_Bg_Bowl_Wall,12545744,12548176,11779440,11781520
ovl_Bg_Breakwall,12548176,12551872,11781520,11784432
ovl_Bg_Ddan_Jd,12551872,12553488,11784432,11785712
ovl_Bg_Ddan_Kd,12553488,12555776,11785712,11787472
ovl_Bg_Dodoago,12555776,12559168,11787472,11790128
ovl_Bg_Dy_Yoseizo,12559168,12570928,11790128,11798128
ovl_Bg_Ganon_Otyuka,12570928,12580720,11798128,11805584
ovl_Bg_Gate_Shutter,12580720,12581888,11805584,11806480
ovl_Bg_Gjyo_Bridge,12581888,12583152,11806480,11807552
ovl_Bg_Gnd_Darkmeiro,12583152,12585136,11807552,11809024
ovl_Bg_Gnd_Firemeiro,12585136,12586496,11809024,11810128
ovl_Bg_Gnd_Iceblock,12586496,12590832,11810128,11813008
ovl_Bg_Gnd_Nisekabe,12590832,12591200,11813008,11813344
ovl_Bg_Gnd_Soulmeiro,12591200,12593344,11813344,11815136
ovl_Bg_Haka,12593344,12595072,11815136,11816592
ovl_Bg_Haka_Gate,12595072,12599312,11816592,11819872
ovl_Bg_Haka_Huta,12599312,12602032,11819872,11822016
ovl_Bg_Haka_Megane,12602032,12603056,11822016,11822864
ovl_Bg_Haka_MeganeBG,12603056,12604784,11822864,11824224
ovl_Bg_Haka_Sgami,12604784,12607888,11824224,11826656
ovl_Bg_Haka_Ship,12607888,12610528,11826656,11828752
ovl_Bg_Haka_Trap,12610528,12616112,11828752,11832864
ovl_Bg_Haka_Tubo,12616112,12618704,11832864,11834976
ovl_Bg_Haka_Water,12618704,12620752,11834976,11836448
ovl_Bg_Haka_Zou,12620752,12625344,11836448,11839904
ovl_Bg_Heavy_Block,12625344,12631728,11839904,11844576
ovl_Bg_Hidan_Curtain,12631728,12634448,11844576,11846672
ovl_Bg_Hidan_Dalm,12634448,12636576,11846672,11848304
ovl_Bg_Hidan_Firewall,12636576,12638464,11848304,11849888
ovl_Bg_Hidan_Fslift,12638464,12639696,11849888,11850832
ovl_Bg_Hidan_Fwbig,12639696,12642992,11850832,11853488
ovl_Bg_Hidan_Hamstep,12642992,12646752,11853488,11856352
ovl_Bg_Hidan_Hrock,12646752,12648848,11856352,11858000
ovl_Bg_Hidan_Kousi,12648848,12650272,11858000,11859088
ovl_Bg_Hidan_Kowarerukabe,12650272,12654080,11859088,11861600
ovl_Bg_Hidan_Rock,12654080,12658432,11861600,11864896
ovl_Bg_Hidan_Rsekizou,12658432,12661472,11864896,11867168
ovl_Bg_Hidan_Sekizou,12661472,12666672,11867168,11871120
ovl_Bg_Hidan_Sima,12666672,12670512,11871120,11874144
ovl_Bg_Hidan_Syoku,12670512,12671632,11874144,11874928
ovl_Bg_Ice_Objects,12671632,12675536,11874928,11877552
ovl_Bg_Ice_Shelter,12675536,12680208,11877552,11881120
ovl_Bg_Ice_Shutter,12680208,12681344,11881120,11881984
ovl_Bg_Ice_Turara,12681344,12683440,11881984,11883712
ovl_Bg_Ingate,12683440,12684352,11883712,11884512
ovl_Bg_Jya_1flift,12684352,12686032,11884512,11885792
ovl_Bg_Jya_Amishutter,12686032,12686944,11885792,11886384
ovl_Bg_Jya_Bigmirror,12686944,12689072,11886384,11888192
ovl_Bg_Jya_Block,12689072,12689696,11888192,11888800
ovl_Bg_Jya_Bombchuiwa,12689696,12692576,11888800,11891008
ovl_Bg_Jya_Bombiwa,12692576,12694048,11891008,11892256
ovl_Bg_Jya_Cobra,12694048,12701536,11892256,11897760
ovl_Bg_Jya_Goroiwa,12701536,12703456,11897760,11899392
ovl_Bg_Jya_Haheniron,12703456,12705488,11899392,11901056
ovl_Bg_Jya_Ironobj,12705488,12708992,11901056,11903456
ovl_Bg_Jya_Kanaami,12708992,12709936,11903456,11904208
ovl_Bg_Jya_Lift,12709936,12711296,11904208,11905296
ovl_Bg_Jya_Megami,12711296,12715888,11905296,11909120
ovl_Bg_Jya_Zurerukabe,12715888,12717600,11909120,11910480
ovl_Bg_Menkuri_Eye,12717600,12718768,11910480,11911488
ovl_Bg_Menkuri_Kaiten,12718768,12719168,11911488,11911840
ovl_Bg_Menkuri_Nisekabe,12719168,12719504,11911840,11912128
ovl_Bg_Mizu_Bwall,12719504,12724832,11912128,11915664
ovl_Bg_Mizu_Movebg,12724832,12729312,11915664,11918944
ovl_Bg_Mizu_Shutter,12729312,12731360,11918944,11920544
ovl_Bg_Mizu_Uzu,12731360,12731824,11920544,11920928
ovl_Bg_Mizu_Water,12731824,12735104,11920928,11923232
ovl_Bg_Mjin,12735104,12736112,11923232,11924096
ovl_Bg_Mori_Bigst,12736112,12738464,11924096,11925744
ovl_Bg_Mori_Elevator,12738464,12741264,11925744,11927632
ovl_Bg_Mori_Hashigo,12741264,12743504,11927632,11929296
ovl_Bg_Mori_Hashira4,12743504,12744912,11929296,11930400
ovl_Bg_Mori_Hineri,12744912,12748320,11930400,11932928
ovl_Bg_Mori_Idomizu,12748320,12749920,11932928,11934192
ovl_Bg_Mori_Kaitenkabe,12749920,12751568,11934192,11935552
ovl_Bg_Mori_Rakkatenjo,12751568,12754000,11935552,11937280
ovl_Bg_Po_Event,12754000,12761728,11937280,11942992
ovl_Bg_Po_Syokudai,12761728,12764144,11942992,11944960
ovl_Bg_Pushbox,12764144,12764912,11944960,11945616
ovl_Bg_Relay_Objects,12764912,12766880,11945616,11947184
ovl_Bg_Spot00_Break,12766880,12767296,11947184,11947552
ovl_Bg_Spot00_Hanebasi,12767296,12771664,11947552,11951072
ovl_Bg_Spot01_Fusya,12771664,12772336,11951072,11951664
ovl_Bg_Spot01_Idohashira,12772336,12775408,11951664,11954016
ovl_Bg_Spot01_Idomizu,12775408,12776208,11954016,11954736
ovl_Bg_Spot01_Idosoko,12776208,12776736,11954736,11955184
ovl_Bg_Spot01_Objects2,12776736,12777952,11955184,11956224
ovl_Bg_Spot02_Objects,12777952,12782912,11956224,11959792
ovl_Bg_Spot03_Taki,12782912,12785248,11959792,11961552
ovl_Bg_Spot05_Soko,12785248,12786048,11961552,11962208
ovl_Bg_Spot06_Objects,12786048,12791168,11962208,11966064
ovl_Bg_Spot07_Taki,12791168,12792688,11966064,11967200
ovl_Bg_Spot08_Bakudankabe,12792688,12794384,11967200,11968656
ovl_Bg_Spot08_Iceblock,12794384,12798544,11968656,11971632
ovl_Bg_Spot09_Obj,12798544,12799856,11971632,11972624
ovl_Bg_Spot11_Bakudankabe,12799856,12801456,11972624,11974000
ovl_Bg_Spot11_Oasis,12801456,12803296,11974000,11975584
ovl_Bg_Spot12_Gate,12803296,12804336,11975584,11976368
ovl_Bg_Spot12_Saku,12804336,12805552,11976368,11977328
ovl_Bg_Spot15_Rrbox,12805552,12809104,11977328,11979904
ovl_Bg_Spot15_Saku,12809104,12809936,11979904,11980624
ovl_Bg_Spot16_Bombstone,12809936,12815392,11980624,11984944
ovl_Bg_Spot16_Doughnut,12815392,12816864,11984944,11986176
ovl_Bg_Spot17_Bakudankabe,12816864,12818640,11986176,11987696
ovl_Bg_Spot17_Funen,12818640,12819232,11987696,11988224
ovl_Bg_Spot18_Basket,12819232,12823312,11988224,11991312
ovl_Bg_Spot18_Futa,12823312,12823728,11991312,11991664
ovl_Bg_Spot18_Obj,12823728,12825984,11991664,11993280
ovl_Bg_Spot18_Shutter,12825984,12827344,11993280,11994336
ovl_Bg_Sst_Floor,12827344,12828720,11994336,11995600
ovl_Bg_Toki_Hikari,12828720,12832208,11995600,11997696
ovl_Bg_Toki_Swd,12832208,12837920,11997696,12000320
ovl_Bg_Treemouth,12837920,12843648,12000320,12003392
ovl_Bg_Umajump,12843648,12844048,12003392,12003760
ovl_Bg_Vb_Sima,12844048,12845872,12003760,12005376
ovl_Bg_Ydan_Hasi,12845872,12847840,12005376,12006944
ovl_Bg_Ydan_Maruta,12847840,12849600,12006944,12008352
ovl_Bg_Ydan_Sp,12849600,12855520,12008352,12012672
ovl_Bg_Zg,12855520,12856624,12012672,12013568
ovl_Boss_Dodongo,12856624,12896304,12013568,12038848
ovl_Boss_Fd,12896304,12925840,12038848,12058608
ovl_Boss_Fd2,12925840,12941504,12058608,12069712
ovl_Boss_Ganon,12941504,13081456,12069712,12157568
ovl_Boss_Ganon2,13081456,13151936,12157568,12200000
ovl_Boss_Ganondrof,13151936,13171792,12200000,12213168
ovl_Boss_Goma,13171792,13196272,12213168,12228032
ovl_Boss_Mo,13196272,13244096,12228032,12261344
ovl_Boss_Sst,13244096,13294672,12261344,12292928
ovl_Boss_Tw,13294672,13372832,12292928,12343616
ovl_Boss_Va,13372832,13432368,12343616,12382032
ovl_Demo_6K,13432368,13443984,12382032,12390576
ovl_Demo_Du,13443984,13458288,12390576,12397648
ovl_Demo_Ec,13458288,13472720,12397648,12403568
ovl_Demo_Effect,13472720,13496176,12403568,12418784
ovl_Demo_Ext,13496176,13498560,12418784,12420624
ovl_Demo_Geff,13498560,13500640,12420624,12422144
ovl_Demo_Gj,13500640,13516176,12422144,12429424
ovl_Demo_Go,13516176,13519584,12429424,12431792
ovl_Demo_Gt,13519584,13541616,12431792,12442928
ovl_Demo_Ik,13541616,13547008,12442928,12446288
ovl_Demo_Im,13547008,13563248,12446288,12454400
ovl_Demo_Kankyo,13563248,13578768,12454400,12463648
ovl_Demo_Kekkai,13578768,13583616,12463648,12467376
ovl_Demo_Sa,13583616,13594656,12467376,12472864
ovl_Demo_Shd,13594656,13603888,12472864,12479040
ovl_Demo_Tre_Lgt,13603888,13605696,12479040,12480560
ovl_Door_Ana,13605696,13607344,12480560,12481936
ovl_Door_Gerudo,13607344,13608864,12481936,12483216
ovl_Door_Killer,13608864,13614352,12483216,12487440
ovl_Door_Shutter,13614352,13623248,12487440,12493840
ovl_Door_Toki,13623248,13623600,12493840,12494128
ovl_Door_Warp1,13623600,13640752,12494128,12504000
ovl_Efc_Erupc,13640752,13643552,12504000,12506304
ovl_Eff_Dust,13643552,13648624,12506304,12509360
ovl_Effect_Ss_Blast,13648624,13649536,12509360,12510240
ovl_Effect_Ss_Bomb,13649536,13650608,12510240,12511232
ovl_Effect_Ss_Bomb2,13650608,13652912,12511232,12512944
ovl_Effect_Ss_Bubble,13652912,13654064,12512944,12513968
ovl_Effect_Ss_D_Fire,13654064,13655328,12513968,12515152
ovl_Effect_Ss_Dead_Db,13655328,13656576,12515152,12516352
ovl_Effect_Ss_Dead_Dd,13656576,13658000,12516352,12517664
ovl_Effect_Ss_Dead_Ds,13658000,13659152,12517664,12518736
ovl_Effect_Ss_Dead_Sound,13659152,13659472,12518736,12519056
ovl_Effect_Ss_Dt_Bubble,13659472,13660896,12519056,12520304
ovl_Effect_Ss_Dust,13660896,13663008,12520304,12522016
ovl_Effect_Ss_En_Fire,13663008,13664880,12522016,12523696
ovl_Effect_Ss_En_Ice,13664880,13667120,12523696,12525664
ovl_Effect_Ss_Extra,13667120,13668080,12525664,12526592
ovl_Effect_Ss_Fcircle,13668080,13669280,12526592,12527728
ovl_Effect_Ss_Fhg_Flash,13669280,13673248,12527728,12530304
ovl_Effect_Ss_Fire_Tail,13673248,13675040,12530304,12531920
ovl_Effect_Ss_G_Fire,13675040,13675696,12531920,12532528
ovl_Effect_Ss_G_Magma,13675696,13676304,12532528,12533104
ovl_Effect_Ss_G_Magma2,13676304,13677600,12533104,12534320
ovl_Effect_Ss_G_Ripple,13677600,13678976,12534320,12535568
ovl_Effect_Ss_G_Spk,13678976,13680432,12535568,12536880
ovl_Effect_Ss_G_Splash,13680432,13681632,12536880,12537856
ovl_Effect_Ss_Hahen,13681632,13683232,12537856,12539120
ovl_Effect_Ss_HitMark,13683232,13684592,12539120,12540320
ovl_Effect_Ss_Ice_Piece,13684592,13685680,12540320,12541344
ovl_Effect_Ss_Ice_Smoke,13685680,13686928,12541344,12542432
ovl_Effect_Ss_K_Fire,13686928,13688016,12542432,12543456
ovl_Effect_Ss_Kakera,13688016,13692256,12543456,12546592
ovl_Effect_Ss_KiraKira,13692256,13693904,12546592,12548032
ovl_Effect_Ss_Lightning,13693904,13695648,12548032,12549648
ovl_Effect_Ss_Sibuki,13695648,13697392,12549648,12551200
ovl_Effect_Ss_Sibuki2,13697392,13698208,12551200,12551968
ovl_Effect_Ss_Solder_Srch_Ball,13698208,13698640,12551968,12552384
ovl_Effect_Ss_Stick,13698640,13699568,12552384,12553232
ovl_Effect_Ss_Stone1,13699568,13700464,12553232,12554080
ovl_Elf_Msg,13700464,13701984,12554080,12555200
ovl_Elf_Msg2,13701984,13703120,12555200,12555968
ovl_En_Am,13703120,13712336,12555968,12562176
ovl_En_Ani,13712336,13715776,12562176,12564624
ovl_En_Anubice,13715776,13720560,12564624,12568160
ovl_En_Anubice_Fire,13720560,13724080,12568160,12571072
ovl_En_Anubice_Tag,13724080,13724800,12571072,12571696
ovl_En_Arow_Trap,13724800,13725136,12571696,12572016
ovl_En_Arrow,13725136,13731024,12572016,12576240
ovl_En_Attack_Niw,13731024,13735728,12576240,12579664
ovl_En_Ba,13735728,13743616,12579664,12584832
ovl_En_Bb,13743616,13759200,12584832,12596032
ovl_En_Bdfire,13759200,13762176,12596032,12598352
ovl_En_Bigokuta,13762176,13773184,12598352,12605824
ovl_En_Bili,13773184,13782096,12605824,12612032
ovl_En_Bird,13782096,13783312,12612032,12613024
ovl_En_Blkobj,13783312,13784688,12613024,12614176
ovl_En_Bom,13784688,13788480,12614176,12617168
ovl_En_Bom_Bowl_Man,13788480,13793920,12617168,12621168
ovl_En_Bom_Bowl_Pit,13793920,13796336,12621168,12623056
ovl_En_Bom_Chu,13796336,13802128,12623056,12627648
ovl_En_Bombf,13802128,13807392,12627648,12631744
ovl_En_Boom,13807392,13809648,12631744,12633600
ovl_En_Box,13809648,13816640,12633600,12638448
ovl_En_Brob,13816640,13820976,12638448,12641584
ovl_En_Bubble,13820976,13826128,12641584,12645520
ovl_En_Butte,13826128,13831712,12645520,12649568
ovl_En_Bw,13831712,13844912,12649568,12658448
ovl_En_Bx,13844912,13847728,12658448,12660912
ovl_En_Changer,13847728,13850256,12660912,12662784
ovl_En_Clear_Tag,13850256,13885952,12662784,12680160
ovl_En_Cow,13885952,13891168,12680160,12683520
ovl_En_Crow,13891168,13896960,12683520,12687808
ovl_En_Cs,13896960,13901616,12687808,12691360
ovl_En_Daiku,13901616,13907568,12691360,12695936
ovl_En_Daiku_Kakariko,13907568,13912624,12695936,12699744
ovl_En_Dekubaba,13912624,13927648,12699744,12709408
ovl_En_Dekunuts,13927648,13933792,12709408,12713440
ovl_En_Dh,13933792,13940672,12713440,12718432
ovl_En_Dha,13940672,13944768,12718432,12721456
ovl_En_Diving_Game,13944768,13951344,12721456,12726064
ovl_En_Dns,13951344,13956352,12726064,12729344
ovl_En_Dnt_Demo,13956352,13959712,12729344,12731984
ovl_En_Dnt_Jiji,13959712,13965120,12731984,12735248
ovl_En_Dnt_Nomal,13965120,13976896,12735248,12742336
ovl_En_Dodojr,13976896,13984736,12742336,12747792
ovl_En_Dodongo,13984736,13996416,12747792,12755792
ovl_En_Dog,13996416,14000944,12755792,12758992
ovl_En_Door,14000944,14004592,12758992,12762016
ovl_En_Ds,14004592,14007696,12762016,12764160
ovl_En_Du,14007696,14014496,12764160,12768848
ovl_En_Dy_Extra,14014496,14015936,12768848,12770112
ovl_En_Eg,14015936,14016368,12770112,12770464
ovl_En_Eiyer,14016368,14023632,12770464,12775632
ovl_En_Elf,14023632,14042512,12775632,12787920
ovl_En_Encount1,14042512,14045424,12787920,12790320
ovl_En_Encount2,14045424,14050080,12790320,12793920
ovl_En_Ex_Item,14050080,14054560,12793920,12797184
ovl_En_Ex_Ruppy,14054560,14058848,12797184,12800464
ovl_En_Fd,14058848,14070272,12800464,12808928
ovl_En_Fd_Fire,14070272,14073616,12808928,12811728
ovl_En_Fhg_Fire,14073616,14083504,12811728,12818800
ovl_En_Fire_Rock,14083504,14087872,12818800,12821984
ovl_En_Firefly,14087872,14096432,12821984,12827744
ovl_En_Fish,14096432,14104896,12827744,12833056
ovl_En_Floormas,14104896,14118176,12833056,12841232
ovl_En_Fr,14118176,14129072,12841232,12848960
ovl_En_Fu,14129072,14132464,12848960,12851632
ovl_En_Fw,14132464,14138544,12851632,12856544
ovl_En_Fz,14138544,14146752,12856544,12862352
ovl_En_G_Switch,14146752,14152928,12862352,12867104
ovl_En_Ganon_Mant,14152928,14169872,12867104,12874608
ovl_En_Ganon_Organ,14169872,14198608,12874608,12888576
ovl_En_Gb,14198608,14204544,12888576,12892976
ovl_En_Ge1,14204544,14212784,12892976,12898144
ovl_En_Ge2,14212784,14219344,12898144,12902640
ovl_En_Ge3,14219344,14222480,12902640,12904992
ovl_En_GeldB,14222480,14243904,12904992,12918240
ovl_En_GirlA,14243904,14254432,12918240,12923472
ovl_En_Gm,14254432,14257808,12923472,12926064
ovl_En_Go,14257808,14275792,12926064,12937680
ovl_En_Go2,14275792,14300432,12937680,12953584
ovl_En_Goma,14300432,14311872,12953584,12961168
ovl_En_Goroiwa,14311872,14321024,12961168,12967600
ovl_En_Gs,14321024,14328816,12967600,12973312
ovl_En_Guest,14328816,14331280,12973312,12975392
ovl_En_Hata,14331280,14332704,12975392,12976672
ovl_En_Heishi1,14332704,14338096,12976672,12980336
ovl_En_Heishi2,14338096,14346800,12980336,12985632
ovl_En_Heishi3,14346800,14349312,12985632,12987472
ovl_En_Heishi4,14349312,14353152,12987472,12990176
ovl_En_Hintnuts,14353152,14359856,12990176,12994704
ovl_En_Holl,14359856,14363904,12994704,12997680
ovl_En_Honotrap,14363904,14369376,12997680,13001728
ovl_En_Horse,14369376,14419136,13001728,13032448
ovl_En_Horse_Game_Check,14419136,14423440,13032448,13035552
ovl_En_Horse_Ganon,14423440,14426896,13035552,13038224
ovl_En_Horse_Link_Child,14426896,14434576,13038224,13042832
ovl_En_Horse_Normal,14434576,14444336,13042832,13049056
ovl_En_Horse_Zelda,14444336,14447136,13049056,13051312
ovl_En_Hs,14447136,14450112,13051312,13053424
ovl_En_Hs2,14450112,14451616,13053424,13054672
ovl_En_Hy,14451616,14466272,13054672,13063952
ovl_En_Ice_Hono,14466272,14470864,13063952,13067232
ovl_En_Ik,14470864,14488864,13067232,13077696
ovl_En_In,14488864,14500544,13077696,13086096
ovl_En_Insect,14500544,14510048,13086096,13092400
ovl_En_Ishi,14510048,14547248,13092400,13097360
ovl_En_It,14547248,14547648,13097360,13097664
ovl_En_Jj,14547648,14553232,13097664,13100816
ovl_En_Js,14553232,14555744,13100816,13102640
ovl_En_Jsjutan,14555744,14575664,13102640,13110176
ovl_En_Kakasi,14575664,14579056,13110176,13112768
ovl_En_Kakasi2,14579056,14580880,13112768,13114208
ovl_En_Kakasi3,14580880,14585200,13114208,13117344
ovl_En_Kanban,14585200,14597824,13117344,13125040
ovl_En_Karebaba,14597824,14604208,13125040,13129520
ovl_En_Ko,14604208,14620912,13129520,13139168
ovl_En_Kusa,14620912,14626256,13139168,13143088
ovl_En_Kz,14626256,14631792,13143088,13147184
ovl_En_Light,14631792,14635376,13147184,13149712
ovl_En_Lightbox,14635376,14636528,13149712,13150688
ovl_En_M_Fire1,14636528,14636944,13150688,13151024
ovl_En_M_Thunder,14636944,14642576,13151024,13155120
ovl_En_Ma1,14642576,14647408,13155120,13158720
ovl_En_Ma2,14647408,14651600,13158720,13161920
ovl_En_Ma3,14651600,14655616,13161920,13165024
ovl_En_Mag,14655616,14666160,13165024,13172384
ovl_En_Mb,14666160,14683104,13172384,13183392
ovl_En_Md,14683104,14692944,13183392,13189280
ovl_En_Mk,14692944,14696672,13189280,13191808
ovl_En_Mm,14696672,14702400,13191808,13196160
ovl_En_Mm2,14702400,14705920,13196160,13198832
ovl_En_Ms,14705920,14707696,13198832,13200288
ovl_En_Mu,14707696,14710032,13200288,13202272
ovl_En_Nb,14710032,14727904,13202272,13211616
ovl_En_Niw,14727904,14741008,13211616,13221056
ovl_En_Niw_Girl,14741008,14743776,13221056,13223440
ovl_En_Niw_Lady,14743776,14750176,13223440,13228032
ovl_En_Nutsball,14750176,14751744,13228032,13229440
ovl_En_Nwc,14751744,14754336,13229440,13231632
ovl_En_Ny,14754336,14760800,13231632,13236368
ovl_En_OE2,14760800,14761024,13236368,13236528
ovl_En_Okarina_Effect,14761024,14761984,13236528,13237280
ovl_En_Okarina_Tag,14761984,14767360,13237280,13240352
ovl_En_Okuta,14767360,14777056,13240352,13247088
ovl_En_Ossan,14777056,14803136,13247088,13261392
ovl_En_Owl,14803136,14818400,13261392,13270224
ovl_En_Part,14818400,14824128,13270224,13274432
ovl_En_Peehat,14824128,14838208,13274432,13283344
ovl_En_Po_Desert,14838208,14841728,13283344,13286240
ovl_En_Po_Field,14841728,14856576,13286240,13296608
ovl_En_Po_Relay,14856576,14862480,13296608,13301088
ovl_En_Po_Sisters,14862480,14882176,13301088,13313936
ovl_En_Poh,14882176,14899056,13313936,13324752
ovl_En_Pu_box,14899056,14899888,13324752,13325488
ovl_En_Rd,14899888,14910320,13325488,13332160
ovl_En_Reeba,14910320,14917088,13332160,13337040
ovl_En_River_Sound,14917088,14919536,13337040,13339040
ovl_En_Rl,14919536,14923344,13339040,13341376
ovl_En_Rr,14923344,14932864,13341376,13348304
ovl_En_Ru1,14932864,14963232,13348304,13364240
ovl_En_Ru2,14963232,14974880,13364240,13369952
ovl_En_Sa,14974880,14983696,13369952,13375680
ovl_En_Sb,14983696,14988880,13375680,13379136
ovl_En_Scene_Change,14988880,14989184,13379136,13379376
ovl_En_Sda,14989184,14994864,13379376,13383168
ovl_En_Shopnuts,14994864,14998720,13383168,13385840
ovl_En_Si,14998720,15000000,13385840,13386896
ovl_En_Siofuki,15000000,15003504,13386896,13389520
ovl_En_Skb,15003504,15009888,13389520,13394144
ovl_En_Skj,15009888,15024544,13394144,13403296
ovl_En_Skjneedle,15024544,15025328,13403296,13403984
ovl_En_Ssh,15025328,15035040,13403984,13410736
ovl_En_St,15035040,15046416,13410736,13418640
ovl_En_Sth,15046416,15062992,13418640,13429856
ovl_En_Stream,15062992,15064416,13429856,13431072
ovl_En_Sw,15064416,15078608,13431072,13441392
ovl_En_Syateki_Itm,15078608,15082096,13441392,13444048
ovl_En_Syateki_Man,15082096,15085616,13444048,13446640
ovl_En_Syateki_Niw,15085616,15093952,13446640,13452736
ovl_En_Ta,15093952,15108736,13452736,13461760
ovl_En_Takara_Man,15108736,15110976,13461760,13463680
ovl_En_Tana,15110976,15111664,13463680,13464256
ovl_En_Tg,15111664,15113424,13464256,13465744
ovl_En_Tite,15113424,15125104,13465744,13472832
ovl_En_Tk,15125104,15132832,13472832,13478512
ovl_En_Torch,15132832,15133072,13478512,13478736
ovl_En_Torch2,15133072,15143152,13478736,13486064
ovl_En_Toryo,15143152,15146368,13486064,13488432
ovl_En_Tp,15146368,15154160,13488432,13494096
ovl_En_Tr,15154160,15160560,13494096,13498704
ovl_En_Trap,15160560,15165328,13498704,13501840
ovl_En_Tubo_Trap,15165328,15168560,13501840,13504160
ovl_En_Vali,15168560,15178480,13504160,13510976
ovl_En_Vase,15178480,15178736,13510976,13511200
ovl_En_Vb_Ball,15178736,15183264,13511200,13514608
ovl_En_Viewer,15183264,15195200,13514608,13522656
ovl_En_Vm,15195200,15201536,13522656,13527152
ovl_En_Wall_Tubo,15201536,15202800,13527152,13528208
ovl_En_Wallmas,15202800,15209472,13528208,13532720
ovl_En_Weather_Tag,15209472,15213296,13532720,13534576
ovl_En_Weiyer,15213296,15219952,13534576,13538976
ovl_En_Wf,15219952,15237120,13538976,13550064
ovl_En_Wonder_Item,15237120,15240272,13550064,13552304
ovl_En_Wonder_Talk,15240272,15241952,13552304,13553664
ovl_En_Wonder_Talk2,15241952,15243648,13553664,13555104
ovl_En_Wood02,15243648,15248208,13555104,13558752
ovl_En_Xc,15248208,15274672,13558752,13572256
ovl_En_Yabusame_Mark,15274672,15276416,13572256,13573632
ovl_En_Yukabyun,15276416,15277968,13573632,13574992
ovl_En_Zf,15277968,15305328,13574992,13592544
ovl_En_Zl1,15305328,15321216,13592544,13600576
ovl_En_Zl2,15321216,15339392,13600576,13609792
ovl_En_Zl3,15339392,15371728,13609792,13626384
ovl_En_Zl4,15371728,15390720,13626384,13636080
ovl_En_Zo,15390720,15400384,13636080,13642784
ovl_En_fHG,15400384,15410928,13642784,13649760
ovl_End_Title,15410928,15427600,13649760,13656528
ovl_Fishing,15427600,15508192,13656528,13711184
ovl_Item_B_Heart,15508192,15509232,13711184,13712064
ovl_Item_Etcetera,15509232,15511488,13712064,13713744
ovl_Item_Inbox,15511488,15511840,13713744,13714016
ovl_Item_Ocarina,15511840,15513840,13714016,13715488
ovl_Item_Shield,15513840,15516416,13715488,13717536
ovl_Magic_Dark,15516416,15522640,13717536,13722464
ovl_Magic_Fire,15522640,15531600,13722464,13730464
ovl_Magic_Wind,15531600,15539024,13730464,13737008
ovl_Mir_Ray,15539024,15545344,13737008,13742112
ovl_Obj_Bean,15545344,15555472,13742112,13748464
ovl_Obj_Blockstop,15555472,15555888,13748464,13748848
ovl_Obj_Bombiwa,15555888,15557280,13748848,13750064
ovl_Obj_Comb,15557280,15559424,13750064,13751920
ovl_Obj_Dekujr,15559424,15561024,13751920,13753264
ovl_Obj_Elevator,15561024,15561984,13753264,13754000
ovl_Obj_Hamishi,15561984,15564112,13754000,13755808
ovl_Obj_Hana,15564112,15564896,13755808,13756448
ovl_Obj_Hsblock,15564896,15566384,13756448,13757648
ovl_Obj_Ice_Poly,15566384,15568864,13757648,13759680
ovl_Obj_Kibako,15568864,15572192,13759680,13761952
ovl_Obj_Kibako2,15572192,15573920,13761952,13763424
ovl_Obj_Lift,15573920,15576512,13763424,13765520
ovl_Obj_Lightswitch,15576512,15581680,13765520,13769056
ovl_Obj_Makekinsuta,15581680,15582016,13769056,13769376
ovl_Obj_Makeoshihiki,15582016,15583184,13769376,13770368
ovl_Obj_Mure,15583184,15587296,13770368,13773232
ovl_Obj_Mure2,15587296,15589888,13773232,13775152
ovl_Obj_Mure3,15589888,15591888,13775152,13776736
ovl_Obj_Oshihiki,15591888,15598720,13776736,13781488
ovl_Obj_Roomtimer,15598720,15599312,13781488,13782000
ovl_Obj_Switch,15599312,15606960,13782000,13786816
ovl_Obj_Syokudai,15606960,15610096,13786816,13789424
ovl_Obj_Timeblock,15610096,15613248,13789424,13791712
ovl_Obj_Tsubo,15613248,15617328,13791712,13794624
ovl_Obj_Warp2block,15617328,15620192,13794624,13796880
ovl_Object_Kankyo,15620192,15633120,13796880,13805952
ovl_Oceff_Spot,15633120,15637008,13805952,13809280
ovl_Oceff_Storm,15637008,15644096,13809280,13816064
ovl_Oceff_Wipe,15644096,15647552,13816064,13819072
ovl_Oceff_Wipe2,15647552,15653552,13819072,13822720
ovl_Oceff_Wipe3,15653552,15659520,13822720,13827456
ovl_Oceff_Wipe4,15659520,15663584,13827456,13830496
ovl_Shot_Sun,15663584,15665312,13830496,13831936
gameplay_keep,15667200,16043232,13831936,14026432
gameplay_field_keep,16044032,16098096,14026432,14063840
gameplay_dangeon_keep,16101376,16198384,14063840,14123968
gameplay_object_exchange_static,16199680,16199696,14123968,14124000
object_link_boy,16203776,16431104,14124000,14231600
object_link_child,16433152,16617344,14231600,14320064
object_box,16617472,16642048,14320064,14332816
object_human,16642048,16720256,14332816,14364576
object_okuta,16723968,16739456,14364576,14372320
object_poh,16740352,16761056,14372320,14385600
object_wallmaster,16764928,16806000,14385600,14412496
object_dy_obj,16809984,16930096,14412496,14487136
object_firefly,16932864,16939200,14487136,14490864
object_dodongo,16941056,16980288,14490864,14518576
object_fire,16982016,16998560,14518576,14525280
object_niw,17002496,17012032,14525280,14530128
object_tite,17014784,17029680,14530128,14540160
object_reeba,17031168,17039088,14540160,14545312
object_peehat,17039360,17046672,14545312,14548832
object_kingdodongo,17047552,17242336,14548832,14673792
object_horse,17244160,17301264,14673792,14716496
object_zf,17301504,17392544,14716496,14778848
object_goma,17395712,17519104,14778848,14870592
object_zl1,17522688,17605568,14870592,14914736
object_gol,17608704,17625632,14914736,14925872
object_bubble,17629184,17633472,14925872,14927760
object_dodojr,17637376,17645808,14927760,14933952
object_torch2,17649664,17667952,14933952,14942240
object_bl,17670144,17692752,14942240,14951552
object_tp,17694720,17702128,14951552,14956496
object_oA1,17702912,17721104,14956496,14965856
object_st,17723392,17746864,14965856,14978912
object_bw,17747968,17756768,14978912,14984288
object_ei,17760256,17773600,14984288,14991856
object_horse_normal,17776640,17817536,14991856,15024656
object_oB1,17817600,17843888,15024656,15036896
object_o_anime,17846272,17854800,15036896,15044064
object_spot04_objects,17858560,17864384,15044064,15047264
object_ddan_objects,17866752,17901408,15047264,15069536
object_hidan_objects,17903616,18001184,15069536,15118160
object_horse_ganon,18001920,18051216,15118160,15151904
object_oA2,18055168,18077392,15151904,15157072
object_spot00_objects,18079744,18086928,15157072,15159936
object_mb,18087936,18170272,15159936,15216160
object_bombf,18173952,18180608,15216160,15220160
object_sk2,18182144,18241536,15220160,15265888
object_oE1,18243584,18270224,15265888,15278464
object_oE_anime,18272256,18292832,15278464,15297920
object_oE2,18296832,18319984,15297920,15308912
object_ydan_objects,18321408,18358400,15308912,15337424
object_gnd,18362368,18440192,15337424,15396784
object_am,18440192,18463568,15396784,15408896
object_dekubaba,18464768,18479552,15408896,15419120
object_oA3,18481152,18489648,15419120,15423648
object_oA4,18493440,18499376,15423648,15426400
object_oA5,18501632,18507440,15426400,15429088
object_oA6,18509824,18516480,15429088,15432128
object_oA7,18518016,18523472,15432128,15434672
object_jj,18526208,18574016,15434672,15462704
object_oA8,18575360,18581424,15462704,15465328
object_oA9,18583552,18584864,15465328,15466288
object_oB2,18587648,18604256,15466288,15474704
object_oB3,18608128,18625680,15474704,15483440
object_oB4,18628608,18634864,15483440,15486336
object_horse_zelda,18636800,18665824,15486336,15505056
object_opening_demo1,18669568,18690144,15505056,15523744
object_warp1,18694144,18705584,15523744,15531952
object_b_heart,18706432,18708032,15531952,15533136
object_dekunuts,18710528,18724448,15533136,15541456
object_oE3,18726912,18755872,15541456,15554928
object_oE4,18759680,18780112,15554928,15564576
object_menkuri_objects,18780160,18815760,15564576,15589296
object_oE5,18817024,18838976,15589296,15600112
object_oE6,18841600,18853456,15600112,15606368
object_oE7,18853888,18864736,15606368,15612912
object_oE8,18866176,18879440,15612912,15619728
object_oE9,18882560,18894608,15619728,15624960
object_oE10,18894848,18905552,15624960,15630832
object_oE11,18907136,18919920,15630832,15636672
object_oE12,18923520,18937792,15636672,15643872
object_vali,18939904,18958416,15643872,15653552
object_oA10,18960384,18972336,15653552,15659200
object_oA11,18972672,18978240,15659200,15662032
object_mizu_objects,18980864,19026720,15662032,15689424
object_fhg,19030016,19099104,15689424,15734032
object_ossan,19099648,19139408,15734032,15751120
object_mori_hineri1,19140608,19162352,15751120,15759360
object_Bb,19165184,19171904,15759360,15763216
object_toki_objects,19173376,19207248,15763216,15780032
object_yukabyun,19210240,19215600,15780032,15782736
object_zl2,19218432,19287424,15782736,15814240
object_mjin,19288064,19292816,15814240,15816848
object_mjin_flash,19296256,19300352,15816848,15819456
object_mjin_dark,19300352,19304448,15819456,15822720
object_mjin_flame,19304448,19308544,15822720,15825552
object_mjin_ice,19308544,19312640,15825552,15828880
object_mjin_soul,19312640,19316736,15828880,15832176
object_mjin_wind,19316736,19320832,15832176,15835440
object_mjin_oka,19320832,19327840,15835440,15840640
object_haka_objects,19329024,19449520,15840640,15901872
object_spot06_objects,19451904,19463584,15901872,15910144
object_ice_objects,19464192,19500368,15910144,15935840
object_relay_objects,19501056,19514928,15935840,15945488
object_mori_hineri1a,19517440,19530944,15945488,15950416
object_mori_hineri2,19533824,19551232,15950416,15957024
object_mori_hineri2a,19554304,19579056,15957024,15966592
object_mori_objects,19582976,19618320,15966592,15983520
object_mori_tex,19619840,19660288,15983520,16007568
object_spot08_obj,19660800,19682816,16007568,16021200
object_warp2,19685376,19685392,16021200,16021232
object_hata,19689472,19701728,16021232,16027216
object_bird,19701760,19710368,16027216,16033088
object_wood02,19714048,19748816,16033088,16053200
object_lightbox,19750912,19758912,16053200,16055584
object_pu_box,19759104,19764736,16055584,16058192
object_trap,19767296,19776480,16058192,16065216
object_vase,19779584,19785104,16065216,16069472
object_im,19787776,19862064,16069472,16105568
object_ta,19865600,19923952,16105568,16138400
object_tk,19927040,19975760,16138400,16168128
object_xc,19976192,20093728,16168128,16250160
object_vm,20094976,20111216,16250160,16258496
object_bv,20111360,20233648,16258496,16317792
object_hakach_objects,20234240,20261616,16317792,16337280
object_efc_crystal_light,20262912,20265632,16337280,16339936
object_efc_fire_ball,20267008,20270336,16339936,16343120
object_efc_flash,20271104,20271120,16343120,16343152
object_efc_lgt_shower,20275200,20280016,16343152,16346864
object_efc_star_field,20283392,20289488,16346864,16351040
object_god_lgt,20291584,20308816,16351040,16362496
object_light_ring,20312064,20316800,16362496,16363904
object_triforce_spot,20320256,20330768,16363904,16370912
object_medal,20332544,20353344,16370912,16378144
object_bdan_objects,20357120,20409616,16378144,16410512
object_sd,20410368,20461280,16410512,16436672
object_rd,20463616,20525040,16436672,16473696
object_po_sisters,20525056,20583360,16473696,16506672
object_heavy_object,20586496,20593376,16506672,16510368
object_gndd,20594688,20666880,16510368,16548288
object_fd,20668416,20734576,16548288,16585248
object_du,20738048,20813360,16585248,16632624
object_fw,20815872,20848096,16632624,16654176
object_horse_link_child,20848640,20884256,16654176,16678576
object_spot02_objects,20885504,20977184,16678576,16728608
object_haka,20979712,20984928,16728608,16732880
object_ru1,20987904,21068416,16732880,16791520
object_syokudai,21069824,21085328,16791520,16800336
object_fd2,21086208,21158544,16800336,16847408
object_dh,21159936,21196992,16847408,16875712
object_rl,21200896,21232464,16875712,16891488
object_efc_tw,21233664,21238512,16891488,16896512
object_demo_tre_lgt,21241856,21241872,16896512,16896544
object_gi_key,21245952,21248544,16896544,16897776
object_mir_ray,21250048,21257472,16897776,16899840
object_brob,21258240,21265056,16899840,16903360
object_gi_jewel,21266432,21280384,16903360,16911792
object_spot09_obj,21282816,21383312,16911792,16971008
object_spot18_obj,21385216,21436944,16971008,17001008
object_bdoor,21438464,21468608,17001008,17018272
object_spot17_obj,21471232,21477424,17018272,17023168
object_shop_dungen,21479424,21494304,17023168,17032112
object_nb,21495808,21594592,17032112,17097536
object_mo,21598208,21630064,17097536,17114592
object_sb,21630976,21642400,17114592,17120192
object_gi_melody,21643264,21646624,17120192,17121680
object_gi_heart,21647360,21647856,17121680,17122080
object_gi_compass,21651456,21654800,17122080,17123760
object_gi_bosskey,21655552,21659664,17123760,17125632
object_gi_medal,21663744,21685104,17125632,17131936
object_gi_nuts,21688320,21692864,17131936,17134880
object_sa,21696512,21783088,17134880,17194240
object_gi_hearts,21786624,21792688,17194240,17196640
object_gi_arrowcase,21794816,21798064,17196640,17198320
object_gi_bombpouch,21798912,21802592,17198320,17200016
object_in,21803008,21904464,17200016,17256672
object_tr,21905408,21982768,17256672,17304544
object_spot16_obj,21983232,21988608,17304544,17308768
object_oE1s,21991424,22017376,17308768,17321536
object_oE4s,22020096,22040064,17321536,17331088
object_os_anime,22040576,22083136,17331088,17366272
object_gi_bottle,22085632,22087920,17366272,17367568
object_gi_stick,22089728,22091456,17367568,17368880
object_gi_map,22093824,22098272,17368880,17372208
object_oF1d_map,22102016,22168992,17372208,17412032
object_ru2,22171648,22235344,17412032,17446064
object_gi_shield_1,22237184,22240592,17446064,17448848
object_dekujr,22241280,22254864,17448848,17456000
object_gi_magicpot,22257664,22262224,17456000,17458144
object_gi_bomb_1,22265856,22269104,17458144,17459696
object_oF1s,22269952,22304928,17459696,17476704
object_ma2,22306816,22347504,17476704,17499632
object_gi_purse,22347776,22354800,17499632,17506016
object_hni,22355968,22400880,17506016,17541520
object_tw,22401024,22637488,17541520,17690816
object_rr,22638592,22642176,17690816,17693296
object_bxa,22642688,22653936,17693296,17701040
object_anubice,22654976,22669728,17701040,17709728
object_gi_gerudo,22671360,22676288,17709728,17712896
object_gi_arrow,22679552,22686480,17712896,17715600
object_gi_bomb_2,22687744,22689440,17715600,17716800
object_gi_egg,22691840,22696736,17716800,17719312
object_gi_scale,22700032,22703600,17719312,17721200
object_gi_shield_2,22704128,22708336,17721200,17723616
object_gi_hookshot,22712320,22717792,17723616,17726464
object_gi_ocarina,22720512,22723504,17726464,17728304
object_gi_milk,22724608,22729840,17728304,17730720
object_ma1,22732800,22769024,17730720,17748912
object_ganon,22769664,22835456,17748912,17777536
object_sst,22839296,22943664,17777536,17817008
object_ny,22945792,22954352,17817008,17820880
object_fr,22958080,23004336,17820880,17838768
object_gi_pachinko,23007232,23010400,17838768,17840624
object_gi_boomerang,23011328,23014816,17840624,17842656
object_gi_bow,23015424,23018800,17842656,17844800
object_gi_glasses,23019520,23024000,17844800,17846864
object_gi_liquid,23027712,23034064,17846864,17849568
object_ani,23035904,23066368,17849568,17865344
object_demo_6k,23068672,23083936,17865344,17875104
object_gi_shield_3,23085056,23089856,17875104,17876976
object_gi_letter,23093248,23096832,17876976,17879312
object_spot15_obj,23097344,23104768,17879312,17883248
object_jya_obj,23105536,23220544,17883248,17938240
object_gi_clothes,23224320,23230560,17938240,17941904
object_gi_bean,23232512,23234752,17941904,17943408
object_gi_fish,23236608,23238992,17943408,17944880
object_gi_saw,23240704,23243648,17944880,17946656
object_gi_hammer,23244800,23248064,17946656,17948368
object_gi_grass,23248896,23251984,17948368,17950368
object_gi_longsword,23252992,23255232,17950368,17951808
object_spot01_objects,23257088,23266448,17951808,17958688
object_md,23269376,23310672,17958688,17981968
object_km1,23314432,23337408,17981968,17992112
object_kw1,23339008,23365856,17992112,18003680
object_zo,23367680,23416896,18003680,18028208
object_kz,23420928,23455456,18028208,18043024
object_umajump,23457792,23463024,18043024,18045984
object_masterkokiri,23465984,23467200,18045984,18047120
object_masterkokirihead,23470080,23481504,18047120,18052368
object_mastergolon,23482368,23482640,18052368,18052592
object_masterzoora,23486464,23488416,18052592,18054688
object_aob,23490560,23512752,18054688,18063040
object_ik,23515136,23647696,18063040,18157040
object_ahg,23650304,23673264,18157040,18168368
object_cne,23674880,23685584,18168368,18172992
object_gi_niwatori,23687168,23693808,18172992,18177168
object_skj,23695360,23731760,18177168,18202656
object_gi_bottle_letter,23732224,23735424,18202656,18204640
object_bji,23736320,23753104,18204640,18212272
object_bba,23756800,23773840,18212272,18219648
object_gi_ocarina_0,23777280,23780368,18219648,18221664
object_ds,23781376,23799680,18221664,18232400
object_ane,23801856,23830448,18232400,18244192
object_boj,23830528,23854272,18244192,18255984
object_spot03_object,23855104,23860832,18255984,18259392
object_spot07_object,23863296,23891248,18259392,18278416
object_fz,23891968,23905488,18278416,18283040
object_bob,23908352,23928608,18283040,18290608
object_ge1,23928832,23970992,18290608,18309664
object_yabusame_point,23973888,23977552,18309664,18311136
object_gi_boots_2,23977984,23985088,18311136,18314848
object_gi_seed,23986176,23988928,18314848,18316704
object_gnd_magic,23990272,23995008,18316704,18321024
object_d_elevator,23998464,24003472,18321024,18325952
object_d_hsblock,24006656,24012640,18325952,18330736
object_d_lift,24014848,24020992,18330736,18336656
object_mamenoki,24023040,24032992,18336656,18344800
object_goroiwa,24035328,24041632,18344800,18348208
object_toryo,24043520,24072544,18348208,18362128
object_daiku,24076288,24111216,18362128,18381792
object_nwc,24113152,24116640,18381792,18384528
object_blkobj,24117248,24197264,18384528,18432272
object_gm,24199168,24199888,18432272,18432864
object_ms,24203264,24219088,18432864,18441216
object_hs,24219648,24244848,18441216,18454384
object_ingate,24248320,24252912,18454384,18456336
object_lightswitch,24256512,24265760,18456336,18461600
object_kusa,24268800,24269696,18461600,18462192
object_tsubo,24272896,24279536,18462192,18467872
object_gi_gloves,24281088,24287584,18467872,18470976
object_gi_coin,24289280,24291408,18470976,18472128
object_kanban,24293376,24299440,18472128,18473808
object_gjyo_objects,24301568,24307184,18473808,18477088
object_owl,24309760,24375488,18477088,18507408
object_mk,24379392,24403456,18507408,18519056
object_fu,24403968,24431776,18519056,18533504
object_gi_ki_tan_mask,24432640,24436208,18533504,18535504
object_gi_redead_mask,24436736,24439440,18535504,18536848
object_gi_skj_mask,24440832,24444128,18536848,18538800
object_gi_rabit_mask,24444928,24448768,18538800,18540832
object_gi_truth_mask,24449024,24455264,18540832,18544000
object_ganon_objects,24457216,24461680,18544000,18546368
object_siofuki,24465408,24468912,18546368,18548096
object_stream,24469504,24472192,18548096,18549552
object_mm,24473600,24506480,18549552,18567680
object_fa,24510464,24525712,18567680,18573760
object_os,24526848,24544880,18573760,18583904
object_gi_eye_lotion,24547328,24549744,18583904,18585248
object_gi_powder,24551424,24554368,18585248,18586992
object_gi_mushroom,24555520,24558800,18586992,18588592
object_gi_ticketstone,24559616,24564384,18588592,18591536
object_gi_brokensword,24567808,24570256,18591536,18592912
object_js,24571904,24596272,18592912,18605504
object_cs,24596480,24630608,18605504,18622112
object_gi_prescription,24633344,24636448,18622112,18623488
object_gi_bracelet,24637440,24640496,18623488,18624992
object_gi_soldout,24641536,24642768,18624992,18625648
object_gi_frog,24645632,24650000,18625648,18628080
object_mag,24653824,24784960,18628080,18672976
object_door_gerudo,24788992,24791456,18672976,18674128
object_gt,24793088,24872432,18674128,18721648
object_efc_erupc,24875008,24885488,18721648,18727712
object_zl2_anime1,24887296,24933904,18727712,18763056
object_zl2_anime2,24936448,24980192,18763056,18800128
object_gi_golonmask,24981504,24987568,18800128,18804080
object_gi_zoramask,24989696,24995376,18804080,18807440
object_gi_gerudomask,24997888,25003008,18807440,18811120
object_ganon2,25006080,25221104,18811120,18970368
object_ka,25223168,25249728,18970368,18980160
object_ts,25251840,25272304,18980160,18989968
object_zg,25272320,25276928,18989968,18990688
object_gi_hoverboots,25280512,25288304,18990688,18995088
object_gi_m_arrow,25288704,25292416,18995088,18996816
object_ds2,25292800,25309808,18996816,19005328
object_ec,25313280,25364784,19005328,19049952
object_fish,25366528,25454064,19049952,19094752
object_gi_sutaru,25456640,25458256,19094752,19095664
object_gi_goddess,25460736,25463888,19095664,19097072
object_ssh,25464832,25488384,19097072,19109584
object_bigokuta,25489408,25517008,19109584,19125072
object_bg,25518080,25547456,19125072,19140256
object_spot05_objects,25550848,25555696,19140256,19143760
object_spot12_obj,25559040,25568192,19143760,19148624
object_bombiwa,25571328,25574144,19148624,19151344
object_hintnuts,25575424,25588032,19151344,19160064
object_rs,25591808,25610368,19160064,19169600
object_spot00_break,25612288,25620000,19169600,19175232
object_gla,25620480,25661168,19175232,19199888
object_shopnuts,25661440,25679248,19199888,19211280
object_geldb,25681920,25728752,19211280,19240496
object_gr,25731072,25771152,19240496,19253440
object_dog,25772032,25801376,19253440,19268304
object_jya_iron,25804800,25814624,19268304,19272128
object_jya_door,25817088,25825920,19272128,19275824
object_spot01_objects2,25829376,25829392,19275824,19275856
object_spot11_obj,25833472,25840272,19275856,19281056
object_kibako2,25841664,25845952,19281056,19284720
object_dns,25849856,25864144,19284720,19294096
object_dnk,25866240,25878064,19294096,19301504
object_gi_fire,25878528,25882592,19301504,19304032
object_gi_insect,25882624,25885680,19304032,19305888
object_gi_butterfly,25886720,25889744,19305888,19307728
object_gi_ghost,25890816,25894320,19307728,19310176
object_gi_soul,25894912,25898928,19310176,19312256
object_bowl,25899008,25912560,19312256,19317616
object_po_field,25915392,25942592,19317616,19334368
object_demo_kekkai,25944064,26004752,19334368,19369936
object_efc_doughnut,26005504,26009680,19369936,19372192
object_gi_dekupouch,26013696,26017872,19372192,19374832
object_ganon_anime1,26021888,26070080,19374832,19423376
object_ganon_anime2,26071040,26137904,19423376,19479264
object_ganon_anime3,26140672,26224624,19479264,19549744
object_gi_rupy,26226688,26228736,19549744,19550800
object_spot01_matoya,26230784,26246288,19550800,19562048
object_spot01_matoyab,26247168,26255840,19562048,19567472
object_po_composer,26259456,26288032,19567472,19584560
object_mu,26288128,26332752,19584560,19607888
object_wf,26333184,26375424,19607888,19632736
object_skb,26378240,26396688,19632736,19646160
object_gj,26398720,26441504,19646160,19679568
object_geff,26443776,26447792,19679568,19682960
object_haka_door,26447872,26462576,19682960,19689632
object_gs,26464256,26466944,19689632,19692432
object_ps,26468352,26519808,19692432,19718064
object_bwall,26521600,26526032,19718064,19721104
object_crow,26529792,26534096,19721104,19723072
object_cow,26537984,26558128,19723072,19733664
object_cob,26558464,26567184,19733664,19736992
object_gi_sword_1,26570752,26574112,19736992,19738832
object_door_killer,26574848,26581984,19738832,19740752
object_ouke_haka,26583040,26585456,19740752,19743136
object_timeblock,26587136,26590048,19743136,19745840
object_zl4,26591232,26709536,19745840,19824880
g_pn_01,26710016,26716928,19824880,19827200
g_pn_02,26718208,26725120,19827200,19829616
g_pn_03,26726400,26733312,19829616,19831728
g_pn_04,26734592,26741504,19831728,19834032
g_pn_05,26742784,26749696,19834032,19836352
g_pn_06,26750976,26757888,19836352,19839264
g_pn_07,26759168,26766080,19839264,19842704
g_pn_08,26767360,26774272,19842704,19845584
g_pn_09,26775552,26782464,19845584,19848544
g_pn_10,26783744,26790656,19848544,19850512
g_pn_11,26791936,26798848,19850512,19853648
g_pn_12,26800128,26807040,19853648,19856112
g_pn_13,26808320,26815232,19856112,19858912
g_pn_14,26816512,26823424,19858912,19861392
g_pn_15,26824704,26831616,19861392,19863760
g_pn_16,26832896,26839808,19863760,19865968
g_pn_17,26841088,26848000,19865968,19867488
g_pn_18,26849280,26856192,19867488,19869424
g_pn_19,26857472,26864384,19869424,19871664
g_pn_20,26865664,26872576,19871664,19873872
g_pn_21,26873856,26880768,19873872,19876032
g_pn_22,26882048,26888960,19876032,19878560
g_pn_23,26890240,26897152,19878560,19880352
g_pn_24,26898432,26905344,19880352,19882288
g_pn_25,26906624,26913536,19882288,19884848
g_pn_26,26914816,26921728,19884848,19887888
g_pn_27,26923008,26929920,19887888,19890096
g_pn_28,26931200,26938112,19890096,19892368
g_pn_29,26939392,26946304,19892368,19894000
g_pn_30,26947584,26954496,19894000,19895872
g_pn_31,26955776,26962688,19895872,19898096
g_pn_32,26963968,26970880,19898096,19900256
g_pn_33,26972160,26979072,19900256,19902384
g_pn_34,26980352,26987264,19902384,19904608
g_pn_35,26988544,26995456,19904608,19906976
g_pn_36,26996736,27003648,19906976,19909120
g_pn_37,27004928,27011840,19909120,19911792
g_pn_38,27013120,27020032,19911792,19914128
g_pn_39,27021312,27028224,19914128,19917088
g_pn_40,27029504,27036416,19917088,19920080
g_pn_41,27037696,27044608,19920080,19922160
g_pn_42,27045888,27052800,19922160,19924448
g_pn_43,27054080,27060992,19924448,19926848
g_pn_44,27062272,27069184,19926848,19929424
g_pn_45,27070464,27077376,19929424,19931760
g_pn_46,27078656,27085568,19931760,19933664
g_pn_47,27086848,27093760,19933664,19936720
g_pn_48,27095040,27101952,19936720,19938272
g_pn_49,27103232,27110144,19938272,19941024
g_pn_50,27111424,27118336,19941024,19943552
g_pn_51,27119616,27126528,19943552,19945808
g_pn_52,27127808,27134720,19945808,19948416
g_pn_53,27136000,27142912,19948416,19950944
g_pn_54,27144192,27151104,19950944,19953248
g_pn_55,27152384,27159296,19953248,19955872
g_pn_56,27160576,27167488,19955872,19958256
g_pn_57,27168768,27175680,19958256,19958768
z_select_static,27176960,27185664,19958768,19960800
nintendo_rogo_static,27189248,27200960,19960800,19966800
title_static,27201536,27436480,19966800,20101040
parameter_static,27439104,27454208,20101040,20105328
vr_fine0_static,27455488,27504640,20105328,20116224
vr_fine0_pal_static,27504640,27504896,20116224,0
vr_fine1_static,27508736,27557888,20116480,20141488
vr_fine1_pal_static,27557888,27558144,20141488,0
vr_fine2_static,27561984,27611136,20141744,20162144
vr_fine2_pal_static,27611136,27611392,20162144,0
vr_fine3_static,27615232,27664384,20162400,20178000
vr_fine3_pal_static,27664384,27664640,20178000,0
vr_cloud0_static,27668480,27717632,20178256,20205872
vr_cloud0_pal_static,27717632,27717888,20205872,0
vr_cloud1_static,27721728,27770880,20206128,20234608
vr_cloud1_pal_static,27770880,27771136,20234608,0
vr_cloud2_static,27774976,27824128,20234864,20264368
vr_cloud2_pal_static,27824128,27824384,20264368,0
vr_cloud3_static,27828224,27877376,20264624,20284736
vr_cloud3_pal_static,27877376,27877632,20284736,0
vr_holy0_static,27881472,27947008,20284992,20311888
vr_holy0_pal_static,27947008,27947264,20311888,0
vr_holy1_static,27951104,28016640,20312144,20338960
vr_holy1_pal_static,28016640,28016896,20338960,0
vr_MDVR_static,28020736,28282880,20339216,20522576
vr_MDVR_pal_static,28282880,28284928,20522576,0
vr_MNVR_static,28286976,28549120,20524624,20680544
vr_MNVR_pal_static,28549120,28551168,20680544,0
vr_RUVR_static,28553216,28815360,20682592,20901824
vr_RUVR_pal_static,28815360,28817408,20901824,0
vr_LHVR_static,28819456,29081600,20903872,21153824
vr_LHVR_pal_static,29081600,29083648,21153824,0
vr_KHVR_static,29085696,29347840,21155872,21393088
vr_KHVR_pal_static,29347840,29349888,21393088,0
vr_K3VR_static,29351936,29548544,21395136,21570048
vr_K3VR_pal_static,29548544,29550080,21570048,0
vr_K4VR_static,29552640,29749248,21571584,21754752
vr_K4VR_pal_static,29749248,29750784,21754752,0
vr_K5VR_static,29753344,29949952,21756288,21931120
vr_K5VR_pal_static,29949952,29951488,21931120,0
vr_SP1a_static,29954048,30085120,21932656,21992784
vr_SP1a_pal_static,30085120,30086144,21992784,0
vr_MLVR_static,30089216,30351360,21993808,22227360
vr_MLVR_pal_static,30351360,30353408,22227360,0
vr_KKRVR_static,30355456,30617600,22229408,22373552
vr_KKRVR_pal_static,30617600,30619648,22373552,0
vr_KR3VR_static,30621696,30818304,22375600,22488320
vr_KR3VR_pal_static,30818304,30819840,22488320,0
vr_IPVR_static,30822400,31084544,22489856,22631328
vr_IPVR_pal_static,31084544,31086592,22631328,0
vr_KSVR_static,31088640,31219712,22633376,22731952
vr_KSVR_pal_static,31219712,31220736,22731952,0
vr_GLVR_static,31223808,31354880,22732976,22848368
vr_GLVR_pal_static,31354880,31355904,22848368,0
vr_ZRVR_static,31358976,31490048,22849392,22947200
vr_ZRVR_pal_static,31490048,31491072,22947200,0
vr_DGVR_static,31494144,31625216,22948224,23031904
vr_DGVR_pal_static,31625216,31626240,23031904,0
vr_ALVR_static,31629312,31760384,23032928,23131632
vr_ALVR_pal_static,31760384,31761408,23131632,0
vr_NSVR_static,31764480,31895552,23132656,23220480
vr_NSVR_pal_static,31895552,31896576,23220480,0
vr_LBVR_static,31899648,32161792,23221504,23400208
vr_LBVR_pal_static,32161792,32163840,23400208,0
vr_TTVR_static,32165888,32362496,23402256,23536768
vr_TTVR_pal_static,32362496,32364032,23536768,0
vr_FCVR_static,32366592,32497664,23538304,23613328
vr_FCVR_pal_static,32497664,32498688,23613328,0
elf_message_field,32501760,32501872,23614352,23614496
elf_message_ydan,32505856,32505872,23614496,23614528
ydan_scene,32509952,32565776,23614528,23647984
ydan_room_0,32567296,32654064,23647984,23701520
ydan_room_1,32657408,32674128,23701520,23715168
ydan_room_2,32677888,32702000,23715168,23732704
ydan_room_3,32702464,32784800,23732704,23788640
ydan_room_4,32788480,32807888,23788640,23802960
ydan_room_5,32808960,32842528,23802960,23826624
ydan_room_6,32845824,32865984,23826624,23842176
ydan_room_7,32866304,32901392,23842176,23870752
ydan_room_8,32903168,32906496,23870752,23872944
ydan_room_9,32907264,32946336,23872944,23904384
ydan_room_10,32948224,32968064,23904384,23917920
ydan_room_11,32968704,32997744,23917920,23935568
ddan_scene,33001472,33087808,23935568,23986656
ddan_room_0,33091584,33204384,23986656,24041072
ddan_room_1,33206272,33245952,24041072,24062800
ddan_room_2,33247232,33279392,24062800,24081088
ddan_room_3,33280000,33336768,24081088,24111088
ddan_room_4,33337344,33376336,24111088,24130720
ddan_room_5,33378304,33402592,24130720,24144096
ddan_room_6,33402880,33412096,24144096,24150272
ddan_room_7,33415168,33445584,24150272,24165296
ddan_room_8,33447936,33485824,24165296,24189184
ddan_room_9,33488896,33535312,24189184,24214816
ddan_room_10,33538048,33570384,24214816,24234624
ddan_room_11,33570816,33579136,24234624,24239936
ddan_room_12,33583104,33617712,24239936,24260544
ddan_room_13,33619968,33629312,24260544,24266800
ddan_room_14,33632256,33641616,24266800,24273008
ddan_room_15,33644544,33654864,24273008,24280080
ddan_room_16,33656832,33678672,24280080,24296032
bdan_scene,33681408,33769408,24296032,24352672
bdan_room_0,33771520,33788016,24352672,24361536
bdan_room_1,33792000,33816208,24361536,24371104
bdan_room_2,33816576,33853904,24371104,24392384
bdan_room_3,33857536,33886560,24392384,24411216
bdan_room_4,33890304,33906768,24411216,24419232
bdan_room_5,33910784,33935392,24419232,24434864
bdan_room_6,33939456,33956416,24434864,24442144
bdan_room_7,33959936,33973536,24442144,24449520
bdan_room_8,33976320,33990784,24449520,24454528
bdan_room_9,33992704,34008176,24454528,24460640
bdan_room_10,34009088,34023472,24460640,24465584
bdan_room_11,34025472,34039808,24465584,24470560
bdan_room_12,34041856,34057424,24470560,24476752
bdan_room_13,34058240,34069328,24476752,24485152
bdan_room_14,34070528,34095584,24485152,24499744
bdan_room_15,34099200,34109152,24499744,24503440
Bmori1_scene,34111488,34201488,24503440,24556256
Bmori1_room_0,34201600,34257760,24556256,24591184
Bmori1_room_1,34258944,34282320,24591184,24603024
Bmori1_room_2,34283520,34347424,24603024,24633472
Bmori1_room_3,34349056,34363888,24633472,24640608
Bmori1_room_4,34365440,34378416,24640608,24645552
Bmori1_room_5,34381824,34395584,24645552,24652544
Bmori1_room_6,34398208,34436128,24652544,24667536
Bmori1_room_7,34439168,34516848,24667536,24706672
Bmori1_room_8,34516992,34613904,24706672,24753920
Bmori1_room_9,34615296,34656560,24753920,24773520
Bmori1_room_10,34660352,34681808,24773520,24787056
Bmori1_room_11,34684928,34728800,24787056,24804608
Bmori1_room_12,34729984,34763728,24804608,24822432
Bmori1_room_13,34766848,34802336,24822432,24840528
Bmori1_room_14,34803712,34827072,24840528,24852352
Bmori1_room_15,34828288,34838160,24852352,24858832
Bmori1_room_16,34840576,34860960,24858832,24868368
Bmori1_room_17,34861056,34898112,24868368,24883968
Bmori1_room_18,34902016,34906944,24883968,24886624
Bmori1_room_19,34910208,34911504,24886624,24887424
Bmori1_room_20,34914304,34919168,24887424,24890912
Bmori1_room_21,34922496,34928512,24890912,24894048
Bmori1_room_22,34930688,34938336,24894048,24897456
HIDAN_scene,34938880,35047792,24897456,24961056
HIDAN_room_0,35049472,35078848,24961056,24974624
HIDAN_room_1,35082240,35133920,24974624,25000080
HIDAN_room_2,35135488,35200976,25000080,25028608
HIDAN_room_3,35201024,35210464,25028608,25033696
HIDAN_room_4,35213312,35244176,25033696,25048224
HIDAN_room_5,35246080,35287600,25048224,25064960
HIDAN_room_6,35291136,35319712,25064960,25079856
HIDAN_room_7,35319808,35334624,25079856,25087312
HIDAN_room_8,35336192,35375808,25087312,25107632
HIDAN_room_9,35377152,35411824,25107632,25122944
HIDAN_room_10,35414016,35513504,25122944,25163840
HIDAN_room_11,35516416,35530688,25163840,25170928
HIDAN_room_12,35532800,35543936,25170928,25175808
HIDAN_room_13,35545088,35597280,25175808,25196048
HIDAN_room_14,35598336,35607136,25196048,25200736
HIDAN_room_15,35610624,35615184,25200736,25203200
HIDAN_room_16,35618816,35666288,25203200,25227456
HIDAN_room_17,35667968,35705152,25227456,25243680
HIDAN_room_18,35708928,35724160,25243680,25251824
HIDAN_room_19,35725312,35742176,25251824,25260272
HIDAN_room_20,35745792,35773712,25260272,25274512
HIDAN_room_21,35774464,35808448,25274512,25293008
HIDAN_room_22,35811328,35838720,25293008,25306960
HIDAN_room_23,35840000,35867936,25306960,25321264
HIDAN_room_24,35868672,35890496,25321264,25331488
HIDAN_room_25,35893248,35920608,25331488,25345968
HIDAN_room_26,35921920,35948704,25345968,25357568
MIZUsin_scene,35950592,36039920,25357568,25405952
MIZUsin_room_0,36040704,36129920,25405952,25451152
MIZUsin_room_1,36130816,36172128,25451152,25471248
MIZUsin_room_2,36175872,36199312,25471248,25484736
MIZUsin_room_3,36200448,36226832,25484736,25499056
MIZUsin_room_4,36229120,36253664,25499056,25513376
MIZUsin_room_5,36253696,36296176,25513376,25539168
MIZUsin_room_6,36298752,36344512,25539168,25565264
MIZUsin_room_7,36347904,36369744,25565264,25577536
MIZUsin_room_8,36372480,36429008,25577536,25611104
MIZUsin_room_9,36429824,36462560,25611104,25629200
MIZUsin_room_10,36462592,36487088,25629200,25641840
MIZUsin_room_11,36487168,36506032,25641840,25652560
MIZUsin_room_12,36507648,36535696,25652560,25666752
MIZUsin_room_13,36536320,36538880,25666752,25668176
MIZUsin_room_14,36540416,36568672,25668176,25683120
MIZUsin_room_15,36569088,36598832,25683120,25700640
MIZUsin_room_16,36601856,36616912,25700640,25710288
MIZUsin_room_17,36618240,36653600,25710288,25727664
MIZUsin_room_18,36655104,36671680,25727664,25737744
MIZUsin_room_19,36675584,36690224,25737744,25747536
MIZUsin_room_20,36691968,36718400,25747536,25763280
MIZUsin_room_21,36720640,36750496,25763280,25779664
MIZUsin_room_22,36753408,36790512,25779664,25799200
jyasinzou_scene,36794368,36899648,25799200,25863968
jyasinzou_room_0,36900864,36970304,25863968,25899456
jyasinzou_room_1,36970496,37008128,25899456,25917984
jyasinzou_room_2,37011456,37035024,25917984,25928656
jyasinzou_room_3,37036032,37051216,25928656,25937968
jyasinzou_room_4,37052416,37081712,25937968,25955024
jyasinzou_room_5,37085184,37183296,25955024,26004560
jyasinzou_room_6,37183488,37201920,26004560,26012720
jyasinzou_room_7,37203968,37225744,26012720,26022608
jyasinzou_room_8,37228544,37261424,26022608,26038368
jyasinzou_room_9,37265408,37289456,26038368,26049120
jyasinzou_room_10,37289984,37323168,26049120,26064464
jyasinzou_room_11,37326848,37330960,26064464,26067104
jyasinzou_room_12,37335040,37343328,26067104,26072240
jyasinzou_room_13,37347328,37369936,26072240,26086128
jyasinzou_room_14,37371904,37391504,26086128,26095824
jyasinzou_room_15,37392384,37426288,26095824,26111552
jyasinzou_room_16,37429248,37454224,26111552,26123024
jyasinzou_room_17,37457920,37496336,26123024,26139696
jyasinzou_room_18,37498880,37522608,26139696,26151616
jyasinzou_room_19,37523456,37547488,26151616,26162336
jyasinzou_room_20,37548032,37581248,26162336,26177680
jyasinzou_room_21,37584896,37602896,26177680,26187120
jyasinzou_room_22,37605376,37617872,26187120,26194304
jyasinzou_room_23,37621760,37659024,26194304,26213328
jyasinzou_room_24,37662720,37688496,26213328,26225152
jyasinzou_room_25,37691392,37780336,26225152,26271264
jyasinzou_room_26,37781504,37833504,26271264,26299328
jyasinzou_room_27,37834752,37856960,26299328,26307104
jyasinzou_room_28,37859328,37894688,26307104,26324944
HAKAdan_scene,37896192,37995456,26324944,26383280
HAKAdan_room_0,37998592,38043840,26383280,26398576
HAKAdan_room_1,38047744,38054592,26398576,26402256
HAKAdan_room_2,38055936,38099216,26402256,26424592
HAKAdan_room_3,38100992,38111552,26424592,26431296
HAKAdan_room_4,38113280,38120512,26431296,26435104
HAKAdan_room_5,38121472,38144608,26435104,26446800
HAKAdan_room_6,38146048,38176112,26446800,26460640
HAKAdan_room_7,38178816,38185648,26460640,26464288
HAKAdan_room_8,38187008,38207584,26464288,26474160
HAKAdan_room_9,38211584,38263648,26474160,26498992
HAKAdan_room_10,38264832,38295456,26498992,26514320
HAKAdan_room_11,38297600,38313280,26514320,26523584
HAKAdan_room_12,38313984,38336288,26523584,26534912
HAKAdan_room_13,38338560,38342576,26534912,26537808
HAKAdan_room_14,38342656,38365504,26537808,26549632
HAKAdan_room_15,38367232,38396528,26549632,26562080
HAKAdan_room_16,38400000,38410368,26562080,26567552
HAKAdan_room_17,38412288,38423760,26567552,26574048
HAKAdan_room_18,38424576,38478464,26574048,26592928
HAKAdan_room_19,38481920,38493472,26592928,26599792
HAKAdan_room_20,38494208,38501920,26599792,26603840
HAKAdan_room_21,38502400,38548656,26603840,26627872
HAKAdan_room_22,38551552,38562208,26627872,26634720
HAKAdanCH_scene,38563840,38614368,26634720,26665504
HAKAdanCH_room_0,38617088,38704624,26665504,26707936
HAKAdanCH_room_1,38707200,38752976,26707936,26726880
HAKAdanCH_room_2,38756352,38769040,26726880,26732112
HAKAdanCH_room_3,38772736,38780000,26732112,26735696
HAKAdanCH_room_4,38780928,38790224,26735696,26741408
HAKAdanCH_room_5,38793216,38803808,26741408,26747680
HAKAdanCH_room_6,38805504,38817408,26747680,26756656
ice_doukutu_scene,38817792,38888944,26756656,26813888
ice_doukutu_room_0,38891520,38925920,26813888,26841360
ice_doukutu_room_1,38928384,38978880,26841360,26877440
ice_doukutu_room_2,38981632,39004912,26877440,26895536
ice_doukutu_room_3,39006208,39039104,26895536,26918384
ice_doukutu_room_4,39043072,39073392,26918384,26940928
ice_doukutu_room_5,39075840,39110800,26940928,26964432
ice_doukutu_room_6,39112704,39129696,26964432,26976512
ice_doukutu_room_7,39133184,39155952,26976512,26989648
ice_doukutu_room_8,39157760,39164240,26989648,26993392
ice_doukutu_room_9,39165952,39200336,26993392,27014720
ice_doukutu_room_10,39202816,39220192,27014720,27028608
ice_doukutu_room_11,39223296,39246080,27028608,27043984
men_scene,39247872,39318832,27043984,27090480
men_room_0,39321600,39387024,27090480,27127792
men_room_1,39387136,39424656,27127792,27150016
men_room_2,39428096,39448448,27150016,27160560
men_room_3,39448576,39480352,27160560,27180080
men_room_4,39481344,39522640,27180080,27207456
men_room_5,39526400,39547104,27207456,27221632
men_room_6,39550976,39583552,27221632,27241952
men_room_7,39583744,39617328,27241952,27263728
men_room_8,39620608,39653904,27263728,27277616
men_room_9,39657472,39672048,27277616,27286128
men_room_10,39673856,39697504,27286128,27301616
ganontika_scene,39698432,39835584,27301616,27386112
ganontika_room_0,39837696,39875008,27386112,27398992
ganontika_room_1,39878656,39995824,27398992,27451456
ganontika_room_2,39997440,40028128,27451456,27467296
ganontika_room_3,40030208,40069520,27467296,27487984
ganontika_room_4,40071168,40103056,27487984,27503088
ganontika_room_5,40103936,40133952,27503088,27517200
ganontika_room_6,40136704,40201200,27517200,27539584
ganontika_room_7,40202240,40234128,27539584,27555200
ganontika_room_8,40235008,40271984,27555200,27570592
ganontika_room_9,40275968,40323216,27570592,27585984
ganontika_room_10,40325120,40352624,27585984,27598384
ganontika_room_11,40353792,40380752,27598384,27610576
ganontika_room_12,40382464,40428400,27610576,27630528
ganontika_room_13,40431616,40463680,27630528,27646320
ganontika_room_14,40464384,40505760,27646320,27662864
ganontika_room_15,40509440,40541504,27662864,27678656
ganontika_room_16,40542208,40554016,27678656,27683152
ganontika_room_17,40554496,40588960,27683152,27695168
ganontika_room_18,40591360,40642160,27695168,27714320
ganontika_room_19,40644608,40676672,27714320,27730096
spot00_scene,40677376,40849952,27730096,27837280
spot00_room_0,40853504,40940080,27837280,27874224
spot01_scene,40943616,41058640,27874224,27951920
spot01_room_0,41062400,41103072,27951920,27970080
spot02_scene,41103360,41151616,27970080,27999872
spot02_room_0,41152512,41162464,27999872,28003440
spot02_room_1,41164800,41287568,28003440,28078064
spot03_scene,41287680,41334112,28078064,28111952
spot03_room_0,41336832,41392512,28111952,28141296
spot03_room_1,41394176,41424128,28141296,28158592
spot04_scene,41426944,41497152,28158592,28203904
spot04_room_0,41500672,41612432,28203904,28268672
spot04_room_1,41615360,41649536,28268672,28288960
spot04_room_2,41652224,41672816,28288960,28301472
spot05_scene,41676800,41762144,28301472,28357776
spot05_room_0,41762816,41803520,28357776,28374128
spot06_scene,41803776,41915440,28374128,28451664
spot06_room_0,41918464,41960992,28451664,28471760
spot07_scene,41963520,42002464,28471760,28501664
spot07_room_0,42004480,42029808,28501664,28512688
spot07_room_1,42033152,42084768,28512688,28539184
spot08_scene,42086400,42157728,28539184,28593072
spot08_room_0,42160128,42193248,28593072,28608768
spot09_scene,42196992,42266976,28608768,28655056
spot09_room_0,42270720,42305472,28655056,28670480
spot10_scene,42307584,42374192,28670480,28714176
spot10_room_0,42377216,42386928,28714176,28717856
spot10_room_1,42389504,42423344,28717856,28736544
spot10_room_2,42426368,42445808,28736544,28746400
spot10_room_3,42446848,42470064,28746400,28759024
spot10_room_4,42471424,42480848,28759024,28762448
spot10_room_5,42483712,42512368,28762448,28776048
spot10_room_6,42512384,42527472,28776048,28785296
spot10_room_7,42528768,42538432,28785296,28788800
spot10_room_8,42541056,42550896,28788800,28792368
spot10_room_9,42553344,42568672,28792368,28800928
spot11_scene,42569728,42673376,28800928,28873760
spot11_room_0,42676224,42727360,28873760,28900912
spot12_scene,42729472,42794624,28900912,28942096
spot12_room_0,42795008,42866112,28942096,28979872
spot12_room_1,42868736,42918048,28979872,29007504
spot13_scene,42921984,42946096,29007504,29023936
spot13_room_0,42946560,42948880,29023936,29025280
spot13_room_1,42950656,43027008,29025280,29071248
spot15_scene,43028480,43128064,29071248,29138928
spot15_room_0,43130880,43184576,29138928,29162496
spot16_scene,43188224,43313808,29162496,29253248
spot16_room_0,43315200,43359504,29253248,29275440
spot17_scene,43360256,43425504,29275440,29320176
spot17_room_0,43425792,43452544,29320176,29334080
spot17_room_1,43454464,43529056,29334080,29369968
spot18_scene,43532288,43574352,29369968,29397088
spot18_room_0,43577344,43653072,29397088,29440000
spot18_room_1,43655168,43680256,29440000,29456000
spot18_room_2,43683840,43755952,29456000,29497440
spot18_room_3,43757568,43879664,29497440,29563168
market_day_scene,43880448,43890288,29563168,29568592
market_day_room_0,43892736,43915376,29568592,29574336
market_night_scene,43917312,43927088,29574336,29579648
market_night_room_0,43929600,43952032,29579648,29585248
kenjyanoma_scene,43954176,43968752,29585248,29591136
kenjyanoma_room_0,43970560,44048656,29591136,29630144
tokinoma_scene,44052480,44128160,29630144,29662752
tokinoma_room_0,44130304,44224992,29662752,29694880
tokinoma_room_1,44228608,44257488,29694880,29706416
link_home_scene,44261376,44268384,29706416,29709600
link_home_room_0,44269568,44432512,29709600,29739808
kokiri_shop_scene,44433408,44435840,29739808,29741280
kokiri_shop_room_0,44437504,44637328,29741280,29773040
kokiri_home_scene,44638208,44641472,29773040,29774944
kokiri_home_room_0,44642304,44821552,29774944,29809600
kakusiana_scene,44822528,44877856,29809600,29850752
kakusiana_room_0,44879872,44909216,29850752,29869216
kakusiana_room_1,44912640,44933520,29869216,29883760
kakusiana_room_2,44937216,44947648,29883760,29890416
kakusiana_room_3,44949504,44970288,29890416,29904976
kakusiana_room_4,44974080,45005152,29904976,29927424
kakusiana_room_5,45006848,45024992,29927424,29942464
kakusiana_room_6,45027328,45050480,29942464,29956704
kakusiana_room_7,45051904,45068240,29956704,29968368
kakusiana_room_8,45068288,45082160,29968368,29976352
kakusiana_room_9,45084672,45107920,29976352,29990640
kakusiana_room_10,45109248,45132336,29990640,30010176
kakusiana_room_11,45133824,45168304,30010176,30031520
kakusiana_room_12,45170688,45203024,30031520,30051872
kakusiana_room_13,45203456,45231824,30051872,30072944
entra_scene,45232128,45233120,30072944,30073568
entra_room_0,45236224,45390704,30073568,30103648
moribossroom_scene,45391872,45398272,30103648,30108816
moribossroom_room_0,45400064,45424320,30108816,30123776
moribossroom_room_1,45424640,45480624,30123776,30151872
syatekijyou_scene,45481984,45531840,30151872,30181840
syatekijyou_room_0,45535232,45565680,30181840,30191712
shop1_scene,45568000,45568752,30191712,30192176
shop1_room_0,45572096,45742000,30192176,30214544
hairal_niwa_scene,45744128,45814672,30214544,30259488
hairal_niwa_room_0,45817856,45861088,30259488,30275824
ganon_tou_scene,45862912,45882224,30275824,30289856
ganon_tou_room_0,45883392,45964016,30289856,30339536
market_alley_scene,45965312,45970000,30339536,30341968
market_alley_room_0,45973504,46454528,30341968,30411456
spot20_scene,46456832,46529984,30411456,30456432
spot20_room_0,46530560,46556880,30456432,30466720
market_ruins_scene,46559232,46564912,30466720,30469872
market_ruins_room_0,46567424,46577696,30469872,30472384
entra_n_scene,46579712,46580784,30472384,30473040
entra_n_room_0,46583808,46738288,30473040,30493552
enrui_scene,46739456,46740448,30493552,30494176
enrui_room_0,46743552,46898016,30494176,30520256
market_alley_n_scene,46899200,46904048,30520256,30522800
market_alley_n_room_0,46907392,47388400,30522800,30575056
hiral_demo_scene,47390720,47406416,30575056,30580992
hiral_demo_room_0,47407104,47408704,30580992,30581440
kokiri_home3_scene,47411200,47417248,30581440,30584832
kokiri_home3_room_0,47419392,47642128,30584832,30629360
malon_stable_scene,47644672,47646320,30629360,30630288
malon_stable_room_0,47648768,47837776,30630288,30660640
kakariko_scene,47841280,47845024,30660640,30662864
kakariko_room_0,47845376,48021440,30662864,30685504
bdan_boss_scene,48021504,48025152,30685504,30687888
bdan_boss_room_0,48025600,48037920,30687888,30695504
bdan_boss_room_1,48041984,48062656,30695504,30706352
FIRE_bs_scene,48066560,48086016,30706352,30718768
FIRE_bs_room_0,48087040,48104048,30718768,30728416
FIRE_bs_room_1,48107520,48136160,30728416,30743568
hut_scene,48136192,48137488,30743568,30744336
hut_room_0,48140288,48309664,30744336,30765376
daiyousei_izumi_scene,48312320,48369664,30765376,30793136
daiyousei_izumi_room_0,48369664,48384272,30793136,30799056
hakaana_scene,48386048,48388752,30799056,30800640
hakaana_room_0,48390144,48421072,30800640,30818240
yousei_izumi_tate_scene,48422912,48457744,30818240,30841920
yousei_izumi_tate_room_0,48459776,48476880,30841920,30848960
yousei_izumi_yoko_scene,48480256,48532896,30848960,30872992
yousei_izumi_yoko_room_0,48533504,48549904,30872992,30879872
golon_scene,48553984,48554912,30879872,30880464
golon_room_0,48558080,48714192,30880464,30899280
zoora_scene,48717824,48718736,30899280,30899872
zoora_room_0,48721920,48878048,30899872,30920960
drag_scene,48881664,48882672,30920960,30921584
drag_room_0,48885760,49065568,30921584,30947072
alley_shop_scene,49065984,49067440,30947072,30947968
alley_shop_room_0,49070080,49228848,30947968,30967600
night_shop_scene,49229824,49231472,30967600,30968672
night_shop_room_0,49233920,49400160,30968672,30990272
impa_scene,49401856,49405200,30990272,30992144
impa_room_0,49405952,49565600,30992144,31010624
labo_scene,49565696,49569520,31010624,31012720
labo_room_0,49569792,49751792,31012720,31041120
tent_scene,49754112,49755776,31041120,31042112
tent_room_0,49758208,49968800,31042112,31079616
nakaniwa_scene,49971200,49986080,31079616,31086032
nakaniwa_room_0,49987584,50085568,31086032,31143840
ddan_boss_scene,50085888,50096224,31143840,31152768
ddan_boss_room_0,50098176,50118192,31152768,31162016
ddan_boss_room_1,50118656,50134496,31162016,31172448
ydan_boss_scene,50135040,50140992,31172448,31177376
ydan_boss_room_0,50143232,50171888,31177376,31201568
ydan_boss_room_1,50171904,50198512,31201568,31217360
HAKAdan_bs_scene,50200576,50210688,31217360,31224624
HAKAdan_bs_room_0,50212864,50223584,31224624,31228912
HAKAdan_bs_room_1,50225152,50249552,31228912,31243792
MIZUsin_bs_scene,50249728,50256480,31243792,31247440
MIZUsin_bs_room_0,50257920,50275440,31247440,31258848
MIZUsin_bs_room_1,50278400,50324208,31258848,31282464
ganon_scene,50327552,50395056,31282464,31322912
ganon_room_0,50397184,50429648,31322912,31336576
ganon_room_1,50429952,50460528,31336576,31347568
ganon_room_2,50462720,50493520,31347568,31360784
ganon_room_3,50495488,50526000,31360784,31372480
ganon_room_4,50528256,50565328,31372480,31390448
ganon_room_5,50569216,50604816,31390448,31406416
ganon_room_6,50606080,50645920,31406416,31424032
ganon_room_7,50647040,50689952,31424032,31442000
ganon_room_8,50692096,50719712,31442000,31454560
ganon_room_9,50720768,50743584,31454560,31469808
ganon_boss_scene,50745344,50777120,31469808,31494032
ganon_boss_room_0,50778112,50802304,31494032,31500032
jyasinboss_scene,50802688,50838768,31500032,31518352
jyasinboss_room_0,50839552,50843600,31518352,31520512
jyasinboss_room_1,50843648,50875968,31520512,31536432
jyasinboss_room_2,50876416,50892224,31536432,31542976
jyasinboss_room_3,50892800,50939648,31542976,31571888
kokiri_home4_scene,50941952,50948784,31571888,31575952
kokiri_home4_room_0,50950144,51181904,31575952,31627696
kokiri_home5_scene,51183616,51188752,31627696,31630704
kokiri_home5_room_0,51191808,51392352,31630704,31669344
ganon_final_scene,51392512,51466624,31669344,31722752
ganon_final_room_0,51470336,51523248,31722752,31743296
kakariko3_scene,51523584,51525696,31743296,31744528
kakariko3_room_0,51527680,51701120,31744528,31771168
hakasitarelay_scene,51703808,51761776,31771168,31808512
hakasitarelay_room_0,51765248,51794624,31808512,31826352
hakasitarelay_room_1,51798016,51824416,31826352,31841328
hakasitarelay_room_2,51826688,51860656,31841328,31859952
hakasitarelay_room_3,51863552,51899616,31859952,31882480
hakasitarelay_room_4,51900416,51917952,31882480,31895536
hakasitarelay_room_5,51920896,51938384,31895536,31907856
hakasitarelay_room_6,51941376,51972784,31907856,31928128
shrine_scene,51974144,51979488,31928128,31931024
shrine_room_0,51982336,52321008,31931024,31986224
turibori_scene,52322304,52397792,31986224,32038832
turibori_room_0,52400128,52426592,32038832,32051072
shrine_n_scene,52428800,52434176,32051072,32053984
shrine_n_room_0,52436992,52775696,32053984,32096000
shrine_r_scene,52776960,52782224,32096000,32098800
shrine_r_room_0,52785152,53123824,32098800,32141680
hakaana2_scene,53125120,53178512,32141680,32180528
hakaana2_room_0,53182464,53209104,32180528,32191376
gerudoway_scene,53211136,53266720,32191376,32223072
gerudoway_room_0,53268480,53288256,32223072,32232864
gerudoway_room_1,53288960,53318320,32232864,32247232
gerudoway_room_2,53321728,53337680,32247232,32253680
gerudoway_room_3,53338112,53383952,32253680,32274768
gerudoway_room_4,53387264,53401888,32274768,32281056
gerudoway_room_5,53403648,53423680,32281056,32288976
hairal_niwa_n_scene,53424128,53461232,32288976,32314608
hairal_niwa_n_room_0,53465088,53478944,32314608,32319600
bowling_scene,53481472,53541664,32319600,32353664
bowling_room_0,53542912,53567968,32353664,32363712
hakaana_ouke_scene,53571584,53590752,32363712,32375312
hakaana_ouke_room_0,53592064,53635072,32375312,32394736
hakaana_ouke_room_1,53637120,53655552,32394736,32404912
hakaana_ouke_room_2,53657600,53682448,32404912,32421024
hylia_labo_scene,53686272,53756048,32421024,32460656
hylia_labo_room_0,53760000,53790160,32460656,32472080
souko_scene,53792768,53820432,32472080,32487936
souko_room_0,53821440,53859648,32487936,32508672
souko_room_1,53862400,53904432,32508672,32530448
souko_room_2,53907456,53940608,32530448,32547888
miharigoya_scene,53944320,53994832,32547888,32577776
miharigoya_room_0,53997568,54013360,32577776,32583376
mahouya_scene,54013952,54057504,32583376,32612208
mahouya_room_0,54059008,54086288,32612208,32622720
takaraya_scene,54087680,54116784,32622720,32638560
takaraya_room_0,54120448,54160832,32638560,32660416
takaraya_room_1,54161408,54169600,32660416,32664304
takaraya_room_2,54169600,54177840,32664304,32668224
takaraya_room_3,54181888,54192160,32668224,32673776
takaraya_room_4,54194176,54206496,32673776,32680672
takaraya_room_5,54210560,54222848,32680672,32687520
takaraya_room_6,54222848,54233856,32687520,32693424
ganon_sonogo_scene,54235136,54267664,32693424,32712016
ganon_sonogo_room_0,54267904,54300288,32712016,32726032
ganon_sonogo_room_1,54300672,54332336,32726032,32739920
ganon_sonogo_room_2,54333440,54369440,32739920,32758176
ganon_sonogo_room_3,54370304,54392384,32758176,32767648
ganon_sonogo_room_4,54394880,54430960,32767648,32785312
ganon_demo_scene,54431744,54468720,32785312,32815296
ganon_demo_room_0,54472704,54489424,32815296,32824288
face_shop_scene,54493184,54494064,32824288,32824848
face_shop_room_0,54497280,54687296,32824848,32859408
kinsuta_scene,54689792,54695440,32859408,32862896
kinsuta_room_0,54697984,54755488,32862896,32902896
ganontikasonogo_scene,54759424,54778624,32902896,32913936
ganontikasonogo_room_0,54779904,54877056,32913936,32957072
ganontikasonogo_room_1,54878208,54918944,32957072,32973680
bump_texture_static,54919168,54920192,32973680,32974352
anime_model_1_static,54923264,54923280,32974352,32974384
anime_model_2_static,54927360,54927376,32974384,32974416
anime_model_3_static,54931456,54931472,32974416,32974448
anime_model_4_static,54935552,54935568,32974448,32974480
anime_model_5_static,54939648,54939664,32974480,32974512
anime_model_6_static,54943744,54943760,32974512,32974544
anime_texture_1_static,54947840,54947856,32974544,32974576
anime_texture_2_static,54951936,54951952,32974576,32974608
anime_texture_3_static,54956032,54956048,32974608,32974640
anime_texture_4_static,54960128,54960144,32974640,32974672
anime_texture_5_static,54964224,54964240,32974672,32974704
anime_texture_6_static,54968320,54968336,32974704,32974736
softsprite_matrix_static,54972416,54972480,32974736,32974768
