makerom,0,4192,0,0
boot,4192,31072,4192,0
dmadata,31072,55488,31072,0
Audiobank,55488,235136,55488,0
Audioseq,235136,561408,235136,0
Audiotable,561408,5088400,561408,0
kanji,5088400,5597072,5088400,0
link_animetion,5599232,8113200,5597072,0
icon_item_static,8114176,8673440,8111040,0
icon_item_24_static,8675328,8721408,8670304,0
icon_item_field_static,8724480,8771888,8716384,8743616
icon_item_dungeon_static,8773632,8781184,8743616,8745184
icon_item_gameover_static,8781824,8794880,8745184,8751072
icon_item_jpn_static,8798208,8854656,8751072,8773008
icon_item_nes_static,8855552,8912000,8773008,8796016
item_name_static,8912896,9164800,8796016,0
map_name_static,9166848,9304064,9047920,0
do_action_static,9306112,9328384,9185136,0
message_static,9330688,9347456,9207408,0
jpn_message_data_static,9351168,9355776,9224176,0
message_texture_static,9359360,9377152,9228784,0
nes_font_static,9379840,9618256,9246576,0
nes_message_data_static,9621504,9851104,9484992,0
staff_message_data_static,9854976,9858912,9714592,0
map_grand_static,9859072,9917264,9718528,0
map_i_static,9920512,10895632,9776720,0
map_48x85_static,10899456,11038176,10751840,0
code,11038720,12103072,10890560,11525632
n64dd,12103072,12180080,11525632,11565808
ovl_title,12180080,12182576,11565808,11567792
ovl_select,12182576,12194192,11567792,11574800
ovl_opening,12194192,12194544,11574800,11575104
ovl_file_choose,12194544,12259856,11575104,11611488
ovl_kaleido_scope,12259856,12376992,11611488,11672992
ovl_player_actor,12376992,12534288,11672992,11776144
ovl_map_mark_data,12534288,12561776,11776144,11777088
ovl_En_Test,12561776,12584480,11777088,11790608
ovl_En_GirlA,12584480,12595008,11790608,11795840
ovl_En_Part,12595008,12600656,11795840,11799968
ovl_En_Light,12600656,12604224,11799968,11802464
ovl_En_Door,12604224,12607872,11802464,11805488
ovl_En_Box,12607872,12614832,11805488,11810320
ovl_En_Poh,12614832,12631616,11810320,11821200
ovl_En_Okuta,12631616,12641312,11821200,11827936
ovl_En_Bom,12641312,12645104,11827936,11830928
ovl_En_Wallmas,12645104,12651776,11830928,11835440
ovl_En_Dodongo,12651776,12663456,11835440,11843440
ovl_En_Firefly,12663456,12672016,11843440,11849184
ovl_En_Horse,12672016,12721776,11849184,11879904
ovl_En_Arrow,12721776,12727648,11879904,11884128
ovl_En_Elf,12727648,12746528,11884128,11896336
ovl_En_Niw,12746528,12759632,11896336,11905776
ovl_En_Tite,12759632,12771312,11905776,11912624
ovl_En_Reeba,12771312,12778080,11912624,11917488
ovl_En_Peehat,12778080,12792160,11917488,11926400
ovl_En_Holl,12792160,12796208,11926400,11929376
ovl_En_Scene_Change,12796208,12796512,11929376,11929616
ovl_En_Zf,12796512,12823888,11929616,11947136
ovl_En_Hata,12823888,12825312,11947136,11948416
ovl_Boss_Dodongo,12825312,12864960,11948416,11973680
ovl_Boss_Goma,12864960,12889408,11973680,11988448
ovl_En_Zl1,12889408,12905280,11988448,11996432
ovl_En_Viewer,12905280,12917232,11996432,12004416
ovl_En_Goma,12917232,12928640,12004416,12012000
ovl_Bg_Pushbox,12928640,12929408,12012000,12012656
ovl_En_Bubble,12929408,12934560,12012656,12016592
ovl_Door_Shutter,12934560,12943392,12016592,12022928
ovl_En_Dodojr,12943392,12951232,12022928,12028384
ovl_En_Bdfire,12951232,12954192,12028384,12030672
ovl_En_Boom,12954192,12956432,12030672,12032528
ovl_En_Torch2,12956432,12966512,12032528,12039856
ovl_En_Bili,12966512,12975424,12039856,12046048
ovl_En_Tp,12975424,12983184,12046048,12051712
ovl_En_St,12983184,12994560,12051712,12059616
ovl_En_Bw,12994560,13007728,12059616,12068480
ovl_En_Eiyer,13007728,13014992,12068480,12073632
ovl_En_River_Sound,13014992,13017440,12073632,12075632
ovl_En_Horse_Normal,13017440,13027200,12075632,12081872
ovl_En_Ossan,13027200,13053280,12081872,12096176
ovl_Bg_Treemouth,13053280,13059008,12096176,12099248
ovl_Bg_Dodoago,13059008,13062400,12099248,12101904
ovl_Bg_Hidan_Dalm,13062400,13064528,12101904,12103552
ovl_Bg_Hidan_Hrock,13064528,13066624,12103552,12105200
ovl_En_Horse_Ganon,13066624,13070080,12105200,12107872
ovl_Bg_Hidan_Rock,13070080,13074416,12107872,12111136
ovl_Bg_Hidan_Rsekizou,13074416,13077456,12111136,12113424
ovl_Bg_Hidan_Sekizou,13077456,13082656,12113424,12117392
ovl_Bg_Hidan_Sima,13082656,13086528,12117392,12120448
ovl_Bg_Hidan_Syoku,13086528,13087648,12120448,12121232
ovl_En_Xc,13087648,13114112,12121232,12134688
ovl_Bg_Hidan_Curtain,13114112,13116832,12134688,12136800
ovl_Bg_Spot00_Hanebasi,13116832,13121200,12136800,12140336
ovl_En_Mb,13121200,13138144,12140336,12151328
ovl_En_Bombf,13138144,13143376,12151328,12155408
ovl_Bg_Hidan_Firewall,13143376,13145264,12155408,12156976
ovl_Bg_Dy_Yoseizo,13145264,13157040,12156976,12164976
ovl_En_Zl2,13157040,13175264,12164976,12174144
ovl_Bg_Hidan_Fslift,13175264,13176496,12174144,12175088
ovl_En_OE2,13176496,13176720,12175088,12175248
ovl_Bg_Ydan_Hasi,13176720,13178688,12175248,12176816
ovl_Bg_Ydan_Maruta,13178688,13180448,12176816,12178224
ovl_Boss_Ganondrof,13180448,13200272,12178224,12191376
ovl_En_Am,13200272,13209488,12191376,12197568
ovl_En_Dekubaba,13209488,13224496,12197568,12207280
ovl_En_M_Fire1,13224496,13224912,12207280,12207616
ovl_En_M_Thunder,13224912,13230528,12207616,12211696
ovl_Bg_Ddan_Jd,13230528,13232144,12211696,12212976
ovl_Bg_Breakwall,13232144,13235840,12212976,12215888
ovl_En_Jj,13235840,13241424,12215888,12219040
ovl_En_Horse_Zelda,13241424,13244224,12219040,12221296
ovl_Bg_Ddan_Kd,13244224,13246512,12221296,12223056
ovl_Door_Warp1,13246512,13263568,12223056,12233120
ovl_Obj_Syokudai,13263568,13266688,12233120,12235728
ovl_Item_B_Heart,13266688,13267696,12235728,12236592
ovl_En_Dekunuts,13267696,13273840,12236592,12240608
ovl_Bg_Menkuri_Kaiten,13273840,13274240,12240608,12240960
ovl_Bg_Menkuri_Eye,13274240,13275408,12240960,12241968
ovl_En_Vali,13275408,13285296,12241968,12248784
ovl_Bg_Mizu_Movebg,13285296,13289792,12248784,12252080
ovl_Bg_Mizu_Water,13289792,13293072,12252080,12254384
ovl_Arms_Hook,13293072,13296496,12254384,12257088
ovl_En_fHG,13296496,13307040,12257088,12264064
ovl_Bg_Mori_Hineri,13307040,13310368,12264064,12266512
ovl_En_Bb,13310368,13325936,12266512,12277680
ovl_Bg_Toki_Hikari,13325936,13329424,12277680,12279792
ovl_En_Yukabyun,13329424,13330976,12279792,12281152
ovl_Bg_Toki_Swd,13330976,13336688,12281152,12283776
ovl_En_Fhg_Fire,13336688,13346448,12283776,12290816
ovl_Bg_Mjin,13346448,13347440,12290816,12291680
ovl_Bg_Hidan_Kousi,13347440,13348848,12291680,12292752
ovl_Door_Toki,13348848,13349200,12292752,12293040
ovl_Bg_Hidan_Hamstep,13349200,13352960,12293040,12295904
ovl_En_Bird,13352960,13354176,12295904,12296896
ovl_En_Wood02,13354176,13358736,12296896,12300544
ovl_En_Lightbox,13358736,13359888,12300544,12301520
ovl_En_Pu_box,13359888,13360720,12301520,12302256
ovl_En_Trap,13360720,13365488,12302256,12305392
ovl_En_Arow_Trap,13365488,13365824,12305392,12305712
ovl_En_Vase,13365824,13366080,12305712,12305936
ovl_En_Ta,13366080,13380864,12305936,12314960
ovl_En_Tk,13380864,13388592,12314960,12320640
ovl_Bg_Mori_Bigst,13388592,13390944,12320640,12322288
ovl_Bg_Mori_Elevator,13390944,13393744,12322288,12324160
ovl_Bg_Mori_Kaitenkabe,13393744,13395376,12324160,12325520
ovl_Bg_Mori_Rakkatenjo,13395376,13397792,12325520,12327248
ovl_En_Vm,13397792,13404112,12327248,12331744
ovl_Demo_Effect,13404112,13427392,12331744,12346992
ovl_Demo_Kankyo,13427392,13442928,12346992,12356384
ovl_Bg_Hidan_Fwbig,13442928,13446224,12356384,12359024
ovl_En_Floormas,13446224,13459504,12359024,12367216
ovl_En_Heishi1,13459504,13464896,12367216,12370880
ovl_En_Rd,13464896,13475312,12370880,12377568
ovl_En_Po_Sisters,13475312,13495008,12377568,12390400
ovl_Bg_Heavy_Block,13495008,13501392,12390400,12395056
ovl_Bg_Po_Event,13501392,13509120,12395056,12400768
ovl_Obj_Mure,13509120,13513232,12400768,12403632
ovl_En_Sw,13513232,13527424,12403632,12413952
ovl_Boss_Fd,13527424,13556912,12413952,12433664
ovl_Object_Kankyo,13556912,13569744,12433664,12442816
ovl_En_Du,13569744,13576560,12442816,12447424
ovl_En_Fd,13576560,13588016,12447424,12455856
ovl_En_Horse_Link_Child,13588016,13595696,12455856,12460464
ovl_Door_Ana,13595696,13597344,12460464,12461824
ovl_Bg_Spot02_Objects,13597344,13602288,12461824,12465312
ovl_Bg_Haka,13602288,13604016,12465312,12466768
ovl_Magic_Wind,13604016,13611440,12466768,12473312
ovl_Magic_Fire,13611440,13620352,12473312,12481280
ovl_En_Ru1,13620352,13650720,12481280,12497072
ovl_Boss_Fd2,13650720,13666384,12497072,12508192
ovl_En_Fd_Fire,13666384,13669728,12508192,12510960
ovl_En_Dh,13669728,13676592,12510960,12515952
ovl_En_Dha,13676592,13680688,12515952,12518976
ovl_En_Rl,13680688,13684496,12518976,12521328
ovl_En_Encount1,13684496,13687408,12521328,12523728
ovl_Demo_Du,13687408,13701712,12523728,12530704
ovl_Demo_Im,13701712,13717952,12530704,12538800
ovl_Demo_Tre_Lgt,13717952,13719760,12538800,12540320
ovl_En_Fw,13719760,13725824,12540320,12545232
ovl_Bg_Vb_Sima,13725824,13727632,12545232,12546832
ovl_En_Vb_Ball,13727632,13732144,12546832,12550256
ovl_Bg_Haka_Megane,13732144,13733168,12550256,12551104
ovl_Bg_Haka_MeganeBG,13733168,13734896,12551104,12552464
ovl_Bg_Haka_Ship,13734896,13737520,12552464,12554528
ovl_Bg_Haka_Sgami,13737520,13740624,12554528,12556960
ovl_En_Heishi2,13740624,13749328,12556960,12562256
ovl_En_Encount2,13749328,13753984,12562256,12565840
ovl_En_Fire_Rock,13753984,13758352,12565840,12569024
ovl_En_Brob,13758352,13762688,12569024,12572160
ovl_Mir_Ray,13762688,13769024,12572160,12577280
ovl_Bg_Spot09_Obj,13769024,13770320,12577280,12578256
ovl_Bg_Spot18_Obj,13770320,13772576,12578256,12579872
ovl_Boss_Va,13772576,13831952,12579872,12618352
ovl_Bg_Haka_Tubo,13831952,13834544,12618352,12620464
ovl_Bg_Haka_Trap,13834544,13840128,12620464,12624576
ovl_Bg_Haka_Huta,13840128,13842848,12624576,12626736
ovl_Bg_Haka_Zou,13842848,13847440,12626736,12630192
ovl_Bg_Spot17_Funen,13847440,13848032,12630192,12630736
ovl_En_Syateki_Itm,13848032,13851520,12630736,12633392
ovl_En_Syateki_Man,13851520,13855040,12633392,12636000
ovl_En_Tana,13855040,13855712,12636000,12636576
ovl_En_Nb,13855712,13873584,12636576,12645904
ovl_Boss_Mo,13873584,13920080,12645904,12678032
ovl_En_Sb,13920080,13925264,12678032,12681488
ovl_En_Bigokuta,13925264,13936288,12681488,12688992
ovl_En_Karebaba,13936288,13942672,12688992,12693456
ovl_Bg_Bdan_Objects,13942672,13947488,12693456,12696816
ovl_Demo_Sa,13947488,13958528,12696816,12702288
ovl_Demo_Go,13958528,13961952,12702288,12704656
ovl_En_In,13961952,13973632,12704656,12713056
ovl_En_Tr,13973632,13980032,12713056,12717680
ovl_Bg_Spot16_Bombstone,13980032,13985472,12717680,12721984
ovl_Bg_Hidan_Kowarerukabe,13985472,13989264,12721984,12724512
ovl_Bg_Bombwall,13989264,13991504,12724512,12726272
ovl_En_Ru2,13991504,14003152,12726272,12732000
ovl_Obj_Dekujr,14003152,14004752,12732000,12733360
ovl_Bg_Mizu_Uzu,14004752,14005216,12733360,12733760
ovl_Bg_Spot06_Objects,14005216,14010352,12733760,12737600
ovl_Bg_Ice_Objects,14010352,14014256,12737600,12740224
ovl_Bg_Haka_Water,14014256,14016272,12740224,12741728
ovl_En_Ma2,14016272,14020464,12741728,12744944
ovl_En_Bom_Chu,14020464,14026256,12744944,12749536
ovl_En_Horse_Game_Check,14026256,14030560,12749536,12752640
ovl_Boss_Tw,14030560,14108512,12752640,12803296
ovl_En_Rr,14108512,14118032,12803296,12810224
ovl_En_Ba,14118032,14125920,12810224,12815440
ovl_En_Bx,14125920,14128720,12815440,12817920
ovl_En_Anubice,14128720,14133504,12817920,12821456
ovl_En_Anubice_Fire,14133504,14137024,12821456,12824368
ovl_Bg_Mori_Hashigo,14137024,14139264,12824368,12826032
ovl_Bg_Mori_Hashira4,14139264,14140672,12826032,12827136
ovl_Bg_Mori_Idomizu,14140672,14142272,12827136,12828384
ovl_Bg_Spot16_Doughnut,14142272,14143728,12828384,12829616
ovl_Bg_Bdan_Switch,14143728,14148896,12829616,12832608
ovl_En_Ma1,14148896,14153728,12832608,12836192
ovl_Boss_Ganon,14153728,14293600,12836192,12924016
ovl_Boss_Sst,14293600,14344160,12924016,12955568
ovl_En_Ny,14344160,14350608,12955568,12960256
ovl_En_Fr,14350608,14361504,12960256,12968032
ovl_Item_Shield,14361504,14364080,12968032,12970080
ovl_Bg_Ice_Shelter,14364080,14368736,12970080,12973616
ovl_En_Ice_Hono,14368736,14373328,12973616,12976896
ovl_Item_Ocarina,14373328,14375328,12976896,12978368
ovl_Magic_Dark,14375328,14381552,12978368,12983296
ovl_Demo_6K,14381552,14393088,12983296,12991808
ovl_En_Anubice_Tag,14393088,14393808,12991808,12992432
ovl_Bg_Haka_Gate,14393808,14398032,12992432,12995712
ovl_Bg_Spot15_Saku,14398032,14398864,12995712,12996432
ovl_Bg_Jya_Goroiwa,14398864,14400784,12996432,12998064
ovl_Bg_Jya_Zurerukabe,14400784,14402496,12998064,12999424
ovl_Bg_Jya_Cobra,14402496,14409952,12999424,13004912
ovl_Bg_Jya_Kanaami,14409952,14410896,13004912,13005664
ovl_Fishing,14410896,14491232,13005664,13060240
ovl_Obj_Oshihiki,14491232,14498064,13060240,13065008
ovl_Bg_Gate_Shutter,14498064,14499216,13065008,13065904
ovl_Eff_Dust,14499216,14504304,13065904,13068928
ovl_Bg_Spot01_Fusya,14504304,14504976,13068928,13069504
ovl_Bg_Spot01_Idohashira,14504976,14508048,13069504,13071856
ovl_Bg_Spot01_Idomizu,14508048,14508832,13071856,13072576
ovl_Bg_Po_Syokudai,14508832,14511216,13072576,13074528
ovl_Bg_Ganon_Otyuka,14511216,14521008,13074528,13082000
ovl_Bg_Spot15_Rrbox,14521008,14524560,13082000,13084576
ovl_Bg_Umajump,14524560,14524960,13084576,13084944
ovl_En_Insect,14524960,14534464,13084944,13091248
ovl_En_Butte,14534464,14540048,13091248,13095296
ovl_En_Fish,14540048,14548512,13095296,13100608
ovl_Bg_Spot08_Iceblock,14548512,14552672,13100608,13103584
ovl_Item_Etcetera,14552672,14554928,13103584,13105264
ovl_Arrow_Fire,14554928,14562800,13105264,13112096
ovl_Arrow_Ice,14562800,14570704,13112096,13118336
ovl_Arrow_Light,14570704,14578624,13118336,13124720
ovl_Obj_Kibako,14578624,14581952,13124720,13126992
ovl_Obj_Tsubo,14581952,14586032,13126992,13129904
ovl_En_Wonder_Item,14586032,14589184,13129904,13132144
ovl_En_Ik,14589184,14607152,13132144,13142672
ovl_Demo_Ik,14607152,14612544,13142672,13146016
ovl_En_Skj,14612544,14627184,13146016,13155168
ovl_En_Skjneedle,14627184,14627968,13155168,13155856
ovl_En_G_Switch,14627968,14634160,13155856,13160656
ovl_Demo_Ext,14634160,14636528,13160656,13162480
ovl_Demo_Shd,14636528,14645760,13162480,13168688
ovl_En_Dns,14645760,14650768,13168688,13171968
ovl_Elf_Msg,14650768,14652288,13171968,13173088
ovl_En_Honotrap,14652288,14657744,13173088,13177136
ovl_En_Tubo_Trap,14657744,14660976,13177136,13179456
ovl_Obj_Ice_Poly,14660976,14663456,13179456,13181488
ovl_Bg_Spot03_Taki,14663456,14665744,13181488,13183232
ovl_Bg_Spot07_Taki,14665744,14667216,13183232,13184368
ovl_En_Fz,14667216,14675424,13184368,13190240
ovl_En_Po_Relay,14675424,14681328,13190240,13194704
ovl_Bg_Relay_Objects,14681328,14683296,13194704,13196272
ovl_En_Diving_Game,14683296,14689872,13196272,13200864
ovl_En_Kusa,14689872,14695216,13200864,13204784
ovl_Obj_Bean,14695216,14705344,13204784,13211136
ovl_Obj_Bombiwa,14705344,14706736,13211136,13212336
ovl_Obj_Switch,14706736,14714352,13212336,13217168
ovl_Obj_Elevator,14714352,14715312,13217168,13217920
ovl_Obj_Lift,14715312,14717904,13217920,13220032
ovl_Obj_Hsblock,14717904,14719392,13220032,13221232
ovl_En_Okarina_Tag,14719392,14724768,13221232,13224304
ovl_En_Yabusame_Mark,14724768,14726512,13224304,13225680
ovl_En_Goroiwa,14726512,14735664,13225680,13232112
ovl_En_Ex_Ruppy,14735664,14739952,13232112,13235376
ovl_En_Toryo,14739952,14743168,13235376,13237744
ovl_En_Daiku,14743168,14749120,13237744,13242336
ovl_En_Nwc,14749120,14751744,13242336,13244560
ovl_En_Blkobj,14751744,14753120,13244560,13245712
ovl_Item_Inbox,14753120,14753472,13245712,13245984
ovl_En_Ge1,14753472,14761712,13245984,13251152
ovl_Obj_Blockstop,14761712,14762128,13251152,13251536
ovl_En_Sda,14762128,14767824,13251536,13255264
ovl_En_Clear_Tag,14767824,14803520,13255264,13272736
ovl_En_Niw_Lady,14803520,14809920,13272736,13277328
ovl_En_Gm,14809920,14813296,13277328,13279904
ovl_En_Ms,14813296,14815072,13279904,13281360
ovl_En_Hs,14815072,14818048,13281360,13283472
ovl_Bg_Ingate,14818048,14818960,13283472,13284256
ovl_En_Kanban,14818960,14831584,13284256,13291952
ovl_En_Heishi3,14831584,14834096,13291952,13293792
ovl_En_Syateki_Niw,14834096,14842432,13293792,13299888
ovl_En_Attack_Niw,14842432,14847136,13299888,13303312
ovl_Bg_Spot01_Idosoko,14847136,14847664,13303312,13303760
ovl_En_Sa,14847664,14856480,13303760,13309408
ovl_En_Wonder_Talk,14856480,14858160,13309408,13310768
ovl_Bg_Gjyo_Bridge,14858160,14859440,13310768,13311856
ovl_En_Ds,14859440,14862544,13311856,13314000
ovl_En_Mk,14862544,14866272,13314000,13316544
ovl_En_Bom_Bowl_Man,14866272,14871712,13316544,13320544
ovl_En_Bom_Bowl_Pit,14871712,14874128,13320544,13322432
ovl_En_Owl,14874128,14889392,13322432,13331264
ovl_En_Ishi,14889392,14926592,13331264,13336208
ovl_Obj_Hana,14926592,14927376,13336208,13336832
ovl_Obj_Lightswitch,14927376,14932544,13336832,13340416
ovl_Obj_Mure2,14932544,14935136,13340416,13342336
ovl_En_Go,14935136,14953120,13342336,13353952
ovl_En_Fu,14953120,14956512,13353952,13356624
ovl_En_Changer,14956512,14959040,13356624,13358496
ovl_Bg_Jya_Megami,14959040,14963616,13358496,13362304
ovl_Bg_Jya_Lift,14963616,14964976,13362304,13363408
ovl_Bg_Jya_Bigmirror,14964976,14967088,13363408,13365216
ovl_Bg_Jya_Bombchuiwa,14967088,14969952,13365216,13367472
ovl_Bg_Jya_Amishutter,14969952,14970864,13367472,13368064
ovl_Bg_Jya_Bombiwa,14970864,14972336,13368064,13369312
ovl_Bg_Spot18_Basket,14972336,14976416,13369312,13372400
ovl_En_Ganon_Organ,14976416,15005088,13372400,13386320
ovl_En_Siofuki,15005088,15008592,13386320,13388944
ovl_En_Stream,15008592,15010016,13388944,13390176
ovl_En_Mm,15010016,15015680,13390176,13394544
ovl_En_Ko,15015680,15032384,13394544,13404144
ovl_En_Kz,15032384,15037920,13404144,13408240
ovl_En_Weather_Tag,15037920,15041744,13408240,13410112
ovl_Bg_Sst_Floor,15041744,15043120,13410112,13411376
ovl_En_Ani,15043120,15046560,13411376,13413824
ovl_En_Ex_Item,15046560,15051024,13413824,13417088
ovl_Bg_Jya_Ironobj,15051024,15054528,13417088,13419504
ovl_En_Js,15054528,15057040,13419504,13421328
ovl_En_Jsjutan,15057040,15076944,13421328,13428864
ovl_En_Cs,15076944,15081600,13428864,13432416
ovl_En_Md,15081600,15091440,13432416,13438304
ovl_En_Hy,15091440,15106096,13438304,13447536
ovl_En_Ganon_Mant,15106096,15123024,13447536,13455008
ovl_En_Okarina_Effect,15123024,15123984,13455008,13455760
ovl_En_Mag,15123984,15136032,13455760,13464144
ovl_Door_Gerudo,15136032,15137552,13464144,13465408
ovl_Elf_Msg2,15137552,15138688,13465408,13466160
ovl_Demo_Gt,15138688,15160704,13466160,13477232
ovl_En_Po_Field,15160704,15175520,13477232,13487712
ovl_Efc_Erupc,15175520,15178304,13487712,13490048
ovl_Bg_Zg,15178304,15179440,13490048,13490960
ovl_En_Heishi4,15179440,15183280,13490960,13493664
ovl_En_Zl3,15183280,15215616,13493664,13510160
ovl_Boss_Ganon2,15215616,15286016,13510160,13552688
ovl_En_Kakasi,15286016,15289408,13552688,13555280
ovl_En_Takara_Man,15289408,15291648,13555280,13557200
ovl_Obj_Makeoshihiki,15291648,15292816,13557200,13558192
ovl_Oceff_Spot,15292816,15296704,13558192,13561504
ovl_End_Title,15296704,15313392,13561504,13568272
ovl_En_Torch,15313392,15313632,13568272,13568496
ovl_Demo_Ec,15313632,15328064,13568496,13574400
ovl_Shot_Sun,15328064,15329792,13574400,13575840
ovl_En_Dy_Extra,15329792,15331200,13575840,13577088
ovl_En_Wonder_Talk2,15331200,15332896,13577088,13578528
ovl_En_Ge2,15332896,15339456,13578528,13583024
ovl_Obj_Roomtimer,15339456,15340048,13583024,13583536
ovl_En_Ssh,15340048,15349760,13583536,13590272
ovl_En_Sth,15349760,15366320,13590272,13601472
ovl_Oceff_Wipe,15366320,15369728,13601472,13604496
ovl_Effect_Ss_Dust,15369728,15371824,13604496,13606208
ovl_Effect_Ss_KiraKira,15371824,15373472,13606208,13607648
ovl_Effect_Ss_Bomb,15373472,15374528,13607648,13608624
ovl_Effect_Ss_Bomb2,15374528,15376880,13608624,13610528
ovl_Effect_Ss_Blast,15376880,15377792,13610528,13611408
ovl_Effect_Ss_G_Spk,15377792,15379248,13611408,13612720
ovl_Effect_Ss_D_Fire,15379248,15380512,13612720,13613904
ovl_Effect_Ss_Bubble,15380512,15381664,13613904,13614928
ovl_Effect_Ss_G_Ripple,15381664,15383040,13614928,13616192
ovl_Effect_Ss_G_Splash,15383040,15384240,13616192,13617168
ovl_Effect_Ss_G_Magma,15384240,15384848,13617168,13617744
ovl_Effect_Ss_G_Fire,15384848,15385504,13617744,13618352
ovl_Effect_Ss_Lightning,15385504,15387248,13618352,13619968
ovl_Effect_Ss_Dt_Bubble,15387248,15388672,13619968,13621216
ovl_Effect_Ss_Hahen,15388672,15390272,13621216,13622464
ovl_Effect_Ss_Stick,15390272,15391200,13622464,13623312
ovl_Effect_Ss_Sibuki,15391200,15392944,13623312,13624864
ovl_Effect_Ss_Sibuki2,15392944,15393760,13624864,13625648
ovl_Effect_Ss_G_Magma2,15393760,15395056,13625648,13626864
ovl_Effect_Ss_Stone1,15395056,15395968,13626864,13627712
ovl_Effect_Ss_HitMark,15395968,15397328,13627712,13628928
ovl_Effect_Ss_Fhg_Flash,15397328,15401296,13628928,13631520
ovl_Effect_Ss_K_Fire,15401296,15402368,13631520,13632528
ovl_Effect_Ss_Solder_Srch_Ball,15402368,15402800,13632528,13632944
ovl_Effect_Ss_Kakera,15402800,15407040,13632944,13636080
ovl_Effect_Ss_Ice_Piece,15407040,15408128,13636080,13637120
ovl_Effect_Ss_En_Ice,15408128,15410368,13637120,13639104
ovl_Effect_Ss_Fire_Tail,15410368,15412160,13639104,13640736
ovl_Effect_Ss_En_Fire,15412160,15414016,13640736,13642384
ovl_Effect_Ss_Extra,15414016,15414976,13642384,13643328
ovl_Effect_Ss_Fcircle,15414976,15416176,13643328,13644464
ovl_Effect_Ss_Dead_Db,15416176,15417424,13644464,13645680
ovl_Effect_Ss_Dead_Dd,15417424,15418848,13645680,13646992
ovl_Effect_Ss_Dead_Ds,15418848,15420000,13646992,13648064
ovl_Effect_Ss_Dead_Sound,15420000,15420320,13648064,13648384
ovl_Oceff_Storm,15420320,15427392,13648384,13655136
ovl_En_Weiyer,15427392,15434048,13655136,13659536
ovl_Bg_Spot05_Soko,15434048,15434848,13659536,13660192
ovl_Bg_Jya_1flift,15434848,15436528,13660192,13661472
ovl_Bg_Jya_Haheniron,15436528,15438560,13661472,13663136
ovl_Bg_Spot12_Gate,15438560,15439600,13663136,13663920
ovl_Bg_Spot12_Saku,15439600,15440816,13663920,13664880
ovl_En_Hintnuts,15440816,15447520,13664880,13669392
ovl_En_Nutsball,15447520,15449088,13669392,13670800
ovl_Bg_Spot00_Break,15449088,15449504,13670800,13671168
ovl_En_Shopnuts,15449504,15453360,13671168,13673824
ovl_En_It,15453360,15453760,13673824,13674128
ovl_En_GeldB,15453760,15475184,13674128,13687408
ovl_Oceff_Wipe2,15475184,15481184,13687408,13691072
ovl_Oceff_Wipe3,15481184,15487152,13691072,13695824
ovl_En_Niw_Girl,15487152,15489920,13695824,13698208
ovl_En_Dog,15489920,15494448,13698208,13701408
ovl_En_Si,15494448,15495728,13701408,13702464
ovl_Bg_Spot01_Objects2,15495728,15496944,13702464,13703504
ovl_Obj_Comb,15496944,15499088,13703504,13705360
ovl_Bg_Spot11_Bakudankabe,15499088,15500688,13705360,13706736
ovl_Obj_Kibako2,15500688,15502416,13706736,13708208
ovl_En_Dnt_Demo,15502416,15505776,13708208,13710848
ovl_En_Dnt_Jiji,15505776,15511168,13710848,13714096
ovl_En_Dnt_Nomal,15511168,15522960,13714096,13721200
ovl_En_Guest,15522960,15525424,13721200,13723264
ovl_Bg_Bom_Guard,15525424,15525968,13723264,13723760
ovl_En_Hs2,15525968,15527472,13723760,13725008
ovl_Demo_Kekkai,15527472,15532304,13725008,13728752
ovl_Bg_Spot08_Bakudankabe,15532304,15534000,13728752,13730208
ovl_Bg_Spot17_Bakudankabe,15534000,15535760,13730208,13731712
ovl_Obj_Mure3,15535760,15537760,13731712,13733296
ovl_En_Tg,15537760,15539504,13733296,13734784
ovl_En_Mu,15539504,15541840,13734784,13736768
ovl_En_Go2,15541840,15566448,13736768,13752640
ovl_En_Wf,15566448,15583616,13752640,13763744
ovl_En_Skb,15583616,15590000,13763744,13768384
ovl_Demo_Gj,15590000,15605536,13768384,13775664
ovl_Demo_Geff,15605536,15607616,13775664,13777184
ovl_Bg_Gnd_Firemeiro,15607616,15608960,13777184,13778304
ovl_Bg_Gnd_Darkmeiro,15608960,15610944,13778304,13779776
ovl_Bg_Gnd_Soulmeiro,15610944,15613088,13779776,13781552
ovl_Bg_Gnd_Nisekabe,15613088,15613456,13781552,13781888
ovl_Bg_Gnd_Iceblock,15613456,15617792,13781888,13784768
ovl_Bg_Ydan_Sp,15617792,15623792,13784768,13789152
ovl_En_Gb,15623792,15629728,13789152,13793552
ovl_En_Gs,15629728,15637568,13793552,13799312
ovl_Bg_Mizu_Bwall,15637568,15642896,13799312,13802864
ovl_Bg_Mizu_Shutter,15642896,15644944,13802864,13804448
ovl_En_Daiku_Kakariko,15644944,15650000,13804448,13808272
ovl_Bg_Bowl_Wall,15650000,15652432,13808272,13810352
ovl_En_Wall_Tubo,15652432,15653696,13810352,13811408
ovl_En_Po_Desert,15653696,15657216,13811408,13814320
ovl_En_Crow,15657216,15663008,13814320,13818624
ovl_Door_Killer,15663008,15668496,13818624,13822848
ovl_Bg_Spot11_Oasis,15668496,15670336,13822848,13824432
ovl_Bg_Spot18_Futa,15670336,15670752,13824432,13824784
ovl_Bg_Spot18_Shutter,15670752,15672112,13824784,13825840
ovl_En_Ma3,15672112,15676128,13825840,13828960
ovl_En_Cow,15676128,15681344,13828960,13832320
ovl_Bg_Ice_Turara,15681344,15683440,13832320,13834048
ovl_Bg_Ice_Shutter,15683440,15684576,13834048,13834912
ovl_En_Kakasi2,15684576,15686400,13834912,13836352
ovl_En_Kakasi3,15686400,15690720,13836352,13839488
ovl_Oceff_Wipe4,15690720,15694784,13839488,13842512
ovl_En_Eg,15694784,15695216,13842512,13842864
ovl_Bg_Menkuri_Nisekabe,15695216,15695552,13842864,13843152
ovl_En_Zo,15695552,15705200,13843152,13849920
ovl_Effect_Ss_Ice_Smoke,15705200,15706416,13849920,13851008
ovl_Obj_Makekinsuta,15706416,15706752,13851008,13851328
ovl_En_Ge3,15706752,15709648,13851328,13853504
ovl_Obj_Timeblock,15709648,15712784,13853504,13855792
ovl_Obj_Hamishi,15712784,15714912,13855792,13857584
ovl_En_Zl4,15714912,15733904,13857584,13867312
ovl_En_Mm2,15733904,15737424,13867312,13869984
ovl_Bg_Jya_Block,15737424,15738048,13869984,13870592
ovl_Obj_Warp2block,15738048,15740912,13870592,13872848
gameplay_keep,15740928,16116960,13872848,14067344
gameplay_field_keep,16117760,16171824,14067344,14104752
gameplay_dangeon_keep,16175104,16272112,14104752,14164880
gameplay_object_exchange_static,16273408,16273424,14164880,14164912
object_link_boy,16277504,16504832,14164912,14272320
object_link_child,16506880,16691072,14272320,14360784
object_box,16691200,16715776,14360784,14373536
object_human,16715776,16793984,14373536,14405296
object_okuta,16797696,16813184,14405296,14413040
object_poh,16814080,16834784,14413040,14426320
object_wallmaster,16838656,16879728,14426320,14453216
object_dy_obj,16883712,17003824,14453216,14527856
object_firefly,17006592,17012928,14527856,14531584
object_dodongo,17014784,17054016,14531584,14559296
object_fire,17055744,17072288,14559296,14566000
object_niw,17076224,17085760,14566000,14570848
object_tite,17088512,17103408,14570848,14580880
object_reeba,17104896,17112816,14580880,14586032
object_peehat,17113088,17120400,14586032,14589552
object_kingdodongo,17121280,17316064,14589552,14714512
object_horse,17317888,17374992,14714512,14757216
object_zf,17375232,17466272,14757216,14819568
object_goma,17469440,17592832,14819568,14911312
object_zl1,17596416,17679296,14911312,14955456
object_gol,17682432,17699360,14955456,14966592
object_bubble,17702912,17707200,14966592,14968480
object_dodojr,17711104,17719536,14968480,14974672
object_torch2,17723392,17741680,14974672,14982960
object_bl,17743872,17766480,14982960,14992272
object_tp,17768448,17775856,14992272,14997216
object_oA1,17776640,17794832,14997216,15006576
object_st,17797120,17820592,15006576,15019632
object_bw,17821696,17830496,15019632,15025008
object_ei,17833984,17847328,15025008,15032576
object_horse_normal,17850368,17891264,15032576,15065376
object_oB1,17891328,17917616,15065376,15077616
object_o_anime,17920000,17928528,15077616,15084784
object_spot04_objects,17932288,17938112,15084784,15087984
object_ddan_objects,17940480,17975136,15087984,15110256
object_hidan_objects,17977344,18074912,15110256,15158880
object_horse_ganon,18075648,18124944,15158880,15192624
object_oA2,18128896,18151120,15192624,15197792
object_spot00_objects,18153472,18160656,15197792,15200656
object_mb,18161664,18244000,15200656,15256880
object_bombf,18247680,18254336,15256880,15260880
object_sk2,18255872,18315264,15260880,15306608
object_oE1,18317312,18343952,15306608,15319184
object_oE_anime,18345984,18366560,15319184,15338640
object_oE2,18370560,18393712,15338640,15349632
object_ydan_objects,18395136,18432128,15349632,15378144
object_gnd,18436096,18513920,15378144,15437504
object_am,18513920,18537296,15437504,15449616
object_dekubaba,18538496,18553280,15449616,15459840
object_oA3,18554880,18563376,15459840,15464368
object_oA4,18567168,18573104,15464368,15467120
object_oA5,18575360,18581168,15467120,15469808
object_oA6,18583552,18590208,15469808,15472848
object_oA7,18591744,18597200,15472848,15475392
object_jj,18599936,18647744,15475392,15503424
object_oA8,18649088,18655152,15503424,15506048
object_oA9,18657280,18658592,15506048,15507008
object_oB2,18661376,18677984,15507008,15515424
object_oB3,18681856,18699408,15515424,15524160
object_oB4,18702336,18708592,15524160,15527056
object_horse_zelda,18710528,18739552,15527056,15545776
object_opening_demo1,18743296,18763872,15545776,15564464
object_warp1,18767872,18779312,15564464,15572672
object_b_heart,18780160,18781760,15572672,15573856
object_dekunuts,18784256,18798176,15573856,15582176
object_oE3,18800640,18829600,15582176,15595648
object_oE4,18833408,18853840,15595648,15605296
object_menkuri_objects,18853888,18889488,15605296,15630032
object_oE5,18890752,18912704,15630032,15640848
object_oE6,18915328,18927184,15640848,15647104
object_oE7,18927616,18938464,15647104,15653648
object_oE8,18939904,18953168,15653648,15660464
object_oE9,18956288,18968336,15660464,15665696
object_oE10,18968576,18979280,15665696,15671568
object_oE11,18980864,18993648,15671568,15677408
object_oE12,18997248,19011520,15677408,15684608
object_vali,19013632,19032144,15684608,15694288
object_oA10,19034112,19046064,15694288,15699936
object_oA11,19046400,19051968,15699936,15702768
object_mizu_objects,19054592,19100448,15702768,15730160
object_fhg,19103744,19172832,15730160,15774768
object_ossan,19173376,19213136,15774768,15791856
object_mori_hineri1,19214336,19236080,15791856,15800096
object_Bb,19238912,19245632,15800096,15803952
object_toki_objects,19247104,19280976,15803952,15820768
object_yukabyun,19283968,19289328,15820768,15823472
object_zl2,19292160,19361152,15823472,15854976
object_mjin,19361792,19366544,15854976,15857584
object_mjin_flash,19369984,19374080,15857584,15860192
object_mjin_dark,19374080,19378176,15860192,15863456
object_mjin_flame,19378176,19382272,15863456,15866288
object_mjin_ice,19382272,19386368,15866288,15869616
object_mjin_soul,19386368,19390464,15869616,15872912
object_mjin_wind,19390464,19394560,15872912,15876176
object_mjin_oka,19394560,19401568,15876176,15881376
object_haka_objects,19402752,19523248,15881376,15942624
object_spot06_objects,19525632,19537312,15942624,15950896
object_ice_objects,19537920,19574096,15950896,15976592
object_relay_objects,19574784,19588656,15976592,15986240
object_mori_hineri1a,19591168,19604672,15986240,15991168
object_mori_hineri2,19607552,19624960,15991168,15997776
object_mori_hineri2a,19628032,19652784,15997776,16007344
object_mori_objects,19656704,19692048,16007344,16024272
object_mori_tex,19693568,19734016,16024272,16048320
object_spot08_obj,19734528,19756544,16048320,16061952
object_warp2,19759104,19759120,16061952,16061984
object_hata,19763200,19775456,16061984,16067968
object_bird,19775488,19784096,16067968,16073840
object_wood02,19787776,19822544,16073840,16093952
object_lightbox,19824640,19832640,16093952,16096336
object_pu_box,19832832,19838464,16096336,16098944
object_trap,19841024,19850208,16098944,16105968
object_vase,19853312,19858832,16105968,16110224
object_im,19861504,19935792,16110224,16146320
object_ta,19939328,19997680,16146320,16179152
object_tk,20000768,20049488,16179152,16208880
object_xc,20049920,20167456,16208880,16290912
object_vm,20168704,20184944,16290912,16299248
object_bv,20185088,20307376,16299248,16358544
object_hakach_objects,20307968,20335344,16358544,16378032
object_efc_crystal_light,20336640,20339360,16378032,16380688
object_efc_fire_ball,20340736,20344064,16380688,16383872
object_efc_flash,20344832,20344848,16383872,16383904
object_efc_lgt_shower,20348928,20353744,16383904,16387616
object_efc_star_field,20357120,20363216,16387616,16391792
object_god_lgt,20365312,20382544,16391792,16403248
object_light_ring,20385792,20390528,16403248,16404656
object_triforce_spot,20393984,20404496,16404656,16411664
object_medal,20406272,20427072,16411664,16418896
object_bdan_objects,20430848,20483344,16418896,16451264
object_sd,20484096,20535008,16451264,16477424
object_rd,20537344,20598768,16477424,16514448
object_po_sisters,20598784,20657088,16514448,16547424
object_heavy_object,20660224,20667104,16547424,16550784
object_gndd,20668416,20740608,16550784,16588704
object_fd,20742144,20808304,16588704,16625664
object_du,20811776,20887088,16625664,16673040
object_fw,20889600,20921824,16673040,16694592
object_horse_link_child,20922368,20957984,16694592,16718992
object_spot02_objects,20959232,21050912,16718992,16769024
object_haka,21053440,21058656,16769024,16773296
object_ru1,21061632,21142144,16773296,16831936
object_syokudai,21143552,21159056,16831936,16840752
object_fd2,21159936,21232272,16840752,16887824
object_dh,21233664,21270720,16887824,16916128
object_rl,21274624,21306192,16916128,16931904
object_efc_tw,21307392,21312240,16931904,16936928
object_demo_tre_lgt,21315584,21315600,16936928,16936960
object_gi_key,21319680,21322272,16936960,16938192
object_mir_ray,21323776,21331200,16938192,16939840
object_brob,21331968,21338784,16939840,16943360
object_gi_jewel,21340160,21354112,16943360,16951792
object_spot09_obj,21356544,21457040,16951792,17011008
object_spot18_obj,21458944,21510672,17011008,17041008
object_bdoor,21512192,21542336,17041008,17058272
object_spot17_obj,21544960,21551152,17058272,17063168
object_shop_dungen,21553152,21568032,17063168,17072112
object_nb,21569536,21668320,17072112,17137536
object_mo,21671936,21703792,17137536,17154592
object_sb,21704704,21716128,17154592,17160192
object_gi_melody,21716992,21720352,17160192,17161680
object_gi_heart,21721088,21721584,17161680,17162080
object_gi_compass,21725184,21728528,17162080,17163760
object_gi_bosskey,21729280,21733392,17163760,17165632
object_gi_medal,21737472,21758832,17165632,17171936
object_gi_nuts,21762048,21766592,17171936,17174880
object_sa,21770240,21856816,17174880,17234240
object_gi_hearts,21860352,21866416,17234240,17236640
object_gi_arrowcase,21868544,21871792,17236640,17238320
object_gi_bombpouch,21872640,21876320,17238320,17240016
object_in,21876736,21978192,17240016,17296672
object_tr,21979136,22056496,17296672,17344544
object_spot16_obj,22056960,22062336,17344544,17348768
object_oE1s,22065152,22091104,17348768,17361536
object_oE4s,22093824,22113792,17361536,17371088
object_os_anime,22114304,22156864,17371088,17406272
object_gi_bottle,22159360,22161648,17406272,17407568
object_gi_stick,22163456,22165184,17407568,17408880
object_gi_map,22167552,22172000,17408880,17412208
object_oF1d_map,22175744,22242720,17412208,17452032
object_ru2,22245376,22309072,17452032,17486064
object_gi_shield_1,22310912,22314320,17486064,17488848
object_dekujr,22315008,22328592,17488848,17496000
object_gi_magicpot,22331392,22335952,17496000,17498144
object_gi_bomb_1,22339584,22342832,17498144,17499696
object_oF1s,22343680,22378656,17499696,17516704
object_ma2,22380544,22421232,17516704,17539632
object_gi_purse,22421504,22428528,17539632,17546016
object_hni,22429696,22474608,17546016,17581520
object_tw,22474752,22711216,17581520,17730816
object_rr,22712320,22715904,17730816,17733296
object_bxa,22716416,22727664,17733296,17741040
object_anubice,22728704,22743456,17741040,17749728
object_gi_gerudo,22745088,22750016,17749728,17752896
object_gi_arrow,22753280,22760208,17752896,17755600
object_gi_bomb_2,22761472,22763168,17755600,17756800
object_gi_egg,22765568,22770464,17756800,17759312
object_gi_scale,22773760,22777328,17759312,17761200
object_gi_shield_2,22777856,22782064,17761200,17763616
object_gi_hookshot,22786048,22791520,17763616,17766464
object_gi_ocarina,22794240,22797232,17766464,17768304
object_gi_milk,22798336,22803568,17768304,17770720
object_ma1,22806528,22842752,17770720,17788912
object_ganon,22843392,22909184,17788912,17817536
object_sst,22913024,23017392,17817536,17857008
object_ny,23019520,23028080,17857008,17860880
object_fr,23031808,23078064,17860880,17878768
object_gi_pachinko,23080960,23084128,17878768,17880624
object_gi_boomerang,23085056,23088544,17880624,17882656
object_gi_bow,23089152,23092528,17882656,17884800
object_gi_glasses,23093248,23097728,17884800,17886864
object_gi_liquid,23101440,23107792,17886864,17889568
object_ani,23109632,23140096,17889568,17905344
object_demo_6k,23142400,23157664,17905344,17915104
object_gi_shield_3,23158784,23163584,17915104,17916960
object_gi_letter,23166976,23170560,17916960,17919296
object_spot15_obj,23171072,23178496,17919296,17923232
object_jya_obj,23179264,23294272,17923232,17978496
object_gi_clothes,23298048,23304288,17978496,17982160
object_gi_bean,23306240,23308480,17982160,17983664
object_gi_fish,23310336,23312720,17983664,17985136
object_gi_saw,23314432,23317376,17985136,17986912
object_gi_hammer,23318528,23321792,17986912,17988624
object_gi_grass,23322624,23325712,17988624,17990624
object_gi_longsword,23326720,23328960,17990624,17992064
object_spot01_objects,23330816,23340176,17992064,17998944
object_md,23343104,23384400,17998944,18022224
object_km1,23388160,23411136,18022224,18032368
object_kw1,23412736,23439584,18032368,18043936
object_zo,23441408,23490624,18043936,18068464
object_kz,23494656,23529184,18068464,18083280
object_umajump,23531520,23536752,18083280,18086240
object_masterkokiri,23539712,23540928,18086240,18087376
object_masterkokirihead,23543808,23555232,18087376,18092624
object_mastergolon,23556096,23556368,18092624,18092848
object_masterzoora,23560192,23562144,18092848,18094944
object_aob,23564288,23586480,18094944,18103296
object_ik,23588864,23721424,18103296,18197296
object_ahg,23724032,23746992,18197296,18208624
object_cne,23748608,23759312,18208624,18213248
object_gi_niwatori,23760896,23767536,18213248,18217424
object_skj,23769088,23805488,18217424,18242912
object_gi_bottle_letter,23805952,23809152,18242912,18244896
object_bji,23810048,23826832,18244896,18252528
object_bba,23830528,23847568,18252528,18259904
object_gi_ocarina_0,23851008,23854096,18259904,18261920
object_ds,23855104,23873408,18261920,18272656
object_ane,23875584,23904176,18272656,18284448
object_boj,23904256,23928000,18284448,18296240
object_spot03_object,23928832,23934560,18296240,18299648
object_spot07_object,23937024,23964976,18299648,18318672
object_fz,23965696,23979216,18318672,18323296
object_bob,23982080,24002336,18323296,18330864
object_ge1,24002560,24044720,18330864,18349920
object_yabusame_point,24047616,24051280,18349920,18351392
object_gi_boots_2,24051712,24058816,18351392,18355104
object_gi_seed,24059904,24062656,18355104,18356960
object_gnd_magic,24064000,24068736,18356960,18361280
object_d_elevator,24072192,24077200,18361280,18366208
object_d_hsblock,24080384,24086368,18366208,18370992
object_d_lift,24088576,24094720,18370992,18376912
object_mamenoki,24096768,24106720,18376912,18385056
object_goroiwa,24109056,24115360,18385056,18388464
object_toryo,24117248,24146272,18388464,18402384
object_daiku,24150016,24184944,18402384,18422048
object_nwc,24186880,24190368,18422048,18424784
object_blkobj,24190976,24270992,18424784,18472528
object_gm,24272896,24273616,18472528,18473120
object_ms,24276992,24292816,18473120,18481472
object_hs,24293376,24318576,18481472,18494640
object_ingate,24322048,24326640,18494640,18496592
object_lightswitch,24330240,24339488,18496592,18501856
object_kusa,24342528,24343424,18501856,18502448
object_tsubo,24346624,24353264,18502448,18508128
object_gi_gloves,24354816,24361312,18508128,18511232
object_gi_coin,24363008,24365136,18511232,18512384
object_kanban,24367104,24373168,18512384,18514064
object_gjyo_objects,24375296,24380912,18514064,18517344
object_owl,24383488,24449216,18517344,18547664
object_mk,24453120,24477184,18547664,18559312
object_fu,24477696,24505504,18559312,18573760
object_gi_ki_tan_mask,24506368,24509936,18573760,18575760
object_gi_redead_mask,24510464,24513168,18575760,18577104
object_gi_skj_mask,24514560,24517856,18577104,18579056
object_gi_rabit_mask,24518656,24522496,18579056,18581088
object_gi_truth_mask,24522752,24528992,18581088,18584256
object_ganon_objects,24530944,24535408,18584256,18586624
object_siofuki,24539136,24542640,18586624,18588352
object_stream,24543232,24545920,18588352,18589808
object_mm,24547328,24580208,18589808,18607936
object_fa,24584192,24599440,18607936,18614016
object_os,24600576,24618608,18614016,18624160
object_gi_eye_lotion,24621056,24623472,18624160,18625504
object_gi_powder,24625152,24628096,18625504,18627248
object_gi_mushroom,24629248,24632528,18627248,18628848
object_gi_ticketstone,24633344,24638112,18628848,18631792
object_gi_brokensword,24641536,24643984,18631792,18633168
object_js,24645632,24670000,18633168,18645760
object_cs,24670208,24704336,18645760,18662368
object_gi_prescription,24707072,24710176,18662368,18663744
object_gi_bracelet,24711168,24714224,18663744,18665248
object_gi_soldout,24715264,24716496,18665248,18665904
object_gi_frog,24719360,24723728,18665904,18668336
object_mag,24727552,24855616,18668336,18711632
object_door_gerudo,24858624,24861088,18711632,18712784
object_gt,24862720,24942064,18712784,18760304
object_efc_erupc,24944640,24955120,18760304,18766368
object_zl2_anime1,24956928,25003536,18766368,18801712
object_zl2_anime2,25006080,25049824,18801712,18838784
object_gi_golonmask,25051136,25057200,18838784,18842736
object_gi_zoramask,25059328,25065008,18842736,18846096
object_gi_gerudomask,25067520,25072640,18846096,18849776
object_ganon2,25075712,25290736,18849776,19009024
object_ka,25292800,25319360,19009024,19018816
object_ts,25321472,25341936,19018816,19028624
object_zg,25341952,25346560,19028624,19029344
object_gi_hoverboots,25350144,25357936,19029344,19033744
object_gi_m_arrow,25358336,25362048,19033744,19035472
object_ds2,25362432,25379440,19035472,19043984
object_ec,25382912,25434416,19043984,19088608
object_fish,25436160,25523696,19088608,19133408
object_gi_sutaru,25526272,25527888,19133408,19134320
object_gi_goddess,25530368,25533520,19134320,19135728
object_ssh,25534464,25558016,19135728,19148240
object_bigokuta,25559040,25586640,19148240,19163728
object_bg,25587712,25617088,19163728,19178912
object_spot05_objects,25620480,25625328,19178912,19182416
object_spot12_obj,25628672,25637824,19182416,19187280
object_bombiwa,25640960,25643776,19187280,19190000
object_hintnuts,25645056,25657664,19190000,19198720
object_rs,25661440,25680000,19198720,19208256
object_spot00_break,25681920,25689632,19208256,19213888
object_gla,25690112,25730800,19213888,19238544
object_shopnuts,25731072,25748880,19238544,19249936
object_geldb,25751552,25798384,19249936,19279152
object_gr,25800704,25840784,19279152,19292096
object_dog,25841664,25871008,19292096,19306960
object_jya_iron,25874432,25884256,19306960,19310784
object_jya_door,25886720,25895552,19310784,19314480
object_spot01_objects2,25899008,25899024,19314480,19314512
object_spot11_obj,25903104,25909904,19314512,19319712
object_kibako2,25911296,25915584,19319712,19323376
object_dns,25919488,25933776,19323376,19332752
object_dnk,25935872,25947696,19332752,19340160
object_gi_fire,25948160,25952224,19340160,19342688
object_gi_insect,25952256,25955312,19342688,19344544
object_gi_butterfly,25956352,25959376,19344544,19346384
object_gi_ghost,25960448,25963952,19346384,19348832
object_gi_soul,25964544,25968560,19348832,19350912
object_bowl,25968640,25982192,19350912,19356272
object_po_field,25985024,26012224,19356272,19373024
object_demo_kekkai,26013696,26074384,19373024,19408592
object_efc_doughnut,26075136,26079312,19408592,19410848
object_gi_dekupouch,26083328,26087504,19410848,19413488
object_ganon_anime1,26091520,26139712,19413488,19462032
object_ganon_anime2,26140672,26207536,19462032,19517920
object_ganon_anime3,26210304,26294256,19517920,19588400
object_gi_rupy,26296320,26298368,19588400,19589456
object_spot01_matoya,26300416,26315920,19589456,19600704
object_spot01_matoyab,26316800,26325472,19600704,19606128
object_po_composer,26329088,26357664,19606128,19623216
object_mu,26357760,26402384,19623216,19646544
object_wf,26402816,26445056,19646544,19671392
object_skb,26447872,26466320,19671392,19684816
object_gj,26468352,26511136,19684816,19718224
object_geff,26513408,26517424,19718224,19721616
object_haka_door,26517504,26532208,19721616,19728288
object_gs,26533888,26536576,19728288,19731088
object_ps,26537984,26589440,19731088,19756720
object_bwall,26591232,26595664,19756720,19759760
object_crow,26599424,26603728,19759760,19761728
object_cow,26607616,26627760,19761728,19772320
object_cob,26628096,26636816,19772320,19775648
object_gi_sword_1,26640384,26643744,19775648,19777488
object_door_killer,26644480,26651616,19777488,19779408
object_ouke_haka,26652672,26655088,19779408,19781792
object_timeblock,26656768,26659680,19781792,19784496
object_zl4,26660864,26779168,19784496,19863536
g_pn_01,26779648,26786560,19863536,19865856
g_pn_02,26787840,26794752,19865856,19868272
g_pn_03,26796032,26802944,19868272,19870384
g_pn_04,26804224,26811136,19870384,19872688
g_pn_05,26812416,26819328,19872688,19875008
g_pn_06,26820608,26827520,19875008,19877920
g_pn_07,26828800,26835712,19877920,19881360
g_pn_08,26836992,26843904,19881360,19884240
g_pn_09,26845184,26852096,19884240,19887200
g_pn_10,26853376,26860288,19887200,19889168
g_pn_11,26861568,26868480,19889168,19892304
g_pn_12,26869760,26876672,19892304,19894768
g_pn_13,26877952,26884864,19894768,19897568
g_pn_14,26886144,26893056,19897568,19900048
g_pn_15,26894336,26901248,19900048,19902416
g_pn_16,26902528,26909440,19902416,19904624
g_pn_17,26910720,26917632,19904624,19906144
g_pn_18,26918912,26925824,19906144,19908080
g_pn_19,26927104,26934016,19908080,19910320
g_pn_20,26935296,26942208,19910320,19912528
g_pn_21,26943488,26950400,19912528,19914688
g_pn_22,26951680,26958592,19914688,19917216
g_pn_23,26959872,26966784,19917216,19919008
g_pn_24,26968064,26974976,19919008,19920944
g_pn_25,26976256,26983168,19920944,19923504
g_pn_26,26984448,26991360,19923504,19926544
g_pn_27,26992640,26999552,19926544,19928752
g_pn_28,27000832,27007744,19928752,19931024
g_pn_29,27009024,27015936,19931024,19932656
g_pn_30,27017216,27024128,19932656,19934528
g_pn_31,27025408,27032320,19934528,19936752
g_pn_32,27033600,27040512,19936752,19938912
g_pn_33,27041792,27048704,19938912,19941040
g_pn_34,27049984,27056896,19941040,19943264
g_pn_35,27058176,27065088,19943264,19945632
g_pn_36,27066368,27073280,19945632,19947776
g_pn_37,27074560,27081472,19947776,19950448
g_pn_38,27082752,27089664,19950448,19952784
g_pn_39,27090944,27097856,19952784,19955744
g_pn_40,27099136,27106048,19955744,19958736
g_pn_41,27107328,27114240,19958736,19960816
g_pn_42,27115520,27122432,19960816,19963104
g_pn_43,27123712,27130624,19963104,19965504
g_pn_44,27131904,27138816,19965504,19968080
g_pn_45,27140096,27147008,19968080,19970416
g_pn_46,27148288,27155200,19970416,19972320
g_pn_47,27156480,27163392,19972320,19975376
g_pn_48,27164672,27171584,19975376,19976928
g_pn_49,27172864,27179776,19976928,19979680
g_pn_50,27181056,27187968,19979680,19982208
g_pn_51,27189248,27196160,19982208,19984464
g_pn_52,27197440,27204352,19984464,19987072
g_pn_53,27205632,27212544,19987072,19989600
g_pn_54,27213824,27220736,19989600,19991904
g_pn_55,27222016,27228928,19991904,19994528
g_pn_56,27230208,27237120,19994528,19996912
g_pn_57,27238400,27245312,19996912,19997424
z_select_static,27246592,27255296,19997424,19999456
nintendo_rogo_static,27258880,27270592,19999456,20005456
title_static,27271168,27506112,20005456,20139744
parameter_static,27508736,27523840,20139744,20144032
vr_fine0_static,27525120,27574272,20144032,20154928
vr_fine0_pal_static,27574272,27574528,20154928,0
vr_fine1_static,27578368,27627520,20155184,20180192
vr_fine1_pal_static,27627520,27627776,20180192,0
vr_fine2_static,27631616,27680768,20180448,20200848
vr_fine2_pal_static,27680768,27681024,20200848,0
vr_fine3_static,27684864,27734016,20201104,20216704
vr_fine3_pal_static,27734016,27734272,20216704,0
vr_cloud0_static,27738112,27787264,20216960,20244576
vr_cloud0_pal_static,27787264,27787520,20244576,0
vr_cloud1_static,27791360,27840512,20244832,20273312
vr_cloud1_pal_static,27840512,27840768,20273312,0
vr_cloud2_static,27844608,27893760,20273568,20303072
vr_cloud2_pal_static,27893760,27894016,20303072,0
vr_cloud3_static,27897856,27947008,20303328,20323440
vr_cloud3_pal_static,27947008,27947264,20323440,0
vr_holy0_static,27951104,28016640,20323696,20350592
vr_holy0_pal_static,28016640,28016896,20350592,0
vr_holy1_static,28020736,28086272,20350848,20377664
vr_holy1_pal_static,28086272,28086528,20377664,0
vr_MDVR_static,28090368,28352512,20377920,20561280
vr_MDVR_pal_static,28352512,28354560,20561280,0
vr_MNVR_static,28356608,28618752,20563328,20719248
vr_MNVR_pal_static,28618752,28620800,20719248,0
vr_RUVR_static,28622848,28884992,20721296,20940528
vr_RUVR_pal_static,28884992,28887040,20940528,0
vr_LHVR_static,28889088,29151232,20942576,21192528
vr_LHVR_pal_static,29151232,29153280,21192528,0
vr_KHVR_static,29155328,29417472,21194576,21431792
vr_KHVR_pal_static,29417472,29419520,21431792,0
vr_K3VR_static,29421568,29618176,21433840,21608752
vr_K3VR_pal_static,29618176,29619712,21608752,0
vr_K4VR_static,29622272,29818880,21610288,21793456
vr_K4VR_pal_static,29818880,29820416,21793456,0
vr_K5VR_static,29822976,30019584,21794992,21969824
vr_K5VR_pal_static,30019584,30021120,21969824,0
vr_SP1a_static,30023680,30154752,21971360,22031488
vr_SP1a_pal_static,30154752,30155776,22031488,0
vr_MLVR_static,30158848,30420992,22032512,22266064
vr_MLVR_pal_static,30420992,30423040,22266064,0
vr_KKRVR_static,30425088,30687232,22268112,22412256
vr_KKRVR_pal_static,30687232,30689280,22412256,0
vr_KR3VR_static,30691328,30887936,22414304,22527024
vr_KR3VR_pal_static,30887936,30889472,22527024,0
vr_IPVR_static,30892032,31154176,22528560,22670032
vr_IPVR_pal_static,31154176,31156224,22670032,0
vr_KSVR_static,31158272,31289344,22672080,22770656
vr_KSVR_pal_static,31289344,31290368,22770656,0
vr_GLVR_static,31293440,31424512,22771680,22887072
vr_GLVR_pal_static,31424512,31425536,22887072,0
vr_ZRVR_static,31428608,31559680,22888096,22985904
vr_ZRVR_pal_static,31559680,31560704,22985904,0
vr_DGVR_static,31563776,31694848,22986928,23070608
vr_DGVR_pal_static,31694848,31695872,23070608,0
vr_ALVR_static,31698944,31830016,23071632,23170336
vr_ALVR_pal_static,31830016,31831040,23170336,0
vr_NSVR_static,31834112,31965184,23171360,23259184
vr_NSVR_pal_static,31965184,31966208,23259184,0
vr_LBVR_static,31969280,32231424,23260208,23438912
vr_LBVR_pal_static,32231424,32233472,23438912,0
vr_TTVR_static,32235520,32432128,23440960,23575472
vr_TTVR_pal_static,32432128,32433664,23575472,0
vr_FCVR_static,32436224,32567296,23577008,23652032
vr_FCVR_pal_static,32567296,32568320,23652032,0
elf_message_field,32571392,32571504,23653056,23653200
elf_message_ydan,32575488,32575504,23653200,23653232
ddan_scene,32579584,32665920,23653232,23704320
ddan_room_0,32669696,32782496,23704320,23758736
ddan_room_1,32784384,32824064,23758736,23780464
ddan_room_2,32825344,32857504,23780464,23798752
ddan_room_3,32858112,32914880,23798752,23828752
ddan_room_4,32915456,32954448,23828752,23848384
ddan_room_5,32956416,32980704,23848384,23861760
ddan_room_6,32980992,32990208,23861760,23867936
ddan_room_7,32993280,33023696,23867936,23882960
ddan_room_8,33026048,33063936,23882960,23906848
ddan_room_9,33067008,33113424,23906848,23932480
ddan_room_10,33116160,33148496,23932480,23952288
ddan_room_11,33148928,33157248,23952288,23957600
ddan_room_12,33161216,33195824,23957600,23978208
ddan_room_13,33198080,33207424,23978208,23984464
ddan_room_14,33210368,33219728,23984464,23990672
ddan_room_15,33222656,33232976,23990672,23997744
ddan_room_16,33234944,33256784,23997744,24013696
spot00_scene,33259520,33432096,24013696,24120880
spot00_room_0,33435648,33522224,24120880,24157824
spot01_scene,33525760,33640784,24157824,24235520
spot01_room_0,33644544,33685216,24235520,24253680
spot02_scene,33685504,33733760,24253680,24283472
spot02_room_0,33734656,33744608,24283472,24287040
spot02_room_1,33746944,33869712,24287040,24361664
spot03_scene,33869824,33916256,24361664,24395552
spot03_room_0,33918976,33974656,24395552,24424896
spot03_room_1,33976320,34006272,24424896,24442192
spot04_scene,34009088,34079296,24442192,24487504
spot04_room_0,34082816,34194576,24487504,24552272
spot04_room_1,34197504,34231680,24552272,24572560
spot04_room_2,34234368,34254960,24572560,24585072
spot05_scene,34258944,34344288,24585072,24641376
spot05_room_0,34344960,34385664,24641376,24657728
spot06_scene,34385920,34497584,24657728,24735264
spot06_room_0,34500608,34543136,24735264,24755360
spot07_scene,34545664,34584608,24755360,24785264
spot07_room_0,34586624,34611952,24785264,24796288
spot07_room_1,34615296,34666912,24796288,24822784
spot08_scene,34668544,34739872,24822784,24876672
spot08_room_0,34742272,34775392,24876672,24892368
spot09_scene,34779136,34849120,24892368,24938656
spot09_room_0,34852864,34887616,24938656,24954080
spot10_scene,34889728,34956336,24954080,24997776
spot10_room_0,34959360,34969072,24997776,25001456
spot10_room_1,34971648,35005488,25001456,25020144
spot10_room_2,35008512,35027952,25020144,25030000
spot10_room_3,35028992,35052208,25030000,25042624
spot10_room_4,35053568,35062992,25042624,25046048
spot10_room_5,35065856,35094512,25046048,25059648
spot10_room_6,35094528,35109616,25059648,25068896
spot10_room_7,35110912,35120576,25068896,25072400
spot10_room_8,35123200,35133040,25072400,25075968
spot10_room_9,35135488,35150816,25075968,25084528
spot11_scene,35151872,35255520,25084528,25157360
spot11_room_0,35258368,35309504,25157360,25184512
spot12_scene,35311616,35376768,25184512,25225616
spot12_room_0,35377152,35448256,25225616,25263392
spot12_room_1,35450880,35500192,25263392,25291024
spot13_scene,35504128,35528240,25291024,25307456
spot13_room_0,35528704,35531024,25307456,25308800
spot13_room_1,35532800,35609152,25308800,25354768
spot15_scene,35610624,35710208,25354768,25422448
spot15_room_0,35713024,35766720,25422448,25446016
spot16_scene,35770368,35895952,25446016,25536768
spot16_room_0,35897344,35941648,25536768,25558960
spot17_scene,35942400,36007648,25558960,25603696
spot17_room_0,36007936,36034688,25603696,25617600
spot17_room_1,36036608,36111200,25617600,25653488
spot18_scene,36114432,36156496,25653488,25680608
spot18_room_0,36159488,36235216,25680608,25723520
spot18_room_1,36237312,36262400,25723520,25739520
spot18_room_2,36265984,36338096,25739520,25780960
spot18_room_3,36339712,36461808,25780960,25846688
market_day_scene,36462592,36472432,25846688,25852112
market_day_room_0,36474880,36497520,25852112,25857856
market_night_scene,36499456,36509232,25857856,25863168
market_night_room_0,36511744,36534176,25863168,25868768
HIDAN_scene,36536320,36645232,25868768,25932384
HIDAN_room_0,36646912,36676288,25932384,25945952
HIDAN_room_1,36679680,36731360,25945952,25971408
HIDAN_room_2,36732928,36798416,25971408,25999936
HIDAN_room_3,36798464,36807904,25999936,26005024
HIDAN_room_4,36810752,36841616,26005024,26019552
HIDAN_room_5,36843520,36885040,26019552,26036288
HIDAN_room_6,36888576,36917152,26036288,26051184
HIDAN_room_7,36917248,36932064,26051184,26058640
HIDAN_room_8,36933632,36973248,26058640,26078960
HIDAN_room_9,36974592,37009264,26078960,26094272
HIDAN_room_10,37011456,37110944,26094272,26135168
HIDAN_room_11,37113856,37128128,26135168,26142256
HIDAN_room_12,37130240,37141376,26142256,26147136
HIDAN_room_13,37142528,37194720,26147136,26167376
HIDAN_room_14,37195776,37204576,26167376,26172064
HIDAN_room_15,37208064,37212624,26172064,26174528
HIDAN_room_16,37216256,37263728,26174528,26198784
HIDAN_room_17,37265408,37302592,26198784,26215008
HIDAN_room_18,37306368,37321600,26215008,26223152
HIDAN_room_19,37322752,37339616,26223152,26231600
HIDAN_room_20,37343232,37371152,26231600,26245840
HIDAN_room_21,37371904,37405888,26245840,26264336
HIDAN_room_22,37408768,37436160,26264336,26278288
HIDAN_room_23,37437440,37465376,26278288,26292592
HIDAN_room_24,37466112,37487936,26292592,26302816
HIDAN_room_25,37490688,37518048,26302816,26317296
HIDAN_room_26,37519360,37546144,26317296,26328896
Bmori1_scene,37548032,37638032,26328896,26381728
Bmori1_room_0,37638144,37694400,26381728,26416752
Bmori1_room_1,37695488,37718880,26416752,26428608
Bmori1_room_2,37720064,37784112,26428608,26459168
Bmori1_room_3,37785600,37800464,26459168,26466336
Bmori1_room_4,37801984,37814960,26466336,26471280
Bmori1_room_5,37818368,37832160,26471280,26478304
Bmori1_room_6,37834752,37872832,26478304,26493408
Bmori1_room_7,37875712,37953536,26493408,26532688
Bmori1_room_8,37953536,38050672,26532688,26580160
Bmori1_room_9,38051840,38093200,26580160,26599856
Bmori1_room_10,38096896,38118368,26599856,26613424
Bmori1_room_11,38121472,38165456,26613424,26631136
Bmori1_room_12,38166528,38200288,26631136,26648976
Bmori1_room_13,38203392,38238896,26648976,26667104
Bmori1_room_14,38240256,38263728,26667104,26679008
Bmori1_room_15,38264832,38274704,26679008,26685488
Bmori1_room_16,38277120,38297504,26685488,26695024
Bmori1_room_17,38297600,38334800,26695024,26710720
Bmori1_room_18,38338560,38343488,26710720,26713392
Bmori1_room_19,38346752,38348048,26713392,26714208
Bmori1_room_20,38350848,38355712,26714208,26717712
Bmori1_room_21,38359040,38365056,26717712,26720848
Bmori1_room_22,38367232,38374880,26720848,26724256
ydan_scene,38375424,38431248,26724256,26757712
ydan_room_0,38432768,38519536,26757712,26811248
ydan_room_1,38522880,38539600,26811248,26824896
ydan_room_2,38543360,38567472,26824896,26842432
ydan_room_3,38567936,38650272,26842432,26898368
ydan_room_4,38653952,38673360,26898368,26912688
ydan_room_5,38674432,38708000,26912688,26936352
ydan_room_6,38711296,38731456,26936352,26951904
ydan_room_7,38731776,38766864,26951904,26980480
ydan_room_8,38768640,38771968,26980480,26982672
ydan_room_9,38772736,38811808,26982672,27014112
ydan_room_10,38813696,38833536,27014112,27027648
ydan_room_11,38834176,38863216,27027648,27045296
kenjyanoma_scene,38866944,38881520,27045296,27051184
kenjyanoma_room_0,38883328,38961424,27051184,27090192
tokinoma_scene,38965248,39040928,27090192,27122800
tokinoma_room_0,39043072,39137760,27122800,27154928
tokinoma_room_1,39141376,39170256,27154928,27166464
link_home_scene,39174144,39181152,27166464,27169648
link_home_room_0,39182336,39345280,27169648,27199856
kokiri_shop_scene,39346176,39348608,27199856,27201328
kokiri_shop_room_0,39350272,39550096,27201328,27233088
MIZUsin_scene,39550976,39640304,27233088,27281472
MIZUsin_room_0,39641088,39730304,27281472,27326672
MIZUsin_room_1,39731200,39772512,27326672,27346768
MIZUsin_room_2,39776256,39799696,27346768,27360256
MIZUsin_room_3,39800832,39827216,27360256,27374576
MIZUsin_room_4,39829504,39854048,27374576,27388896
MIZUsin_room_5,39854080,39896560,27388896,27414688
MIZUsin_room_6,39899136,39944896,27414688,27440784
MIZUsin_room_7,39948288,39970128,27440784,27453056
MIZUsin_room_8,39972864,40029392,27453056,27486624
MIZUsin_room_9,40030208,40062944,27486624,27504720
MIZUsin_room_10,40062976,40087472,27504720,27517360
MIZUsin_room_11,40087552,40106416,27517360,27528080
MIZUsin_room_12,40108032,40136080,27528080,27542272
MIZUsin_room_13,40136704,40139264,27542272,27543696
MIZUsin_room_14,40140800,40169056,27543696,27558640
MIZUsin_room_15,40169472,40199216,27558640,27576160
MIZUsin_room_16,40202240,40217296,27576160,27585808
MIZUsin_room_17,40218624,40253984,27585808,27603184
MIZUsin_room_18,40255488,40272064,27603184,27613264
MIZUsin_room_19,40275968,40290608,27613264,27623056
MIZUsin_room_20,40292352,40318784,27623056,27638800
MIZUsin_room_21,40321024,40350880,27638800,27655184
MIZUsin_room_22,40353792,40390896,27655184,27674720
kokiri_home_scene,40394752,40398016,27674720,27676624
kokiri_home_room_0,40398848,40578096,27676624,27711280
kakusiana_scene,40579072,40634400,27711280,27752432
kakusiana_room_0,40636416,40665760,27752432,27770896
kakusiana_room_1,40669184,40690064,27770896,27785440
kakusiana_room_2,40693760,40704192,27785440,27792096
kakusiana_room_3,40706048,40726832,27792096,27806656
kakusiana_room_4,40730624,40761696,27806656,27829104
kakusiana_room_5,40763392,40781536,27829104,27844144
kakusiana_room_6,40783872,40807024,27844144,27858384
kakusiana_room_7,40808448,40824784,27858384,27870048
kakusiana_room_8,40824832,40838704,27870048,27878032
kakusiana_room_9,40841216,40864464,27878032,27892320
kakusiana_room_10,40865792,40888880,27892320,27911856
kakusiana_room_11,40890368,40924848,27911856,27933200
kakusiana_room_12,40927232,40959568,27933200,27953552
kakusiana_room_13,40960000,40988368,27953552,27974624
entra_scene,40988672,40989664,27974624,27975248
entra_room_0,40992768,41147248,27975248,28005328
bdan_scene,41148416,41236416,28005328,28061984
bdan_room_0,41238528,41255024,28061984,28070848
bdan_room_1,41259008,41283216,28070848,28080416
bdan_room_2,41283584,41320912,28080416,28101696
bdan_room_3,41324544,41353568,28101696,28120528
bdan_room_4,41357312,41373776,28120528,28128544
bdan_room_5,41377792,41402400,28128544,28144176
bdan_room_6,41406464,41423424,28144176,28151456
bdan_room_7,41426944,41440544,28151456,28158832
bdan_room_8,41443328,41457792,28158832,28163840
bdan_room_9,41459712,41475184,28163840,28169952
bdan_room_10,41476096,41490480,28169952,28174896
bdan_room_11,41492480,41506816,28174896,28179872
bdan_room_12,41508864,41524432,28179872,28186064
bdan_room_13,41525248,41536336,28186064,28194464
bdan_room_14,41537536,41562592,28194464,28209056
bdan_room_15,41566208,41576160,28209056,28212752
HAKAdan_scene,41578496,41677760,28212752,28271088
HAKAdan_room_0,41680896,41726144,28271088,28286384
HAKAdan_room_1,41730048,41736896,28286384,28290064
HAKAdan_room_2,41738240,41781520,28290064,28312400
HAKAdan_room_3,41783296,41793856,28312400,28319104
HAKAdan_room_4,41795584,41802816,28319104,28322912
HAKAdan_room_5,41803776,41826912,28322912,28334608
HAKAdan_room_6,41828352,41858416,28334608,28348448
HAKAdan_room_7,41861120,41867952,28348448,28352096
HAKAdan_room_8,41869312,41889888,28352096,28361968
HAKAdan_room_9,41893888,41945952,28361968,28386800
HAKAdan_room_10,41947136,41977760,28386800,28402128
HAKAdan_room_11,41979904,41995584,28402128,28411392
HAKAdan_room_12,41996288,42018592,28411392,28422720
HAKAdan_room_13,42020864,42024880,28422720,28425616
HAKAdan_room_14,42024960,42047808,28425616,28437440
HAKAdan_room_15,42049536,42078832,28437440,28449888
HAKAdan_room_16,42082304,42092672,28449888,28455360
HAKAdan_room_17,42094592,42106064,28455360,28461856
HAKAdan_room_18,42106880,42160768,28461856,28480736
HAKAdan_room_19,42164224,42175776,28480736,28487600
HAKAdan_room_20,42176512,42184224,28487600,28491648
HAKAdan_room_21,42184704,42230960,28491648,28515680
HAKAdan_room_22,42233856,42244512,28515680,28522528
moribossroom_scene,42246144,42252544,28522528,28527696
moribossroom_room_0,42254336,42278592,28527696,28542656
moribossroom_room_1,42278912,42334896,28542656,28570752
syatekijyou_scene,42336256,42386112,28570752,28600720
syatekijyou_room_0,42389504,42419952,28600720,28610592
men_scene,42422272,42493232,28610592,28657088
men_room_0,42496000,42561424,28657088,28694400
men_room_1,42561536,42599056,28694400,28716688
men_room_2,42602496,42622848,28716688,28727232
men_room_3,42622976,42654752,28727232,28746832
men_room_4,42655744,42697040,28746832,28774192
men_room_5,42700800,42721504,28774192,28788368
men_room_6,42725376,42757952,28788368,28808704
men_room_7,42758144,42791728,28808704,28830512
men_room_8,42795008,42828304,28830512,28844416
men_room_9,42831872,42846448,28844416,28852912
men_room_10,42848256,42871904,28852912,28868480
shop1_scene,42872832,42873584,28868480,28868944
shop1_room_0,42876928,43046832,28868944,28891312
hairal_niwa_scene,43048960,43119504,28891312,28936256
hairal_niwa_room_0,43122688,43165920,28936256,28952592
ganon_tou_scene,43167744,43187056,28952592,28966624
ganon_tou_room_0,43188224,43268848,28966624,29016304
market_alley_scene,43270144,43274832,29016304,29018736
market_alley_room_0,43278336,43759360,29018736,29088224
spot20_scene,43761664,43834816,29088224,29133200
spot20_room_0,43835392,43861712,29133200,29143488
market_ruins_scene,43864064,43869744,29143488,29146640
market_ruins_room_0,43872256,43882528,29146640,29149152
entra_n_scene,43884544,43885616,29149152,29149808
entra_n_room_0,43888640,44043120,29149808,29170320
enrui_scene,44044288,44045280,29170320,29170944
enrui_room_0,44048384,44202848,29170944,29197024
market_alley_n_scene,44204032,44208880,29197024,29199568
market_alley_n_room_0,44212224,44693232,29199568,29251824
hiral_demo_scene,44695552,44711248,29251824,29257760
hiral_demo_room_0,44711936,44713536,29257760,29258208
kokiri_home3_scene,44716032,44722080,29258208,29261600
kokiri_home3_room_0,44724224,44946960,29261600,29306128
jyasinzou_scene,44949504,45054784,29306128,29370880
jyasinzou_room_0,45056000,45125440,29370880,29406192
jyasinzou_room_1,45125632,45163264,29406192,29424720
jyasinzou_room_2,45166592,45190160,29424720,29435376
jyasinzou_room_3,45191168,45206352,29435376,29444688
jyasinzou_room_4,45207552,45236848,29444688,29461760
jyasinzou_room_5,45240320,45338432,29461760,29511296
jyasinzou_room_6,45338624,45357056,29511296,29519456
jyasinzou_room_7,45359104,45380880,29519456,29529328
jyasinzou_room_8,45383680,45416560,29529328,29545088
jyasinzou_room_9,45420544,45444592,29545088,29555840
jyasinzou_room_10,45445120,45478304,29555840,29571120
jyasinzou_room_11,45481984,45486096,29571120,29573760
jyasinzou_room_12,45490176,45498464,29573760,29578896
jyasinzou_room_13,45502464,45525072,29578896,29592784
jyasinzou_room_14,45527040,45546640,29592784,29602496
jyasinzou_room_15,45547520,45581424,29602496,29618224
jyasinzou_room_16,45584384,45609360,29618224,29629712
jyasinzou_room_17,45613056,45651472,29629712,29646400
jyasinzou_room_18,45654016,45677744,29646400,29658464
jyasinzou_room_19,45678592,45702624,29658464,29669184
jyasinzou_room_20,45703168,45736384,29669184,29684464
jyasinzou_room_21,45740032,45758032,29684464,29693904
jyasinzou_room_22,45760512,45773008,29693904,29701072
jyasinzou_room_23,45776896,45814160,29701072,29720096
jyasinzou_room_24,45817856,45843632,29720096,29731920
jyasinzou_room_25,45846528,45935472,29731920,29778032
jyasinzou_room_26,45936640,45988640,29778032,29806096
jyasinzou_room_27,45989888,46012096,29806096,29813872
jyasinzou_room_28,46014464,46049824,29813872,29831632
ice_doukutu_scene,46051328,46122480,29831632,29888864
ice_doukutu_room_0,46125056,46159456,29888864,29916336
ice_doukutu_room_1,46161920,46212416,29916336,29952416
ice_doukutu_room_2,46215168,46238448,29952416,29970512
ice_doukutu_room_3,46239744,46272640,29970512,29993360
ice_doukutu_room_4,46276608,46306928,29993360,30015904
ice_doukutu_room_5,46309376,46344336,30015904,30039408
ice_doukutu_room_6,46346240,46363232,30039408,30051488
ice_doukutu_room_7,46366720,46389488,30051488,30064624
ice_doukutu_room_8,46391296,46397776,30064624,30068368
ice_doukutu_room_9,46399488,46433872,30068368,30089696
ice_doukutu_room_10,46436352,46453728,30089696,30103584
ice_doukutu_room_11,46456832,46479616,30103584,30118960
malon_stable_scene,46481408,46483056,30118960,30119888
malon_stable_room_0,46485504,46674512,30119888,30150240
kakariko_scene,46678016,46681760,30150240,30152464
kakariko_room_0,46682112,46858176,30152464,30175104
bdan_boss_scene,46858240,46861888,30175104,30177488
bdan_boss_room_0,46862336,46874656,30177488,30185104
bdan_boss_room_1,46878720,46899392,30185104,30195952
FIRE_bs_scene,46903296,46922752,30195952,30208368
FIRE_bs_room_0,46923776,46940784,30208368,30218016
FIRE_bs_room_1,46944256,46972896,30218016,30233168
hut_scene,46972928,46974224,30233168,30233936
hut_room_0,46977024,47146400,30233936,30254976
daiyousei_izumi_scene,47149056,47206400,30254976,30282736
daiyousei_izumi_room_0,47206400,47221008,30282736,30288656
hakaana_scene,47222784,47225488,30288656,30290240
hakaana_room_0,47226880,47257808,30290240,30307840
yousei_izumi_tate_scene,47259648,47294480,30307840,30331520
yousei_izumi_tate_room_0,47296512,47313616,30331520,30338560
yousei_izumi_yoko_scene,47316992,47369632,30338560,30362592
yousei_izumi_yoko_room_0,47370240,47386640,30362592,30369472
golon_scene,47390720,47391648,30369472,30370064
golon_room_0,47394816,47550928,30370064,30388880
zoora_scene,47554560,47555472,30388880,30389472
zoora_room_0,47558656,47714784,30389472,30410560
drag_scene,47718400,47719408,30410560,30411184
drag_room_0,47722496,47902304,30411184,30436672
alley_shop_scene,47902720,47904176,30436672,30437568
alley_shop_room_0,47906816,48065584,30437568,30457200
night_shop_scene,48066560,48068208,30457200,30458272
night_shop_room_0,48070656,48236896,30458272,30479872
impa_scene,48238592,48241936,30479872,30481744
impa_room_0,48242688,48402336,30481744,30500224
labo_scene,48402432,48406256,30500224,30502320
labo_room_0,48406528,48588528,30502320,30530720
tent_scene,48590848,48592512,30530720,30531712
tent_room_0,48594944,48805536,30531712,30569216
nakaniwa_scene,48807936,48822816,30569216,30575616
nakaniwa_room_0,48824320,48922304,30575616,30633424
ddan_boss_scene,48922624,48932960,30633424,30642352
ddan_boss_room_0,48934912,48954928,30642352,30651600
ddan_boss_room_1,48955392,48971232,30651600,30662032
ydan_boss_scene,48971776,48977728,30662032,30666960
ydan_boss_room_0,48979968,49008624,30666960,30691152
ydan_boss_room_1,49008640,49035248,30691152,30706944
HAKAdan_bs_scene,49037312,49047424,30706944,30714208
HAKAdan_bs_room_0,49049600,49060320,30714208,30718496
HAKAdan_bs_room_1,49061888,49086288,30718496,30733376
MIZUsin_bs_scene,49086464,49093216,30733376,30737024
MIZUsin_bs_room_0,49094656,49112176,30737024,30748432
MIZUsin_bs_room_1,49115136,49160944,30748432,30772048
ganon_scene,49164288,49231792,30772048,30812496
ganon_room_0,49233920,49266384,30812496,30826160
ganon_room_1,49266688,49297264,30826160,30837152
ganon_room_2,49299456,49330256,30837152,30850368
ganon_room_3,49332224,49362736,30850368,30862064
ganon_room_4,49364992,49402064,30862064,30880032
ganon_room_5,49405952,49441552,30880032,30896000
ganon_room_6,49442816,49482656,30896000,30913616
ganon_room_7,49483776,49526688,30913616,30931584
ganon_room_8,49528832,49556448,30931584,30944144
ganon_room_9,49557504,49580320,30944144,30959392
ganon_boss_scene,49582080,49613856,30959392,30983616
ganon_boss_room_0,49614848,49639040,30983616,30989616
jyasinboss_scene,49639424,49675504,30989616,31007936
jyasinboss_room_0,49676288,49680336,31007936,31010096
jyasinboss_room_1,49680384,49712704,31010096,31026352
jyasinboss_room_2,49713152,49728960,31026352,31032896
jyasinboss_room_3,49729536,49776384,31032896,31062144
kokiri_home4_scene,49778688,49785520,31062144,31066208
kokiri_home4_room_0,49786880,50018640,31066208,31117952
kokiri_home5_scene,50020352,50025488,31117952,31120960
kokiri_home5_room_0,50028544,50229088,31120960,31159600
ganon_final_scene,50229248,50303360,31159600,31213008
ganon_final_room_0,50307072,50359984,31213008,31233552
kakariko3_scene,50360320,50362432,31233552,31234768
kakariko3_room_0,50364416,50537856,31234768,31261408
hakasitarelay_scene,50540544,50598512,31261408,31298752
hakasitarelay_room_0,50601984,50631360,31298752,31316592
hakasitarelay_room_1,50634752,50661152,31316592,31331568
hakasitarelay_room_2,50663424,50697392,31331568,31350192
hakasitarelay_room_3,50700288,50736352,31350192,31372720
hakasitarelay_room_4,50737152,50754688,31372720,31385776
hakasitarelay_room_5,50757632,50775120,31385776,31398096
hakasitarelay_room_6,50778112,50809520,31398096,31418368
shrine_scene,50810880,50816224,31418368,31421264
shrine_room_0,50819072,51157744,31421264,31476464
turibori_scene,51159040,51234528,31476464,31529072
turibori_room_0,51236864,51263328,31529072,31541312
shrine_n_scene,51265536,51270912,31541312,31544224
shrine_n_room_0,51273728,51612432,31544224,31586240
shrine_r_scene,51613696,51618960,31586240,31589040
shrine_r_room_0,51621888,51960560,31589040,31631920
ganontika_scene,51961856,52099008,31631920,31716416
ganontika_room_0,52101120,52138432,31716416,31729296
ganontika_room_1,52142080,52259248,31729296,31781760
ganontika_room_2,52260864,52291552,31781760,31797600
ganontika_room_3,52293632,52332944,31797600,31818288
ganontika_room_4,52334592,52366480,31818288,31833392
ganontika_room_5,52367360,52397376,31833392,31847504
ganontika_room_6,52400128,52464624,31847504,31869888
ganontika_room_7,52465664,52497552,31869888,31885504
ganontika_room_8,52498432,52535408,31885504,31900896
ganontika_room_9,52539392,52586640,31900896,31916288
ganontika_room_10,52588544,52616048,31916288,31928688
ganontika_room_11,52617216,52644176,31928688,31940880
ganontika_room_12,52645888,52691824,31940880,31960832
ganontika_room_13,52695040,52727104,31960832,31976624
ganontika_room_14,52727808,52769184,31976624,31993168
ganontika_room_15,52772864,52804928,31993168,32008960
ganontika_room_16,52805632,52817440,32008960,32013456
ganontika_room_17,52817920,52852384,32013456,32025472
ganontika_room_18,52854784,52905584,32025472,32044624
ganontika_room_19,52908032,52940096,32044624,32060400
hakaana2_scene,52940800,52994192,32060400,32099248
hakaana2_room_0,52998144,53024784,32099248,32110096
gerudoway_scene,53026816,53082400,32110096,32141792
gerudoway_room_0,53084160,53103936,32141792,32151584
gerudoway_room_1,53104640,53134000,32151584,32165952
gerudoway_room_2,53137408,53153360,32165952,32172400
gerudoway_room_3,53153792,53199632,32172400,32193488
gerudoway_room_4,53202944,53217568,32193488,32199776
gerudoway_room_5,53219328,53239360,32199776,32207696
HAKAdanCH_scene,53239808,53290336,32207696,32238480
HAKAdanCH_room_0,53293056,53380592,32238480,32280912
HAKAdanCH_room_1,53383168,53428944,32280912,32299856
HAKAdanCH_room_2,53432320,53445008,32299856,32305088
HAKAdanCH_room_3,53448704,53455968,32305088,32308672
HAKAdanCH_room_4,53456896,53466192,32308672,32314384
HAKAdanCH_room_5,53469184,53479776,32314384,32320656
HAKAdanCH_room_6,53481472,53493376,32320656,32329632
hairal_niwa_n_scene,53493760,53530864,32329632,32355264
hairal_niwa_n_room_0,53534720,53548576,32355264,32360256
bowling_scene,53551104,53611296,32360256,32394320
bowling_room_0,53612544,53637600,32394320,32404368
hakaana_ouke_scene,53641216,53660384,32404368,32415968
hakaana_ouke_room_0,53661696,53704704,32415968,32435392
hakaana_ouke_room_1,53706752,53725184,32435392,32445568
hakaana_ouke_room_2,53727232,53752080,32445568,32461680
hylia_labo_scene,53755904,53825680,32461680,32501312
hylia_labo_room_0,53829632,53859792,32501312,32512736
souko_scene,53862400,53890064,32512736,32528592
souko_room_0,53891072,53929280,32528592,32549328
souko_room_1,53932032,53974064,32549328,32571104
souko_room_2,53977088,54010240,32571104,32588544
miharigoya_scene,54013952,54064464,32588544,32618432
miharigoya_room_0,54067200,54082992,32618432,32624032
mahouya_scene,54083584,54127136,32624032,32652864
mahouya_room_0,54128640,54155920,32652864,32663376
takaraya_scene,54157312,54186416,32663376,32679216
takaraya_room_0,54190080,54230464,32679216,32701072
takaraya_room_1,54231040,54239232,32701072,32704960
takaraya_room_2,54239232,54247472,32704960,32708880
takaraya_room_3,54251520,54261792,32708880,32714432
takaraya_room_4,54263808,54276128,32714432,32721328
takaraya_room_5,54280192,54292480,32721328,32728176
takaraya_room_6,54292480,54303488,32728176,32734080
ganon_sonogo_scene,54304768,54337296,32734080,32752672
ganon_sonogo_room_0,54337536,54369920,32752672,32766688
ganon_sonogo_room_1,54370304,54401968,32766688,32780576
ganon_sonogo_room_2,54403072,54439072,32780576,32798832
ganon_sonogo_room_3,54439936,54462016,32798832,32808304
ganon_sonogo_room_4,54464512,54500592,32808304,32825968
ganon_demo_scene,54501376,54538352,32825968,32855952
ganon_demo_room_0,54542336,54559056,32855952,32864944
face_shop_scene,54562816,54563696,32864944,32865504
face_shop_room_0,54566912,54756928,32865504,32900064
kinsuta_scene,54759424,54765072,32900064,32903552
kinsuta_room_0,54767616,54825120,32903552,32943552
ganontikasonogo_scene,54829056,54848256,32943552,32954592
ganontikasonogo_room_0,54849536,54946688,32954592,32997728
ganontikasonogo_room_1,54947840,54988576,32997728,33014336
bump_texture_static,54988800,54989824,33014336,33015008
anime_model_1_static,54992896,54992912,33015008,33015040
anime_model_2_static,54996992,54997008,33015040,33015072
anime_model_3_static,55001088,55001104,33015072,33015104
anime_model_4_static,55005184,55005200,33015104,33015136
anime_model_5_static,55009280,55009296,33015136,33015168
anime_model_6_static,55013376,55013392,33015168,33015200
anime_texture_1_static,55017472,55017488,33015200,33015232
anime_texture_2_static,55021568,55021584,33015232,33015264
anime_texture_3_static,55025664,55025680,33015264,33015296
anime_texture_4_static,55029760,55029776,33015296,33015328
anime_texture_5_static,55033856,55033872,33015328,33015360
anime_texture_6_static,55037952,55037968,33015360,33015392
softsprite_matrix_static,55042048,55042112,33015392,33015424
