makerom,0,4192,0,0
boot,4192,110224,4192,0
dmadata,110224,135216,110224,0
Audiobank,135216,291872,135216,0
Audioseq,291872,624800,291872,0
Audiotable,624800,6164496,624800,0
kanji,6164496,6673168,6164496,0
link_animetion,6676480,9857024,6673168,0
icon_item_static_old,9859072,10473152,9859072,0
icon_item_24_static_old,10473472,10503936,10473472,0
icon_item_field_static,10506240,10590960,9853712,9895472
icon_item_dungeon_static,10592256,10611584,9895472,9900496
icon_item_gameover_static,10612736,10625792,9900496,9906384
icon_item_jpn_static,10629120,10659712,9906384,9919120
icon_item_vtx_static,10661888,10662624,9919120,9919360
map_i_static,10665984,10670864,9919360,0
map_grand_static,10670864,10708576,9924240,0
item_name_static,10708576,10771248,9961952,0
map_name_static,10771248,10778400,10024624,0
icon_item_static_test,10778400,11061712,10031776,0
icon_item_24_static_test,11061712,11080336,10315088,0
schedule_dma_static_old,11080336,11125936,11080336,0
schedule_dma_static_test,11128832,11155984,10333712,0
schedule_static,11155984,11169920,10360864,10365776
story_static,11173888,11328512,10365776,10477552
do_action_static,11329536,11345664,10477552,0
message_static,11345920,11366784,10493680,0
message_texture_static,11370496,11375104,10514544,0
nes_font_static,11378688,11398656,10519152,0
message_data_static,11399168,11810400,10539120,0
staff_message_data_static,11812864,11816160,10950352,0
code,11816960,13110592,10953648,11725568
ovl_title,13110592,13112768,11725568,11727200
ovl_select,13112768,13126304,11727200,11735200
ovl_opening,13126304,13126848,11735200,11735680
ovl_file_choose,13126848,13201104,11735680,11777568
ovl_daytelop,13201104,13205696,11777568,11779440
ovl_kaleido_scope,13205696,13291472,11779440,11830640
ovl_Player_Actor,13291472,13508720,11830640,11977136
ovl_En_Test,13508720,13512048,11977136,11979840
ovl_En_GirlA,13512048,13518960,11979840,11983104
ovl_En_Part,13518960,13520528,11983104,11984464
ovl_En_Light,13520528,13524224,11984464,11987040
ovl_En_Door,13524224,13529280,11987040,11991024
ovl_En_Box,13529280,13537920,11991024,11997328
ovl_En_Pametfrog,13537920,13554448,11997328,12008208
ovl_En_Okuta,13554448,13566624,12008208,12016704
ovl_En_Bom,13566624,13581120,12016704,12026080
ovl_En_Wallmas,13581120,13588896,12026080,12031584
ovl_En_Dodongo,13588896,13601312,12031584,12040352
ovl_En_Firefly,13601312,13609568,12040352,12046064
ovl_En_Horse,13609568,13669744,12046064,12081280
ovl_En_Arrow,13669744,13678656,12081280,12087600
ovl_En_Elf,13678656,13697936,12087600,12100768
ovl_En_Niw,13697936,13708064,12100768,12108288
ovl_En_Tite,13708064,13722208,12108288,12117824
ovl_En_Peehat,13722208,13733008,12117824,12125264
ovl_En_Holl,13733008,13736464,12125264,12127888
ovl_En_Dinofos,13736464,13753360,12127888,12139056
ovl_En_Hata,13753360,13754560,12139056,12140128
ovl_En_Zl1,13754560,13754704,12140128,12140224
ovl_En_Viewer,13754704,13756416,12140224,12141472
ovl_En_Bubble,13756416,13761552,12141472,12145376
ovl_Door_Shutter,13761552,13768688,12145376,12150528
ovl_En_Boom,13768688,13771984,12150528,12153344
ovl_En_Torch2,13771984,13773200,12153344,12154400
ovl_En_Minifrog,13773200,13779824,12154400,12159152
ovl_En_St,13779824,13790288,12159152,12166512
ovl_Obj_Wturn,13790288,13791568,12166512,12167520
ovl_En_River_Sound,13791568,13792192,12167520,12168096
ovl_En_Ossan,13792192,13810752,12168096,12179312
ovl_En_Famos,13810752,13818848,12179312,12184640
ovl_En_Bombf,13818848,13823920,12184640,12188624
ovl_En_Am,13823920,13829648,12188624,12192752
ovl_En_Dekubaba,13829648,13845776,12192752,12203328
ovl_En_M_Fire1,13845776,13846176,12203328,12203664
ovl_En_M_Thunder,13846176,13854272,12203664,12208928
ovl_Bg_Breakwall,13854272,13858672,12208928,12211984
ovl_Door_Warp1,13858672,13873888,12211984,12221904
ovl_Obj_Syokudai,13873888,13877424,12221904,12224768
ovl_Item_B_Heart,13877424,13878432,12224768,12225584
ovl_En_Dekunuts,13878432,13886688,12225584,12231072
ovl_En_Bbfall,13886688,13894384,12231072,12236960
ovl_Arms_Hook,13894384,13897728,12236960,12239600
ovl_En_Bb,13897728,13905168,12239600,12245168
ovl_Bg_Keikoku_Spr,13905168,13905600,12245168,12245536
ovl_En_Wood02,13905600,13910560,12245536,12249440
ovl_En_Death,13910560,13931344,12249440,12263888
ovl_En_Minideath,13931344,13939952,12263888,12269936
ovl_En_Vm,13939952,13945296,12269936,12274000
ovl_Demo_Effect,13945296,13948640,12274000,12276720
ovl_Demo_Kankyo,13948640,13957392,12276720,12282432
ovl_En_Floormas,13957392,13971632,12282432,12291408
ovl_En_Rd,13971632,13985760,12291408,12299824
ovl_Bg_F40_Flift,13985760,13986656,12299824,12300544
ovl_Obj_Mure,13986656,13990864,12300544,12303488
ovl_En_Sw,13990864,14004496,12303488,12313056
ovl_Object_Kankyo,14004496,14014528,12313056,12319920
ovl_En_Horse_Link_Child,14014528,14021664,12319920,12324160
ovl_Door_Ana,14021664,14023344,12324160,12325504
ovl_En_Encount1,14023344,14024896,12325504,12326784
ovl_Demo_Tre_Lgt,14024896,14026720,12326784,12328288
ovl_En_Encount2,14026720,14029408,12328288,12330528
ovl_En_Fire_Rock,14029408,14029552,12330528,12330624
ovl_Bg_Ctower_Rot,14029552,14030976,12330624,12331760
ovl_Mir_Ray,14030976,14037360,12331760,12336944
ovl_En_Sb,14037360,14041664,12336944,12339968
ovl_En_Bigslime,14041664,14091376,12339968,12371248
ovl_En_Karebaba,14091376,14099232,12371248,12376656
ovl_En_In,14099232,14116640,12376656,12387344
ovl_En_Bom_Chu,14116640,14122256,12387344,12391776
ovl_En_Horse_Game_Check,14122256,14127216,12391776,12394976
ovl_En_Rr,14127216,14137280,12394976,12402384
ovl_En_Fr,14137280,14137648,12402384,12402672
ovl_Obj_Oshihiki,14137648,14143968,12402672,12407088
ovl_Eff_Dust,14143968,14149072,12407088,12410288
ovl_Bg_Umajump,14149072,14151488,12410288,12412016
ovl_En_Insect,14151488,14157632,12412016,12416064
ovl_En_Butte,14157632,14163152,12416064,12420016
ovl_En_Fish,14163152,14173584,12420016,12427072
ovl_Item_Etcetera,14173584,14174688,12427072,12427888
ovl_Arrow_Fire,14174688,14183104,12427888,12435008
ovl_Arrow_Ice,14183104,14190976,12435008,12441264
ovl_Arrow_Light,14190976,14198816,12441264,12447600
ovl_Obj_Kibako,14198816,14203952,12447600,12451232
ovl_Obj_Tsubo,14203952,14212992,12451232,12456784
ovl_En_Ik,14212992,14224288,12456784,12464512
ovl_Demo_Shd,14224288,14224432,12464512,12464608
ovl_En_Dns,14224432,14231040,12464608,12469392
ovl_Elf_Msg,14231040,14232448,12469392,12470432
ovl_En_Honotrap,14232448,14241360,12470432,12476800
ovl_En_Tubo_Trap,14241360,14244816,12476800,12479312
ovl_Obj_Ice_Poly,14244816,14248704,12479312,12482352
ovl_En_Fz,14248704,14258256,12482352,12489024
ovl_En_Kusa,14258256,14266688,12489024,12495440
ovl_Obj_Bean,14266688,14276608,12495440,12501968
ovl_Obj_Bombiwa,14276608,14282784,12501968,12506528
ovl_Obj_Switch,14282784,14292992,12506528,12512720
ovl_Obj_Lift,14292992,14295776,12512720,12515040
ovl_Obj_Hsblock,14295776,14297184,12515040,12516176
ovl_En_Okarina_Tag,14297184,14298336,12516176,12517184
ovl_En_Goroiwa,14298336,14317808,12517184,12531136
ovl_En_Daiku,14317808,14321184,12531136,12533760
ovl_En_Nwc,14321184,14326064,12533760,12537504
ovl_Item_Inbox,14326064,14326416,12537504,12537776
ovl_En_Ge1,14326416,14330592,12537776,12540864
ovl_Obj_Blockstop,14330592,14331152,12540864,12541360
ovl_En_Sda,14331152,14336736,12541360,12545072
ovl_En_Clear_Tag,14336736,14361184,12545072,12559936
ovl_En_Gm,14361184,14379424,12559936,12571744
ovl_En_Ms,14379424,14381008,12571744,12572992
ovl_En_Hs,14381008,14384656,12572992,12575792
ovl_Bg_Ingate,14384656,14388448,12575792,12578736
ovl_En_Kanban,14388448,14402624,12578736,12587456
ovl_En_Attack_Niw,14402624,14407264,12587456,12590848
ovl_En_Mk,14407264,14411920,12590848,12594192
ovl_En_Owl,14411920,14424672,12594192,12602528
ovl_En_Ishi,14424672,14433936,12602528,12609296
ovl_Obj_Hana,14433936,14434160,12609296,12609488
ovl_Obj_Lightswitch,14434160,14438512,12609488,12612400
ovl_Obj_Mure2,14438512,14441056,12612400,12614288
ovl_En_Fu,14441056,14457296,12614288,12625072
ovl_En_Stream,14457296,14458672,12625072,12626256
ovl_En_Mm,14458672,14460816,12626256,12628000
ovl_En_Weather_Tag,14460816,14466384,12628000,12631504
ovl_En_Ani,14466384,14469936,12631504,12634096
ovl_En_Js,14469936,14480416,12634096,12640896
ovl_En_Okarina_Effect,14480416,14481040,12640896,12641376
ovl_En_Mag,14481040,14497200,12641376,12649632
ovl_Elf_Msg2,14497200,14498512,12649632,12650512
ovl_Bg_F40_Swlift,14498512,14499648,12650512,12651488
ovl_En_Kakasi,14499648,14511280,12651488,12659104
ovl_Obj_Makeoshihiki,14511280,14512096,12659104,12659856
ovl_Oceff_Spot,14512096,14515888,12659856,12663104
ovl_En_Torch,14515888,14516128,12663104,12663328
ovl_Shot_Sun,14516128,14517680,12663328,12664592
ovl_Obj_Roomtimer,14517680,14518352,12664592,12665136
ovl_En_Ssh,14518352,14528016,12665136,12671776
ovl_Oceff_Wipe,14528016,14531424,12671776,12674720
ovl_Effect_Ss_Dust,14531424,14533456,12674720,12676368
ovl_Effect_Ss_Kirakira,14533456,14535104,12676368,12677776
ovl_Effect_Ss_Bomb2,14535104,14537248,12677776,12679504
ovl_Effect_Ss_Blast,14537248,14538112,12679504,12680336
ovl_Effect_Ss_G_Spk,14538112,14539520,12680336,12681600
ovl_Effect_Ss_D_Fire,14539520,14540560,12681600,12682576
ovl_Effect_Ss_Bubble,14540560,14541952,12682576,12683776
ovl_Effect_Ss_G_Ripple,14541952,14543264,12683776,12684944
ovl_Effect_Ss_G_Splash,14543264,14544320,12684944,12685792
ovl_Effect_Ss_G_Fire,14544320,14544848,12685792,12686288
ovl_Effect_Ss_Lightning,14544848,14546608,12686288,12687888
ovl_Effect_Ss_Dt_Bubble,14546608,14547904,12687888,12689024
ovl_Effect_Ss_Hahen,14547904,14549344,12689024,12690160
ovl_Effect_Ss_Stick,14549344,14550048,12690160,12690816
ovl_Effect_Ss_Sibuki,14550048,14551680,12690816,12692272
ovl_Effect_Ss_Stone1,14551680,14552544,12692272,12693088
ovl_Effect_Ss_Hitmark,14552544,14553824,12693088,12694192
ovl_Effect_Ss_Fhg_Flash,14553824,14556512,12694192,12695872
ovl_Effect_Ss_K_Fire,14556512,14557600,12695872,12696912
ovl_Effect_Ss_Solder_Srch_Ball,14557600,14558704,12696912,12697888
ovl_Effect_Ss_Kakera,14558704,14562848,12697888,12700976
ovl_Effect_Ss_Ice_Piece,14562848,14563872,12700976,12701952
ovl_Effect_Ss_En_Ice,14563872,14565840,12701952,12703664
ovl_Effect_Ss_Fire_Tail,14565840,14567600,12703664,12705248
ovl_Effect_Ss_En_Fire,14567600,14569248,12705248,12706752
ovl_Effect_Ss_Extra,14569248,14570128,12706752,12707616
ovl_Effect_Ss_Dead_Db,14570128,14571168,12707616,12708592
ovl_Effect_Ss_Dead_Dd,14571168,14572592,12708592,12709888
ovl_Effect_Ss_Dead_Ds,14572592,14573744,12709888,12710960
ovl_Oceff_Storm,14573744,14581360,12710960,12718096
ovl_Obj_Demo,14581360,14582336,12718096,12718816
ovl_En_Minislime,14582336,14591376,12718816,12724960
ovl_En_Nutsball,14591376,14592960,12724960,12726416
ovl_Oceff_Wipe2,14592960,14598944,12726416,12730048
ovl_Oceff_Wipe3,14598944,14604912,12730048,12734768
ovl_En_Dg,14604912,14619472,12734768,12744032
ovl_En_Si,14619472,14620528,12744032,12744816
ovl_Obj_Comb,14620528,14626544,12744816,12749056
ovl_Obj_Kibako2,14626544,14629008,12749056,12751072
ovl_En_Hs2,14629008,14629232,12751072,12751248
ovl_Obj_Mure3,14629232,14631216,12751248,12752784
ovl_En_Tg,14631216,14634048,12752784,12755072
ovl_En_Wf,14634048,14651616,12755072,12766288
ovl_En_Skb,14651616,14664640,12766288,12774608
ovl_En_Gs,14664640,14676560,12774608,12783264
ovl_Obj_Sound,14676560,14677088,12783264,12783696
ovl_En_Crow,14677088,14683072,12783696,12788128
ovl_En_Cow,14683072,14688432,12788128,12791584
ovl_Oceff_Wipe4,14688432,14692528,12791584,12794640
ovl_En_Zo,14692528,14696528,12794640,12797728
ovl_Effect_Ss_Ice_Smoke,14696528,14697312,12797728,12798480
ovl_Obj_Makekinsuta,14697312,14698448,12798480,12799440
ovl_En_Ge3,14698448,14702656,12799440,12802560
ovl_Obj_Hamishi,14702656,14705872,12802560,12805184
ovl_En_Zl4,14705872,14707024,12805184,12806128
ovl_En_Mm2,14707024,14709888,12806128,12807744
ovl_Door_Spiral,14709888,14712064,12807744,12809488
ovl_Obj_Pzlblock,14712064,14715616,12809488,12812096
ovl_Obj_Toge,14715616,14718752,12812096,12814608
ovl_Obj_Armos,14718752,14722608,12814608,12817520
ovl_Obj_Boyo,14722608,14724000,12817520,12818736
ovl_En_Grasshopper,14724000,14735920,12818736,12827104
ovl_Obj_Grass,14735920,14743232,12827104,12832768
ovl_Obj_Grass_Carry,14743232,14747200,12832768,12835920
ovl_Obj_Grass_Unit,14747200,14748944,12835920,12837216
ovl_Bg_Fire_Wall,14748944,14751216,12837216,12839056
ovl_En_Bu,14751216,14751648,12839056,12839440
ovl_En_Encount3,14751648,14754112,12839440,12841584
ovl_En_Jso,14754112,14769584,12841584,12852352
ovl_Obj_Chikuwa,14769584,14772560,12852352,12854880
ovl_En_Knight,14772560,14825504,12854880,12889680
ovl_En_Warp_tag,14825504,14827888,12889680,12891616
ovl_En_Aob_01,14827888,14839360,12891616,12899600
ovl_En_Boj_01,14839360,14839504,12899600,12899696
ovl_En_Boj_02,14839504,14839648,12899696,12899792
ovl_En_Boj_03,14839648,14839792,12899792,12899888
ovl_En_Encount4,14839792,14841936,12899888,12901632
ovl_En_Bom_Bowl_Man,14841936,14849408,12901632,12906912
ovl_En_Syateki_Man,14849408,14863136,12906912,12915504
ovl_Bg_Icicle,14863136,14865584,12915504,12917472
ovl_En_Syateki_Crow,14865584,14869184,12917472,12920448
ovl_En_Boj_04,14869184,14869328,12920448,12920544
ovl_En_Cne_01,14869328,14872864,12920544,12923328
ovl_En_Bba_01,14872864,14876320,12923328,12926080
ovl_En_Bji_01,14876320,14880640,12926080,12929200
ovl_Bg_Spdweb,14880640,14885904,12929200,12933040
ovl_En_Mt_tag,14885904,14890480,12933040,12936480
ovl_Boss_01,14890480,14924496,12936480,12959648
ovl_Boss_02,14924496,14949664,12959648,12977184
ovl_Boss_03,14949664,14978560,12977184,12997104
ovl_Boss_04,14978560,14987920,12997104,13004096
ovl_Boss_05,14987920,15003328,13004096,13014704
ovl_Boss_06,15003328,15012112,13014704,13021360
ovl_Boss_07,15012112,15098320,13021360,13079072
ovl_Bg_Dy_Yoseizo,15098320,15106224,13079072,13084912
ovl_En_Boj_05,15106224,15106368,13084912,13085008
ovl_En_Sob1,15106368,15124736,13085008,13096800
ovl_En_Go,15124736,15148656,13096800,13113392
ovl_En_Raf,15148656,15159408,13113392,13120496
ovl_Obj_Funen,15159408,15159872,13120496,13120944
ovl_Obj_Raillift,15159872,15162928,13120944,13123424
ovl_Bg_Numa_Hana,15162928,15166720,13123424,13126224
ovl_Obj_Flowerpot,15166720,15176032,13126224,13132592
ovl_Obj_Spinyroll,15176032,15182624,13132592,13137376
ovl_Dm_Hina,15182624,15185248,13137376,13139392
ovl_En_Syateki_Wf,15185248,15190112,13139392,13143056
ovl_Obj_Skateblock,15190112,15197264,13143056,13148320
ovl_Effect_En_Ice_Block,15197264,15198112,13148320,13149104
ovl_Obj_Iceblock,15198112,15215664,13149104,13161376
ovl_En_Bigpamet,15215664,15225232,13161376,13168112
ovl_Bg_Dblue_Movebg,15225232,15233792,13168112,13174480
ovl_En_Syateki_Dekunuts,15233792,15238160,13174480,13177824
ovl_Elf_Msg3,15238160,15239552,13177824,13178864
ovl_En_Fg,15239552,15244960,13178864,13182848
ovl_Dm_Ravine,15244960,15245408,13182848,13183216
ovl_Dm_Sa,15245408,15246496,13183216,13184096
ovl_En_Slime,15246496,15259904,13184096,13193184
ovl_En_Pr,15259904,15266288,13193184,13198000
ovl_Obj_Toudai,15266288,15269360,13198000,13200016
ovl_Obj_Entotu,15269360,15272960,13200016,13202176
ovl_Obj_Bell,15272960,15275776,13202176,13204176
ovl_En_Syateki_Okuta,15275776,15283680,13204176,13209008
ovl_Obj_Shutter,15283680,15284384,13209008,13209648
ovl_Dm_Zl,15284384,15286448,13209648,13211280
ovl_En_Ru,15286448,15289792,13211280,13213872
ovl_En_Elfgrp,15289792,15295344,13213872,13217808
ovl_Dm_Tsg,15295344,15296400,13217808,13218768
ovl_En_Baguo,15296400,15301616,13218768,13222896
ovl_Obj_Vspinyroll,15301616,15306128,13222896,13226336
ovl_Obj_Smork,15306128,15307328,13226336,13227040
ovl_En_Test2,15307328,15308432,13227040,13227952
ovl_En_Test3,15308432,15322064,13227952,13237888
ovl_En_Test4,15322064,15328064,13237888,13242000
ovl_En_Bat,15328064,15334096,13242000,13246736
ovl_En_Sekihi,15334096,15335856,13246736,13248160
ovl_En_Wiz,15335856,15351344,13248160,13259120
ovl_En_Wiz_Brock,15351344,15353072,13259120,13260560
ovl_En_Wiz_Fire,15353072,15364832,13260560,13268800
ovl_Eff_Change,15364832,15366144,13268800,13269952
ovl_Dm_Statue,15366144,15366368,13269952,13270144
ovl_Obj_Fireshield,15366368,15370304,13270144,13273280
ovl_Bg_Ladder,15370304,15371552,13273280,13274288
ovl_En_Mkk,15371552,15378576,13274288,13279424
ovl_Demo_Getitem,15378576,15379488,13279424,13280192
ovl_En_Dnb,15379488,15383440,13280192,13283264
ovl_En_Dnh,15383440,15385408,13283264,13284896
ovl_En_Dnk,15385408,15389568,13284896,13287584
ovl_En_Dnq,15389568,15394336,13287584,13290896
ovl_Bg_Keikoku_Saku,15394336,15395376,13290896,13291776
ovl_Obj_Hugebombiwa,15395376,15404816,13291776,13297824
ovl_En_Firefly2,15404816,15404960,13297824,13297920
ovl_En_Rat,15404960,15414768,13297920,13305168
ovl_En_Water_Effect,15414768,15425456,13305168,13312400
ovl_En_Kusa2,15425456,15441936,13312400,13323968
ovl_Bg_Spout_Fire,15441936,15443872,13323968,13325616
ovl_En_Dy_Extra,15443872,15445248,13325616,13326816
ovl_En_Bal,15445248,15456656,13326816,13334576
ovl_En_Ginko_Man,15456656,15464048,13334576,13338992
ovl_En_Warp_Uzu,15464048,15465056,13338992,13339792
ovl_Obj_Driftice,15465056,15469984,13339792,13343440
ovl_En_Look_Nuts,15469984,15473808,13343440,13346256
ovl_En_Mushi2,15473808,15488128,13346256,13355808
ovl_En_Fall,15488128,15498880,13355808,13362928
ovl_En_Mm3,15498880,15504512,13362928,13366656
ovl_Bg_Crace_Movebg,15504512,15507264,13366656,13368640
ovl_En_Dno,15507264,15518848,13368640,13376224
ovl_En_Pr2,15518848,15526560,13376224,13381872
ovl_En_Prz,15526560,15532192,13381872,13386240
ovl_En_Jso2,15532192,15550800,13386240,13399056
ovl_Obj_Etcetera,15550800,15554160,13399056,13401616
ovl_En_Egol,15554160,15572656,13401616,13414368
ovl_Obj_Mine,15572656,15586992,13414368,13424304
ovl_Obj_Purify,15586992,15589376,13424304,13426032
ovl_En_Tru,15589376,15614288,13426032,13441728
ovl_En_Trt,15614288,15633808,13441728,13454192
ovl_En_Test5,15633808,15634704,13454192,13454960
ovl_En_Test6,15634704,15651568,13454960,13466448
ovl_En_Az,15651568,15673152,13466448,13480240
ovl_En_Estone,15673152,15676784,13480240,13483200
ovl_Bg_Hakugin_Post,15676784,15689312,13483200,13492240
ovl_Dm_Opstage,15689312,15690432,13492240,13493088
ovl_Dm_Stk,15690432,15712912,13493088,13505664
ovl_Dm_Char00,15712912,15724272,13505664,13511632
ovl_Dm_Char01,15724272,15735600,13511632,13518256
ovl_Dm_Char02,15735600,15737248,13518256,13519552
ovl_Dm_Char03,15737248,15739200,13519552,13521040
ovl_Dm_Char04,15739200,15741600,13521040,13523024
ovl_Dm_Char05,15741600,15750016,13523024,13527472
ovl_Dm_Char06,15750016,15750848,13527472,13528176
ovl_Dm_Char07,15750848,15752528,13528176,13529232
ovl_Dm_Char08,15752528,15764240,13529232,13537136
ovl_Dm_Char09,15764240,15766672,13537136,13539216
ovl_Obj_Tokeidai,15766672,15776272,13539216,13545488
ovl_En_Mnk,15776272,15799456,13545488,13558864
ovl_En_Egblock,15799456,15801824,13558864,13560784
ovl_En_Guard_Nuts,15801824,15805632,13560784,13563776
ovl_Bg_Hakugin_Bombwall,15805632,15810256,13563776,13567072
ovl_Obj_Tokei_Tobira,15810256,15811888,13567072,13568544
ovl_Bg_Hakugin_Elvpole,15811888,15813024,13568544,13569472
ovl_En_Ma4,15813024,15824176,13569472,13576544
ovl_En_Twig,15824176,15826736,13576544,13578688
ovl_En_Po_Fusen,15826736,15829904,13578688,13581232
ovl_En_Door_Etc,15829904,15831984,13581232,13582912
ovl_En_Bigokuta,15831984,15840688,13582912,13589136
ovl_Bg_Icefloe,15840688,15842592,13589136,13590608
ovl_fbdemo_triforce,15842592,15844448,13590608,13591920
ovl_fbdemo_wipe1,15844448,15848432,13591920,13594624
ovl_fbdemo_wipe3,15848432,15855840,13594624,13597456
ovl_fbdemo_wipe4,15855840,15856544,13597456,13598032
ovl_fbdemo_wipe5,15856544,15857664,13598032,13598960
ovl_Effect_Ss_Sbn,15857664,15860080,13598960,13600864
ovl_Obj_Ocarinalift,15860080,15862608,13600864,13602752
ovl_En_Time_Tag,15862608,15865792,13602752,13605040
ovl_Bg_Open_Shutter,15865792,15867536,13605040,13606512
ovl_Bg_Open_Spot,15867536,15868080,13606512,13606976
ovl_Bg_Fu_Kaiten,15868080,15868752,13606976,13607568
ovl_Obj_Aqua,15868752,15872288,13607568,13610288
ovl_En_Elforg,15872288,15878528,13610288,13614704
ovl_En_Elfbub,15878528,15880160,13614704,13616224
ovl_En_Fu_Mato,15880160,15885360,13616224,13620448
ovl_En_Fu_Kago,15885360,15889632,13620448,13623776
ovl_En_Osn,15889632,15898656,13623776,13629584
ovl_Bg_Ctower_Gear,15898656,15900720,13629584,13631200
ovl_En_Trt2,15900720,15911008,13631200,13638192
ovl_Obj_Tokei_Step,15911008,15914000,13638192,13640576
ovl_Bg_Lotus,15914000,15915648,13640576,13641904
ovl_En_Kame,15915648,15924976,13641904,13648400
ovl_Obj_Takaraya_Wall,15924976,15929600,13648400,13652080
ovl_Bg_Fu_Mizu,15929600,15930336,13652080,13652736
ovl_En_Sellnuts,15930336,15943744,13652736,13661440
ovl_Bg_Dkjail_Ivy,15943744,15945856,13661440,13663200
ovl_Obj_Visiblock,15945856,15946144,13663200,13663440
ovl_En_Takaraya,15946144,15950512,13663440,13666720
ovl_En_Tsn,15950512,15957088,13666720,13671072
ovl_En_Ds2n,15957088,15958400,13671072,13672144
ovl_En_Fsn,15958400,15976256,13672144,13683632
ovl_En_Shn,15976256,15980976,13683632,13686944
ovl_En_Stop_heishi,15980976,15987072,13686944,13691440
ovl_Obj_Bigicicle,15987072,15990832,13691440,13694272
ovl_En_Lift_Nuts,15990832,16001648,13694272,13700928
ovl_En_Tk,16001648,16016992,13700928,13711168
ovl_Bg_Market_Step,16016992,16017264,13711168,13711408
ovl_Obj_Lupygamelift,16017264,16018976,13711408,13712864
ovl_En_Test7,16018976,16031408,13712864,13721664
ovl_Obj_Lightblock,16031408,16033040,13721664,13722992
ovl_Mir_Ray2,16033040,16034192,13722992,13723984
ovl_En_Wdhand,16034192,16043264,13723984,13730528
ovl_En_Gamelupy,16043264,16044928,13730528,13731920
ovl_Bg_Danpei_Movebg,16044928,16047072,13731920,13733616
ovl_En_Snowwd,16047072,16048352,13733616,13734736
ovl_En_Pm,16048352,16068352,13734736,13747296
ovl_En_Gakufu,16068352,16070944,13747296,13749424
ovl_Elf_Msg4,16070944,16072496,13749424,13750576
ovl_Elf_Msg5,16072496,16073184,13750576,13751040
ovl_En_Col_Man,16073184,16076352,13751040,13753488
ovl_En_Talk_Gibud,16076352,16088880,13753488,13761792
ovl_En_Giant,16088880,16093808,13761792,13765248
ovl_Obj_Snowball,16093808,16103472,13765248,13772320
ovl_Boss_Hakugin,16103472,16145280,13772320,13801552
ovl_En_Gb2,16145280,16155648,13801552,13808320
ovl_En_Onpuman,16155648,16157136,13808320,13809520
ovl_Bg_Tobira01,16157136,16158224,13809520,13810432
ovl_En_Tag_Obj,16158224,16158496,13810432,13810656
ovl_Obj_Dhouse,16158496,16164640,13810656,13814976
ovl_Obj_Hakaisi,16164640,16170288,13814976,13819024
ovl_Bg_Hakugin_Switch,16170288,16175248,13819024,13822208
ovl_En_Snowman,16175248,16188656,13822208,13831936
ovl_TG_Sw,16188656,16189760,13831936,13832816
ovl_En_Po_Sisters,16189760,16204864,13832816,13843248
ovl_En_Pp,16204864,16220304,13843248,13853920
ovl_En_Hakurock,16220304,16224656,13853920,13857104
ovl_En_Hanabi,16224656,16229088,13857104,13860688
ovl_Obj_Dowsing,16229088,16229472,13860688,13860960
ovl_Obj_Wind,16229472,16231360,13860960,13862400
ovl_En_Racedog,16231360,16238640,13862400,13867872
ovl_En_Kendo_Js,16238640,16246288,13867872,13872976
ovl_Bg_Botihasira,16246288,16247040,13872976,13873648
ovl_En_Fish2,16247040,16260544,13873648,13883408
ovl_En_Pst,16260544,16264320,13883408,13885872
ovl_En_Poh,16264320,16277664,13885872,13894736
ovl_Obj_Spidertent,16277664,16284448,13894736,13899424
ovl_En_Zoraegg,16284448,16294592,13899424,13906208
ovl_En_Kbt,16294592,16299264,13906208,13909584
ovl_En_Gg,16299264,16307728,13909584,13915600
ovl_En_Maruta,16307728,16315312,13915600,13920656
ovl_Obj_Snowball2,16315312,16323040,13920656,13926368
ovl_En_Gg2,16323040,16328688,13926368,13930512
ovl_Obj_Ghaka,16328688,16330672,13930512,13932096
ovl_En_Dnp,16330672,16336256,13932096,13936016
ovl_En_Dai,16336256,16344592,13936016,13941824
ovl_Bg_Goron_Oyu,16344592,16346512,13941824,13943280
ovl_En_Kgy,16346512,16359232,13943280,13951088
ovl_En_Invadepoh,16359232,16410672,13951088,13981536
ovl_En_Gk,16410672,16424032,13981536,13990512
ovl_En_An,16424032,16452416,13990512,14007504
ovl_En_Bee,16452416,16455424,14007504,14009952
ovl_En_Ot,16455424,16469152,14009952,14019664
ovl_En_Dragon,16469152,16477920,14019664,14025904
ovl_Obj_Dora,16477920,16480752,14025904,14028048
ovl_En_Bigpo,16480752,16496848,14028048,14039520
ovl_Obj_Kendo_Kanban,16496848,16502320,14039520,14043632
ovl_Obj_Hariko,16502320,16503104,14043632,14044272
ovl_En_Sth,16503104,16530032,14044272,14063072
ovl_Bg_Sinkai_Kabe,16530032,16531440,14063072,14064272
ovl_Bg_Haka_Curtain,16531440,16532528,14064272,14065040
ovl_Bg_Kin2_Bombwall,16532528,16534576,14065040,14066720
ovl_Bg_Kin2_Fence,16534576,16536496,14066720,14068144
ovl_Bg_Kin2_Picture,16536496,16539456,14068144,14070560
ovl_Bg_Kin2_Shelf,16539456,16542928,14070560,14072944
ovl_En_Rail_Skb,16542928,16555680,14072944,14081408
ovl_En_Jg,16555680,16565312,14081408,14087904
ovl_En_Tru_Mt,16565312,16571264,14087904,14092464
ovl_Obj_Um,16571264,16592016,14092464,14106672
ovl_En_Neo_Reeba,16592016,16600368,14106672,14112288
ovl_Bg_Mbar_Chair,16600368,16600672,14112288,14112528
ovl_Bg_Ikana_Block,16600672,16603952,14112528,14114992
ovl_Bg_Ikana_Mirror,16603952,16606944,14114992,14117024
ovl_Bg_Ikana_Rotaryroom,16606944,16615344,14117024,14122688
ovl_Bg_Dblue_Balance,16615344,16621680,14122688,14127456
ovl_Bg_Dblue_Waterfall,16621680,16628096,14127456,14132096
ovl_En_Kaizoku,16628096,16651968,14132096,14147568
ovl_En_Ge2,16651968,16659488,14147568,14152656
ovl_En_Ma_Yts,16659488,16664848,14152656,14156208
ovl_En_Ma_Yto,16664848,16679088,14156208,14163552
ovl_Obj_Tokei_Turret,16679088,16679696,14163552,14164080
ovl_Bg_Dblue_Elevator,16679696,16682752,14164080,14166432
ovl_Obj_Warpstone,16682752,16684800,14166432,14168048
ovl_En_Zog,16684800,16695808,14168048,14176000
ovl_Obj_Rotlift,16695808,16696768,14176000,14176912
ovl_Obj_Jg_Gakki,16696768,16697328,14176912,14177424
ovl_Bg_Inibs_Movebg,16697328,16697776,14177424,14177840
ovl_En_Zot,16697776,16712976,14177840,14187184
ovl_Obj_Tree,16712976,16714416,14187184,14188368
ovl_Obj_Y2lift,16714416,16715232,14188368,14189072
ovl_Obj_Y2shutter,16715232,16716720,14189072,14190320
ovl_Obj_Boat,16716720,16718656,14190320,14191936
ovl_Obj_Taru,16718656,16722096,14191936,14194624
ovl_Obj_Hunsui,16722096,16728880,14194624,14199568
ovl_En_Jc_Mato,16728880,16729872,14199568,14200416
ovl_Mir_Ray3,16729872,16734656,14200416,14204288
ovl_En_Zob,16734656,16742896,14204288,14209376
ovl_Elf_Msg6,16742896,16746608,14209376,14211728
ovl_Obj_Nozoki,16746608,16751360,14211728,14215232
ovl_En_Toto,16751360,16758848,14215232,14220464
ovl_En_Railgibud,16758848,16772192,14220464,14229584
ovl_En_Baba,16772192,16780048,14229584,14235392
ovl_En_Suttari,16780048,16798640,14235392,14247648
ovl_En_Zod,16798640,16805152,14247648,14252432
ovl_En_Kujiya,16805152,16808720,14252432,14254592
ovl_En_Geg,16808720,16821056,14254592,14262912
ovl_Obj_Kinoko,16821056,16822064,14262912,14263856
ovl_Obj_Yasi,16822064,16822848,14263856,14264576
ovl_En_Tanron1,16822848,16829456,14264576,14268784
ovl_En_Tanron2,16829456,16836752,14268784,14274096
ovl_En_Tanron3,16836752,16841680,14274096,14277920
ovl_Obj_Chan,16841680,16846720,14277920,14282144
ovl_En_Zos,16846720,16854368,14282144,14287024
ovl_En_S_Goro,16854368,16867472,14287024,14295024
ovl_En_Nb,16867472,16874464,14295024,14299888
ovl_En_Ja,16874464,16882784,14299888,14305552
ovl_Bg_F40_Block,16882784,16886416,14305552,14307968
ovl_Bg_F40_Switch,16886416,16888320,14307968,14309472
ovl_En_Po_Composer,16888320,16895680,14309472,14314384
ovl_En_Guruguru,16895680,16899488,14314384,14317360
ovl_Oceff_Wipe5,16899488,16905520,14317360,14323280
ovl_En_Stone_heishi,16905520,16910432,14323280,14326992
ovl_Oceff_Wipe6,16910432,16912048,14326992,14328288
ovl_En_Scopenuts,16912048,16921280,14328288,14334672
ovl_En_Scopecrow,16921280,16924528,14334672,14337200
ovl_Oceff_Wipe7,16924528,16928208,14337200,14339072
ovl_Eff_Kamejima_Wave,16928208,16929904,14339072,14340384
ovl_En_Hg,16929904,16934224,14340384,14343392
ovl_En_Hgo,16934224,16938112,14343392,14346208
ovl_En_Zov,16938112,16944336,14346208,14350560
ovl_En_Ah,16944336,16950064,14350560,14354448
ovl_Obj_Hgdoor,16950064,16951744,14354448,14355712
ovl_Bg_Ikana_Bombwall,16951744,16954976,14355712,14357968
ovl_Bg_Ikana_Ray,16954976,16955696,14357968,14358528
ovl_Bg_Ikana_Shutter,16955696,16957600,14358528,14359648
ovl_Bg_Haka_Bombwall,16957600,16959520,14359648,14361200
ovl_Bg_Haka_Tomb,16959520,16960432,14361200,14361904
ovl_En_Sc_Ruppe,16960432,16961968,14361904,14363168
ovl_Bg_Iknv_Doukutu,16961968,16964944,14363168,14365328
ovl_Bg_Iknv_Obj,16964944,16966992,14365328,14366816
ovl_En_Pamera,16966992,16977104,14366816,14372912
ovl_Obj_HsStump,16977104,16978656,14372912,14374272
ovl_En_Hidden_Nuts,16978656,16983312,14374272,14377568
ovl_En_Zow,16983312,16990848,14377568,14382720
ovl_En_Talk,16990848,16991296,14382720,14383072
ovl_En_Al,16991296,17000320,14383072,14389024
ovl_En_Tab,17000320,17006368,14389024,14393328
ovl_En_Nimotsu,17006368,17007312,14393328,14394176
ovl_En_Hit_Tag,17007312,17007872,14394176,14394656
ovl_En_Ruppecrow,17007872,17014304,14394656,14399040
ovl_En_Tanron4,17014304,17017808,14399040,14401456
ovl_En_Tanron5,17017808,17023712,14401456,14405696
ovl_En_Tanron6,17023712,17024112,14405696,14406048
ovl_En_Daiku2,17024112,17030560,14406048,14410800
ovl_En_Muto,17030560,17033104,14410800,14412896
ovl_En_Baisen,17033104,17035712,14412896,14414992
ovl_En_Heishi,17035712,17037232,14414992,14416304
ovl_En_Demo_heishi,17037232,17038784,14416304,14417648
ovl_En_Dt,17038784,17045440,14417648,14422560
ovl_En_Cha,17045440,17046496,14422560,14423456
ovl_Obj_Dinner,17046496,17046880,14423456,14423792
ovl_Eff_Lastday,17046880,17048800,14423792,14424976
ovl_Bg_Ikana_Dharma,17048800,17051248,14424976,14427104
ovl_En_Akindonuts,17051248,17068064,14427104,14437168
ovl_Eff_Stk,17068064,17069024,14437168,14438032
ovl_En_Ig,17069024,17079216,14438032,14444976
ovl_En_Rg,17079216,17088160,14444976,14451776
ovl_En_Osk,17088160,17094496,14451776,14455536
ovl_En_Sth2,17094496,17105792,14455536,14462528
ovl_En_Yb,17105792,17110784,14462528,14466144
ovl_En_Rz,17110784,17117728,14466144,14470832
ovl_En_Scopecoin,17117728,17118560,14470832,14471520
ovl_En_Bjt,17118560,17122288,14471520,14474192
ovl_En_Bomjima,17122288,17133856,14474192,14482080
ovl_En_Bomjimb,17133856,17143728,14482080,14489024
ovl_En_Bombers,17143728,17148848,14489024,14492912
ovl_En_Bombers2,17148848,17153264,14492912,14496304
ovl_En_Bombal,17153264,17155984,14496304,14498560
ovl_Obj_Moon_Stone,17155984,17157408,14498560,14499728
ovl_Obj_Mu_Pict,17157408,17159056,14499728,14500896
ovl_Bg_Ikninside,17159056,17160640,14500896,14502256
ovl_Eff_Zoraband,17160640,17161632,14502256,14503120
ovl_Obj_Kepn_Koya,17161632,17161984,14503120,14503424
ovl_Obj_Usiyane,17161984,17164768,14503424,14505840
ovl_En_Nnh,17164768,17165568,14505840,14506480
ovl_Obj_Kzsaku,17165568,17166528,14506480,14507248
ovl_Obj_Milk_Bin,17166528,17167184,14507248,14507808
ovl_En_Kitan,17167184,17170768,14507808,14510416
ovl_Bg_Astr_Bombwall,17170768,17172928,14510416,14512176
ovl_Bg_Iknin_Susceil,17172928,17175824,14512176,14514176
ovl_En_Bsb,17175824,17195600,14514176,14527888
ovl_En_Recepgirl,17195600,17197552,14527888,14529392
ovl_En_Thiefbird,17197552,17210272,14529392,14538448
ovl_En_Jgame_Tsn,17210272,17216864,14538448,14542976
ovl_Obj_Jgame_Light,17216864,17220688,14542976,14545328
ovl_Obj_Yado,17220688,17221344,14545328,14545872
ovl_Demo_Syoten,17221344,17226864,14545872,14549760
ovl_Demo_Moonend,17226864,17228672,14549760,14551104
ovl_Bg_Lbfshot,17228672,17228960,14551104,14551344
ovl_Bg_Last_Bwall,17228960,17231344,14551344,14553248
ovl_En_And,17231344,17233152,14553248,14554704
ovl_En_Invadepoh_Demo,17233152,17239968,14554704,14558816
ovl_Obj_Danpeilift,17239968,17242144,14558816,14560592
ovl_En_Fall2,17242144,17244016,14560592,14562064
ovl_Dm_Al,17244016,17245680,14562064,14563392
ovl_Dm_An,17245680,17249776,14563392,14566416
ovl_Dm_Ah,17249776,17252528,14566416,14568496
ovl_Dm_Nb,17252528,17253488,14568496,14569328
ovl_En_Drs,17253488,17254512,14569328,14570192
ovl_En_Ending_Hero,17254512,17255360,14570192,14570976
ovl_Dm_Bal,17255360,17257904,14570976,14572864
ovl_En_Paper,17257904,17260240,14572864,14574784
ovl_En_Hint_Skb,17260240,17270064,14574784,14581248
ovl_Dm_Tag,17270064,17272608,14581248,14583072
ovl_En_Bh,17272608,17273872,14583072,14584128
ovl_En_Ending_Hero2,17273872,17274432,14584128,14584640
ovl_En_Ending_Hero3,17274432,17274992,14584640,14585152
ovl_En_Ending_Hero4,17274992,17275552,14585152,14585664
ovl_En_Ending_Hero5,17275552,17276528,14585664,14586512
ovl_En_Ending_Hero6,17276528,17278272,14586512,14588000
ovl_Dm_Gm,17278272,17282368,14588000,14591024
ovl_Obj_Swprize,17282368,17283712,14591024,14592048
ovl_En_Invisible_Ruppe,17283712,17284512,14592048,14592624
ovl_Obj_Ending,17284512,17284896,14592624,14592928
ovl_En_Rsn,17284896,17285760,14592928,14593616
gameplay_keep,17289216,17888816,14593616,14906592
gameplay_field_keep,17891328,17928848,14906592,14933616
gameplay_dangeon_keep,17932288,18076288,14933616,15016064
gameplay_object_exchange_static,18079744,18079760,18079744,0
object_link_boy,18083840,18139280,15016064,15042032
object_link_child,18141184,18264672,15042032,15100688
object_link_goron,18268160,18365072,15100688,15149760
object_link_zora,18366464,18443328,15149760,15184704
object_link_nuts,18444288,18491952,15184704,15209248
object_mask_ki_tan,18493440,18496208,15209248,15210992
object_mask_rabit,18497536,18502560,15210992,15213136
object_mask_skj,18505728,18511584,15213136,15217248
object_mask_truth,18513920,18518688,15217248,15219840
object_mask_gibudo,18522112,18525600,15219840,15223376
object_mask_json,18526208,18531168,15223376,15226592
object_mask_kerfay,18534400,18539968,15226592,15229968
object_mask_bigelf,18542592,18556080,15229968,15237008
object_mask_kyojin,18558976,18562208,15237008,15239168
object_mask_romerny,18563072,18569744,15239168,15243216
object_mask_posthat,18571264,18574160,15243216,15244976
object_mask_zacho,18575360,18581136,15244976,15248304
object_mask_stone,18583552,18587712,15248304,15250880
object_mask_bree,18591744,18599328,15250880,15255344
object_mask_gero,18599936,18611856,15255344,15261808
object_mask_yofukasi,18612224,18619040,15261808,15265072
object_mask_meoto,18620416,18627808,15265072,15268176
object_mask_dancer,18628608,18635600,15268176,15272400
object_mask_bakuretu,18636800,18641408,15272400,15275424
object_mask_bu_san,18644992,18650096,15275424,15278592
object_mask_goron,18653184,18659248,15278592,15282320
object_mask_zora,18661376,18665616,15282320,15285136
object_mask_nuts,18669568,18677984,15285136,15290080
object_mask_boy,18681856,18690256,15290080,15295488
object_box,18694144,18727200,15295488,15311808
object_okuta,18731008,18749056,15311808,15321632
object_wallmaster,18751488,18792560,15321632,15348528
object_dy_obj,18796544,18913472,15348528,15425008
object_firefly,18915328,18921664,15425008,15428736
object_dodongo,18923520,18962752,15428736,15456448
object_niw,18964480,18974016,15456448,15461296
object_tite,18976768,18991664,15461296,15471328
object_ph,18993152,19000464,15471328,15474848
object_dinofos,19001344,19056192,15474848,15516544
object_zl1,19058688,19141568,15516544,15560688
object_bubble,19144704,19148992,15560688,15562576
object_test3,19152896,19216384,15562576,15589584
object_famos,19218432,19234368,15589584,15598768
object_st,19234816,19258288,15598768,15611824
object_thiefbird,19259392,19284960,15611824,15626976
object_bombf,19288064,19294720,15626976,15630976
object_am,19296256,19320112,15630976,15643312
object_dekubaba,19320832,19335616,15643312,15653536
object_warp1,19337216,19373056,15653536,15681904
object_b_heart,19374080,19375680,15681904,15683088
object_dekunuts,19378176,19392400,15683088,15691984
object_bb,19394560,19401280,15691984,15695840
object_death,19402752,19454928,15695840,15731920
object_hata,19456000,19468256,15731920,15737904
object_wood02,19468288,19507136,15737904,15762176
object_trap,19509248,19518432,15762176,15769200
object_vm,19521536,19537776,15769200,15777536
object_efc_star_field,19537920,19544016,15777536,15781712
object_rd,19546112,19620224,15781712,15829296
object_yukimura_obj,19623936,19632288,15829296,15834656
object_horse_link_child,19636224,19694832,15834656,15878592
object_syokudai,19697664,19713168,15878592,15887408
object_efc_tw,19714048,19718896,15887408,15892432
object_gi_key,19722240,19724832,15892432,15893664
object_mir_ray,19726336,19729760,15893664,15896272
object_ctower_rot,19730432,19830208,15896272,15955680
object_bdoor,19832832,19864480,15955680,15975824
object_sb,19865600,19877024,15975824,15981424
object_gi_melody,19877888,19881248,15981424,15982912
object_gi_heart,19881984,19882480,15982912,15983312
object_gi_compass,19886080,19889424,15983312,15984992
object_gi_bosskey,19890176,19894288,15984992,15986864
object_gi_nuts,19898368,19902912,15986864,15989808
object_gi_hearts,19906560,19912624,15989808,15992208
object_gi_arrowcase,19914752,19918000,15992208,15993888
object_gi_bombpouch,19918848,19922528,15993888,15995584
object_in,19922944,20041648,15995584,16065504
object_os_anime,20041728,20053136,16065504,16074576
object_gi_bottle,20054016,20056304,16074576,16075872
object_gi_stick,20058112,20059840,16075872,16077184
object_gi_map,20062208,20066656,16077184,16080512
object_oF1d_map,20070400,20155792,16080512,16132016
object_ru2,20156416,20220112,16132016,16166048
object_gi_magicpot,20221952,20226512,16166048,16168192
object_gi_bomb_1,20230144,20233392,16168192,16169744
object_ma2,20234240,20326192,16169744,16232912
object_gi_purse,20328448,20335472,16232912,16239296
object_rr,20336640,20340224,16239296,16241776
object_gi_arrow,20340736,20347664,16241776,16244480
object_gi_bomb_2,20348928,20350624,16244480,16245680
object_gi_shield_2,20353024,20360896,16245680,16249568
object_gi_hookshot,20361216,20366416,16249568,16253248
object_gi_ocarina,20369408,20372400,16253248,16255088
object_gi_milk,20373504,20378736,16255088,16257504
object_ma1,20381696,20494208,16257504,16336064
object_ny,20496384,20505392,16336064,16340320
object_fr,20508672,20555088,16340320,16358272
object_gi_bow,20557824,20562672,16358272,16361120
object_gi_glasses,20566016,20570496,16361120,16363184
object_gi_liquid,20574208,20580560,16363184,16365888
object_ani,20582400,20629696,16365888,16398912
object_gi_shield_3,20631552,20638720,16398912,16404032
object_gi_bean,20639744,20641984,16404032,16405536
object_gi_fish,20643840,20646224,16405536,16407008
object_gi_longsword,20647936,20650176,16407008,16408448
object_zo,20652032,20722752,16408448,16453648
object_umajump,20725760,20731280,16453648,16456640
object_mastergolon,20733952,20734224,16456640,16456864
object_masterzoora,20738048,20740000,16456864,16458960
object_aob,20742144,20772720,16458960,16473488
object_ik,20774912,20854448,16473488,16525008
object_ahg,20856832,20879792,16525008,16536320
object_cne,20881408,20892112,16536320,16540944
object_bji,20893696,20917104,16540944,16552640
object_bba,20918272,20959392,16552640,16574880
object_an1,20963328,21044784,16574880,16633184
object_boj,21045248,21125056,16633184,16699264
object_fz,21127168,21140688,16699264,16703888
object_bob,21143552,21163808,16703888,16711456
object_ge1,21164032,21213664,16711456,16737744
object_yabusame_point,21217280,21220944,16737744,16739216
object_d_hsblock,21221376,21227360,16739216,16744000
object_d_lift,21229568,21238576,16744000,16751968
object_mamenoki,21241856,21251744,16751968,16760032
object_goroiwa,21254144,21296544,16760032,16782096
object_toryo,21299200,21328224,16782096,16796016
object_daiku,21331968,21386048,16796016,16832528
object_nwc,21389312,21396640,16832528,16837232
object_gm,21397504,21397520,16837232,16837264
object_ms,21401600,21417424,16837264,16845616
object_hs,21417984,21443184,16845616,16858784
object_lightswitch,21446656,21455904,16858784,16864048
object_kusa,21458944,21459840,16864048,16864640
object_tsubo,21463040,21469680,16864640,16870320
object_kanban,21471232,21477296,16870320,16872000
object_owl,21479424,21546448,16872000,16903408
object_mk,21549056,21576880,16903408,16919184
object_fu,21577728,21605536,16919184,16933632
object_gi_ki_tan_mask,21606400,21609968,16933632,16935632
object_gi_mask18,21610496,21616832,16935632,16940144
object_gi_rabit_mask,21618688,21622528,16940144,16942176
object_gi_truth_mask,21622784,21629024,16942176,16945344
object_stream,21630976,21633664,16945344,16946800
object_mm,21635072,21690976,16946800,16983776
object_js,21692416,21719584,16983776,16999248
object_cs,21721088,21789568,16999248,17041104
object_gi_soldout,21790720,21791952,17041104,17041760
object_mag,21794816,21928400,17041760,17095424
object_gi_golonmask,21929984,21937440,17095424,17098832
object_gi_zoramask,21938176,21944160,17098832,17101792
object_ka,21946368,21979584,17101792,17117296
object_zg,21983232,21987840,17117296,17118016
object_gi_m_arrow,21991424,21995136,17118016,17119744
object_ds2,21995520,22012528,17119744,17128256
object_fish,22016000,22103536,17128256,17173056
object_gi_sutaru,22106112,22107728,17173056,17173968
object_ssh,22110208,22138256,17173968,17188896
object_bigslime,22138880,22217728,17188896,17246048
object_bg,22220800,22293360,17246048,17283328
object_bombiwa,22294528,22321776,17283328,17305936
object_hintnuts,22323200,22335808,17305936,17314656
object_rs,22339584,22377008,17314656,17337584
object_gla,22380544,22422368,17337584,17363312
object_geldb,22425600,22470912,17363312,17390496
object_dog,22474752,22507776,17390496,17407456
object_kibako2,22511616,22516160,17407456,17411152
object_dns,22519808,22533376,17411152,17420800
object_dnk,22536192,22547328,17420800,17427904
object_gi_insect,22548480,22551536,17427904,17429760
object_gi_ghost,22552576,22556080,17429760,17432208
object_gi_soul,22556672,22560688,17432208,17434288
object_f40_obj,22560768,22578800,17434288,17447600
object_gi_rupy,22581248,22583360,17447600,17448672
object_po_composer,22585344,22624576,17448672,17476080
object_mu,22626304,22674144,17476080,17511440
object_wf,22675456,22717408,17511440,17536272
object_skb,22720512,22748576,17536272,17557456
object_gs,22749184,22751872,17557456,17560256
object_ps,22753280,22784272,17560256,17576016
object_omoya_obj,22786048,22792960,17576016,17580816
object_crow,22794240,22798544,17580816,17582784
object_cow,22802432,22822576,17582784,17593376
object_gi_sword_1,22822912,22827552,17593376,17596224
object_zl4,22831104,22982496,17596224,17703264
object_grasshopper,22982656,23003744,17703264,17717664
object_boyo,23007232,23010960,17717664,17720256
object_fwall,23011328,23035040,17720256,17728848
object_jso,23035904,23082496,17728848,17760976
object_knight,23085056,23227584,17760976,17878176
object_icicle,23228416,23233216,17878176,17883152
object_spdweb,23236608,23246512,17883152,17888496
object_boss01,23248896,23389536,17888496,17991696
object_boss02,23392256,23472544,17991696,18023440
object_boss03,23474176,23530176,18023440,18052816
object_boss04,23531520,23549440,18052816,18062704
object_boss05,23552000,23583008,18062704,18083616
object_boss07,23584768,23874352,18083616,18271040
object_raf,23875584,23888960,18271040,18277792
object_funen,23891968,23893440,18277792,18278880
object_raillift,23896064,23928496,18278880,18299232
object_numa_obj,23928832,24011184,18299232,18342816
object_flowerpot,24014848,24020544,18342816,18346784
object_spinyroll,24023040,24027056,18346784,18349840
object_ice_block,24027136,24034016,18349840,18354304
object_keikoku_demo,24035328,24089392,18354304,18394944
object_slime,24092672,24099952,18394944,18399840
object_pr,24100864,24118096,18399840,18410688
object_f52_obj,24121344,24128480,18410688,18415280
object_f53_obj,24129536,24144496,18415280,18426048
object_kibako,24145920,24152832,18426048,18429952
object_sek,24154112,24173168,18429952,18446672
object_gmo,24174592,24183024,18446672,18451888
object_bat,24186880,24190112,18451888,18452896
object_sekihil,24190976,24204336,18452896,18460992
object_sekihig,24207360,24220688,18460992,18469200
object_sekihin,24223744,24237072,18469200,18477424
object_sekihiz,24240128,24244288,18477424,18480896
object_wiz,24248320,24294192,18480896,18510912
object_ladder,24297472,24301728,18510912,18512816
object_mkk,24305664,24306960,18512816,18513392
object_keikoku_obj,24309760,24330784,18513392,18527296
object_sichitai_obj,24334336,24344848,18527296,18536128
object_dekucity_ana_obj,24346624,24350976,18536128,18540208
object_rat,24354816,24361072,18540208,18543536
object_water_effect,24363008,24380432,18543536,18554544
object_dblue_object,24383488,24485472,18554544,18603936
object_bal,24485888,24540608,18603936,18639376
object_warp_uzu,24543232,24552528,18639376,18644192
object_driftice,24555520,24562400,18644192,18648448
object_fall,24563712,24607552,18648448,18676048
object_hanareyama_obj,24608768,24628672,18676048,18683104
object_crace_object,24629248,24632880,18683104,18686112
object_dnq,24633344,24696096,18686112,18732160
object_obj_tokeidai,24698880,24771712,18732160,18781456
object_eg,24772608,24850928,18781456,18837136
object_tru,24854528,24966624,18837136,18925648
object_trt,24969216,25034496,18925648,18964032
object_hakugin_obj,25034752,25101376,18964032,19019536
object_horse_game_check,25104384,25119056,19019536,19029472
object_stk,25120768,25240544,19029472,19111520
object_mnk,25243648,25363760,19111520,19191968
object_gi_bottle_red,25366528,25370576,19191968,19194464
object_tokei_tobira,25370624,25376192,19194464,19199280
object_az,25378816,25488848,19199280,19251344
object_twig,25489408,25497808,19251344,19257248
object_dekucity_obj,25501696,25519808,19257248,19272032
object_po_fusen,25522176,25531648,19272032,19276720
object_racetsubo,25534464,25540768,19276720,19280688
object_ha,25542656,25628912,19280688,19325504
object_bigokuta,25632768,25660368,19325504,19340992
object_open_obj,25661440,25732208,19340992,19382848
object_fu_kaiten,25735168,25749552,19382848,19392768
object_fu_mato,25751552,25764432,19392768,19399024
object_mtoride,25767936,25837728,19399024,19442432
object_osn,25841664,25974112,19442432,19533600
object_tokei_step,25976832,25979296,19533600,19535568
object_lotus,25980928,25983568,19535568,19537648
object_tl,25985024,26018384,19537648,19561664
object_dkjail_obj,26021888,26026464,19561664,19564720
object_visiblock,26030080,26032896,19564720,19566496
object_tsn,26034176,26071824,19566496,19586512
object_ds2n,26075136,26108288,19586512,19601456
object_fsn,26112000,26194720,19601456,19645904
object_shn,26198016,26268192,19645904,19682912
object_bigicicle,26271744,26283376,19682912,19687536
object_gi_bottle_15,26284032,26292224,19687536,19692208
object_tk,26292224,26339840,19692208,19720624
object_market_obj,26341376,26475984,19720624,19807328
object_gi_reserve00,26476544,26483824,19807328,19812224
object_gi_reserve01,26484736,26490384,19812224,19816800
object_lightblock,26492928,26495920,19816800,19819488
object_takaraya_objects,26497024,26500688,19819488,19820976
object_wdhand,26501120,26508848,19820976,19826512
object_sdn,26509312,26565776,19826512,19868752
object_snowwd,26566656,26577568,19868752,19874976
object_giant,26578944,26675552,19874976,19957696
object_comb,26677248,26681552,19957696,19960640
object_hana,26685440,26687312,19960640,19961184
object_boss_hakugin,26689536,26776640,19961184,20009072
object_meganeana_obj,26779648,26785232,20009072,20014192
object_gi_nutsmask,26787840,26795056,20014192,20018512
object_stk2,26796032,27035920,20018512,20251248
object_spot11_obj,27037696,27045616,20251248,20258336
object_danpei_object,27045888,27061776,20258336,20267600
object_dhouse,27062272,27095744,20267600,20287888
object_hakaisi,27099136,27111408,20287888,20294736
object_po,27111424,27132128,20294736,20308016
object_snowman,27136000,27166512,20308016,20323376
object_po_sisters,27168768,27194832,20323376,20340000
object_pp,27197440,27273984,20340000,20377296
object_goronswitch,27275264,27285936,20377296,20385760
object_delf,27287552,27373872,20385760,20440832
object_botihasira,27377664,27384848,20440832,20445536
object_gi_bigbomb,27385856,27392304,20445536,20449008
object_pst,27394048,27400848,20449008,20454208
object_bsmask,27402240,27454352,20454208,20485392
object_spidertent,27455488,27464640,20485392,20489296
object_zoraegg,27467776,27490736,20489296,20504624
object_kbt,27492352,27554016,20504624,20542352
object_gg,27557888,27623648,20542352,20580528
object_maruta,27627520,27639776,20580528,20586224
object_ghaka,27639808,27655424,20586224,20595408
object_oyu,27656192,27658688,20595408,20597536
object_dnp,27660288,27735104,20597536,20659040
object_dai,27738112,27816160,20659040,20708640
object_kgy,27820032,27888544,20708640,20755136
object_fb,27889664,27918000,20755136,20773920
object_taisou,27918336,27948928,20773920,20804832
object_gk,27951104,28022560,20804832,20852704
object_haka_obj,28024832,28055616,20852704,20875104
object_dnt,28057600,28103376,20875104,20907504
object_yukiyama,28106752,28133488,20907504,20926672
object_icefloe,28135424,28138688,20926672,20928880
object_gi_gold_dust,28139520,28143936,20928880,20932192
object_gi_bottle_16,28147712,28152608,20932192,20935520
object_gi_bottle_22,28155904,28162752,20935520,20939984
object_bee,28164096,28169120,20939984,20942176
object_ot,28172288,28191552,20942176,20952032
object_utubo,28192768,28211920,20952032,20962048
object_dora,28213248,28234256,20962048,20976848
object_gi_loach,28237824,28243008,20976848,20980320
object_gi_seahorse,28246016,28252112,20980320,20984000
object_bigpo,28254208,28277792,20984000,21000016
object_hariko,28278784,28279840,21000016,21000784
object_dno,28282880,28340752,21000784,21045856
object_sinkai_kabe,28344320,28344448,21045856,21045952
object_kin2_obj,28348416,28382144,21045952,21064768
object_ishi,28385280,28387936,21064768,21066752
object_hakugin_demo,28389376,28402576,21066752,21080512
object_jg,28405760,28516896,21080512,21161840
object_gi_sword_2,28520448,28525920,21161840,21164960
object_gi_sword_3,28528640,28533408,21164960,21168032
object_gi_sword_4,28536832,28542048,21168032,21171728
object_um,28545024,28651040,21171728,21222992
object_rb,28651520,28659440,21222992,21228144
object_mbar_obj,28659712,28666336,21228144,21233088
object_ikana_obj,28667904,28756896,21233088,21277616
object_kz,28758016,28821760,21277616,21324000
object_tokei_turret,28823552,28836160,21324000,21330752
object_zog,28839936,29008256,21330752,21460688
object_rotlift,29011968,29031968,21460688,21474464
object_posthouse_obj,29032448,29043072,21474464,21479376
object_gi_mask09,29044736,29050720,21479376,21482976
object_gi_mask14,29052928,29060992,21482976,21488080
object_gi_mask15,29061120,29068128,21488080,21493264
object_inibs_object,29069312,29130464,21493264,21527424
object_tree,29130752,29137760,21527424,21532048
object_kaizoku_obj,29138944,29186208,21532048,21560256
object_gi_reserve_b_00,29188096,29192240,21560256,21562816
object_gi_reserve_c_00,29196288,29200608,21562816,21565104
object_zob,29204480,29274464,21565104,21608112
object_milkbar,29278208,29350064,21608112,21656688
object_dmask,29351936,29369024,21656688,21667200
object_gi_reserve_c_01,29372416,29376256,21667200,21669616
object_zod,29376512,29432256,21669616,21697376
object_kumo30,29433856,29447024,21697376,21708032
object_obj_yasi,29450240,29455456,21708032,21711872
object_tanron1,29458432,29458448,21711872,21711904
object_tanron2,29462528,29467296,21711904,21713920
object_tanron3,29470720,29475488,21713920,21715936
object_gi_magicmushroom,29478912,29482464,21715936,21718448
object_obj_chan,29483008,29496560,21718448,21727168
object_gi_mask10,29499392,29506752,21727168,21731360
object_zos,29507584,29600144,21731360,21798112
object_an2,29601792,29618912,21798112,21813488
object_an3,29622272,29633120,21813488,21823424
object_f40_switch,29634560,29638128,21823424,21825696
object_lodmoon,29638656,29654560,21825696,21835600
object_tro,29655040,29665632,21835600,21838784
object_gi_mask12,29667328,29671168,21838784,21841280
object_gi_mask23,29671424,29676816,21841280,21844464
object_gi_bottle_21,29679616,29686944,21844464,21848992
object_gi_camera,29687808,29694048,21848992,21853264
object_kamejima,29696000,29781664,21853264,21913440
object_nb,29782016,29817936,21913440,21934016
object_harfgibud,29818880,29910528,21934016,21995776
object_zov,29913088,30003824,21995776,22058400
object_ah,30007296,30047872,22058400,22079920
object_hgdoor,30048256,30055744,22079920,22085504
object_dor01,30056448,30062160,22085504,22088688
object_dor02,30064640,30070288,22088688,22093152
object_dor03,30072832,30078160,22093152,22097136
object_dor04,30081024,30086752,22097136,22101088
object_last_obj,30089216,30108448,22101088,22116592
object_redead_obj,30109696,30112688,22116592,22119280
object_ikninside_obj,30113792,30170752,22119280,22159856
object_iknv_obj,30171136,30249360,22159856,22208784
object_pamera,30253056,30310784,22208784,22241376
object_hsstump,30314496,30319072,22241376,22245360
object_zm,30322688,30374032,22245360,22282384
object_al,30375936,30432240,22282384,22317136
object_tab,30433280,30467776,22317136,22336208
object_secom_obj,30470144,30481648,22336208,22344160
object_dt,30482432,30528784,22344160,22368896
object_gi_mask03,30531584,30539440,22368896,22373744
object_cha,30539776,30547472,22373744,22379936
object_obj_dinner,30547968,30557760,22379936,22385552
object_gi_reserve_b_01,30560256,30566112,22385552,22389536
object_lastday,30568448,30579216,22389536,22398048
object_bai,30580736,30613936,22398048,22417088
object_ikn_demo,30617600,30674112,22417088,22459392
object_gi_fieldmap,30674944,30681120,22459392,22464208
object_big_fwall,30683136,30685888,22464208,22466368
object_hunsui,30687232,30693696,22466368,22468576
object_uch,30695424,30715488,22468576,22479696
object_tanron4,30715904,30719616,22479696,22481088
object_tanron5,30720000,30724768,22481088,22483104
object_in2,30728192,30777424,22483104,22516224
object_yb,30781440,30805856,22516224,22526912
object_rz,30806016,30861552,22526912,22558368
object_bjt,30863360,30872480,22558368,22564448
object_taru,30875648,30883040,22564448,22569184
object_moonston,30883840,30888496,22569184,22573552
object_gi_schedule,30892032,30898368,22573552,22577904
object_gi_stonemask,30900224,30905168,22577904,22580912
object_zoraband,30908416,30912320,22580912,22584256
object_kepn_koya,30912512,30945424,22584256,22604976
object_obj_usiyane,30949376,30958304,22604976,22610464
object_gi_mask05,30961664,30968512,22610464,22614400
object_gi_mask11,30969856,30977680,22614400,22618688
object_gi_mask20,30978048,30984256,22618688,22622624
object_nnh,30986240,30998176,22622624,22629632
object_kzsaku,30998528,31002960,22629632,22631056
object_obj_milk_bin,31006720,31013376,22631056,22634656
object_random_obj,31014912,31019760,22634656,22637632
object_kujiya,31023104,31048112,22637632,22651008
object_kitan,31051776,31084480,22651008,22667584
object_gi_mask06,31084544,31090912,22667584,22670832
object_gi_mask16,31092736,31100880,22670832,22675264
object_astr_obj,31100928,31110352,22675264,22680608
object_bsb,31113216,31167456,22680608,22727568
object_fall2,31170560,31205536,22727568,22746960
object_sth,31207424,31220240,22746960,22752480
object_gi_mssa,31223808,31229040,22752480,22755600
object_smtower,31232000,31238032,22755600,22760816
object_gi_mask21,31240192,31245232,22760816,22763072
object_yado_obj,31248384,31253232,22763072,22766608
object_syoten,31256576,31276448,22766608,22777472
object_moonend,31277056,31353344,22777472,22822176
object_ob,31354880,31452848,22822176,22879936
object_gi_bottle_04,31453184,31457888,22879936,22882704
object_and,31461376,31535840,22882704,22923600
object_obj_danpeilift,31539200,31542224,22923600,22925792
object_drs,31543296,31566480,22925792,22939840
object_msmo,31567872,31573664,22939840,22942960
object_an4,31576064,31611088,22942960,22976624
object_wdor01,31612928,31618736,22976624,22980640
object_wdor02,31621120,31626928,22980640,22985104
object_wdor03,31629312,31635120,22985104,22988512
object_wdor04,31637504,31643248,22988512,22992608
object_wdor05,31645696,31651440,22992608,22996208
object_stk3,31653888,31678304,22996208,23021216
object_kinsta1_obj,31678464,31683312,23021216,23024992
object_kinsta2_obj,31686656,31692016,23024992,23028480
object_bh,31694848,31702640,23028480,23032448
object_gi_mask17,31703040,31710288,23032448,23036736
object_gi_mask22,31711232,31717088,23036736,23040592
object_lbfshot,31719424,31724816,23040592,23044848
object_fusen,31727616,31736912,23044848,23050832
object_ending_obj,31739904,31774688,23050832,23073328
object_gi_mask13,31776768,31782400,23073328,23075856
scene_texture_01,31784960,31804672,23075856,23089824
scene_texture_02,31805440,31812864,23089824,23094800
scene_texture_03,31813632,31832064,23094800,23105056
scene_texture_04,31834112,31855104,23105056,23117552
scene_texture_05,31858688,31885312,23117552,23133904
scene_texture_06,31887360,31908960,23133904,23147072
scene_texture_07,31911936,31911952,23147072,23147104
scene_texture_08,31916032,31948800,23147104,23165952
nintendo_rogo_static,31948800,31960512,23165952,23171952
title_static,31961088,32167344,23171952,23306864
parameter_static,32169984,32220000,23306864,23323120
week_static,32223232,32227120,23323120,0
jpn_daytelop_static,32227328,32267008,23327008,23335072
d2_fine_static,32268288,32317440,23335072,23343824
d2_cloud_static,32317440,32366592,23343824,23366160
d2_fine_pal_static,32366592,32367104,23366160,23366560
elf_message_field,32370688,32370800,23366560,23366704
elf_message_ydan,32374784,32374800,23366704,23366736
Z2_20SICHITAI2,32378880,32446000,23366736,23419232
Z2_20SICHITAI2_room_00,32448512,32559680,23419232,23480096
Z2_20SICHITAI2_room_01,32563200,32638496,23480096,23524336
Z2_20SICHITAI2_room_02,32641024,32694432,23524336,23555984
Z2_WITCH_SHOP,32698368,32742336,23555984,23584192
Z2_WITCH_SHOP_room_00,32743424,32782944,23584192,23599904
Z2_LAST_BS,32784384,32815232,23599904,23618496
Z2_LAST_BS_room_00,32817152,32852576,23618496,23631712
Z2_HAKASHITA,32854016,32904832,23631712,23667344
Z2_HAKASHITA_room_00,32907264,32940096,23667344,23682784
Z2_HAKASHITA_room_01,32944128,32974384,23682784,23698432
Z2_HAKASHITA_room_02,32976896,33005536,23698432,23711152
Z2_HAKASHITA_room_03,33005568,33023600,23711152,23720400
Z2_HAKASHITA_room_04,33026048,33049024,23720400,23732848
Z2_AYASHIISHOP,33050624,33064096,23732848,23742224
Z2_AYASHIISHOP_room_00,33067008,33139328,23742224,23775808
Z2_AYASHIISHOP_room_01,33140736,33162528,23775808,23783888
Z2_OMOYA,33165312,33212432,23783888,23817216
Z2_OMOYA_room_00,33214464,33252832,23817216,23832992
Z2_OMOYA_room_01,33255424,33321040,23832992,23862640
Z2_OMOYA_room_02,33325056,33365936,23862640,23882176
Z2_BOWLING,33366016,33382560,23882176,23894368
Z2_BOWLING_room_00,33386496,33406288,23894368,23901808
Z2_SONCHONOIE,33406976,33436928,23901808,23920224
Z2_SONCHONOIE_room_00,33439744,33478096,23920224,23936256
Z2_SONCHONOIE_room_01,33480704,33509248,23936256,23950480
Z2_SONCHONOIE_room_02,33509376,33550704,23950480,23970400
Z2_SONCHONOIE_room_03,33554432,33594736,23970400,23987984
Z2_IKANA,33595392,33719168,23987984,24049728
Z2_IKANA_room_00,33722368,33891904,24049728,24160752
Z2_IKANA_room_01,33894400,33895568,24160752,24161280
Z2_IKANA_room_02,33898496,33913648,24161280,24170880
Z2_IKANA_room_03,33914880,33926496,24170880,24178992
Z2_IKANA_room_04,33927168,33962096,24178992,24201168
Z2_KAIZOKU,33964032,34037024,24201168,24249696
Z2_KAIZOKU_room_00,34037760,34119488,24249696,24272624
Z2_MILK_BAR,34119680,34173904,24272624,24305872
Z2_MILK_BAR_room_00,34177024,34221952,24305872,24322912
Z2_INISIE_N,34222080,34297392,24322912,24366752
Z2_INISIE_N_room_00,34299904,34359872,24366752,24393408
Z2_INISIE_N_room_01,34361344,34403584,24393408,24412608
Z2_INISIE_N_room_02,34406400,34436848,24412608,24423888
Z2_INISIE_N_room_03,34439168,34482240,24423888,24441104
Z2_INISIE_N_room_04,34484224,34514224,24441104,24452864
Z2_INISIE_N_room_05,34516992,34517424,24452864,24453136
Z2_INISIE_N_room_06,34521088,34521520,24453136,24453408
Z2_INISIE_N_room_07,34525184,34540304,24453408,24459760
Z2_INISIE_N_room_08,34541568,34561104,24459760,24467760
Z2_INISIE_N_room_09,34562048,34595472,24467760,24483952
Z2_INISIE_N_room_10,34598912,34617904,24483952,24493968
Z2_INISIE_N_room_11,34619392,34619856,24493968,24494288
Z2_TAKARAYA,34623488,34662528,24494288,24519504
Z2_TAKARAYA_room_00,34664448,34696832,24519504,24532144
Z2_INISIE_R,34697216,34771072,24532144,24573424
Z2_INISIE_R_room_00,34775040,34829424,24573424,24597872
Z2_INISIE_R_room_01,34832384,34870864,24597872,24615456
Z2_INISIE_R_room_02,34873344,34907152,24615456,24628048
Z2_INISIE_R_room_03,34910208,34954864,24628048,24646448
Z2_INISIE_R_room_04,34955264,34981536,24646448,24657840
Z2_INISIE_R_room_05,34983936,34984544,24657840,24658256
Z2_INISIE_R_room_06,34988032,34988608,24658256,24658624
Z2_INISIE_R_room_07,34992128,34992592,24658624,24658928
Z2_INISIE_R_room_08,34996224,35013680,24658928,24665200
Z2_INISIE_R_room_09,35016704,35017168,24665200,24665536
Z2_INISIE_R_room_10,35020800,35043280,24665536,24676768
Z2_INISIE_R_room_11,35045376,35062528,24676768,24684272
Z2_OKUJOU,35065856,35176352,24684272,24733504
Z2_OKUJOU_room_00,35176448,35188608,24733504,24738080
Z2_OPENINGDAN,35188736,35233376,24738080,24762048
Z2_OPENINGDAN_room_00,35233792,35281104,24762048,24787456
Z2_OPENINGDAN_room_01,35282944,35309232,24787456,24800416
Z2_MITURIN,35311616,35406736,24800416,24859472
Z2_MITURIN_room_00,35409920,35449936,24859472,24876960
Z2_MITURIN_room_01,35450880,35485808,24876960,24892624
Z2_MITURIN_room_02,35487744,35515616,24892624,24906448
Z2_MITURIN_room_03,35516416,35556800,24906448,24923424
Z2_MITURIN_room_04,35557376,35566672,24923424,24928528
Z2_MITURIN_room_05,35569664,35594304,24928528,24938960
Z2_MITURIN_room_06,35598336,35610640,24938960,24945712
Z2_MITURIN_room_07,35614720,35628896,24945712,24953280
Z2_MITURIN_room_08,35631104,35657520,24953280,24967264
Z2_MITURIN_room_09,35659776,35704288,24967264,24988144
Z2_MITURIN_room_10,35704832,35724976,24988144,24995776
Z2_MITURIN_room_11,35725312,35753376,24995776,25010304
Z2_MITURIN_room_12,35753984,35769488,25010304,25022640
Z2_13HUBUKINOMITI,35770368,35802608,25022640,25050032
Z2_13HUBUKINOMITI_room_00,35803136,35820832,25050032,25061792
Z2_CASTLE,35823616,35887216,25061792,25102096
Z2_CASTLE_room_00,35889152,35987520,25102096,25157728
Z2_CASTLE_room_01,35991552,36016736,25157728,25170528
Z2_CASTLE_room_02,36020224,36042560,25170528,25184992
Z2_CASTLE_room_03,36044800,36066672,25184992,25197520
Z2_CASTLE_room_04,36069376,36103904,25197520,25215888
Z2_CASTLE_room_05,36106240,36122736,25215888,25224032
Z2_CASTLE_room_06,36126720,36136384,25224032,25228896
Z2_CASTLE_room_07,36139008,36148848,25228896,25233424
Z2_CASTLE_room_08,36151296,36155152,25233424,25235584
Z2_CASTLE_room_09,36155392,36159248,25235584,25237728
Z2_DEKUTES,36159488,36195984,25237728,25264240
Z2_DEKUTES_room_00,36196352,36213600,25264240,25270992
Z2_MITURIN_BS,36216832,36229552,25270992,25283280
Z2_MITURIN_BS_room_00,36233216,36240560,25283280,25285616
Z2_SYATEKI_MIZU,36241408,36280000,25285616,25311104
Z2_SYATEKI_MIZU_room_00,36282368,36307280,25311104,25320480
Z2_HAKUGIN,36311040,36424144,25320480,25395632
Z2_HAKUGIN_room_00,36425728,36459568,25395632,25419104
Z2_HAKUGIN_room_01,36462592,36490512,25419104,25441120
Z2_HAKUGIN_room_02,36491264,36541600,25441120,25474832
Z2_HAKUGIN_room_03,36544512,36567120,25474832,25490496
Z2_HAKUGIN_room_04,36569088,36706208,25490496,25572256
Z2_HAKUGIN_room_05,36708352,36738720,25572256,25592016
Z2_HAKUGIN_room_06,36741120,36756048,25592016,25603696
Z2_HAKUGIN_room_07,36757504,36784816,25603696,25625360
Z2_HAKUGIN_room_08,36786176,36806608,25625360,25638816
Z2_HAKUGIN_room_09,36806656,36840512,25638816,25661344
Z2_HAKUGIN_room_10,36843520,36856960,25661344,25670416
Z2_HAKUGIN_room_11,36859904,36871984,25670416,25678800
Z2_HAKUGIN_room_12,36872192,36891920,25678800,25693168
Z2_HAKUGIN_room_13,36892672,36909824,25693168,25707536
Z2_ROMANYMAE,36913152,36927152,25707536,25717792
Z2_ROMANYMAE_room_00,36929536,36942688,25717792,25725376
Z2_PIRATE,36945920,37029456,25725376,25774960
Z2_PIRATE_room_00,37031936,37044160,25774960,25779904
Z2_PIRATE_room_01,37044224,37064192,25779904,25787312
Z2_PIRATE_room_02,37064704,37086336,25787312,25794608
Z2_PIRATE_room_03,37089280,37185888,25794608,25833408
Z2_PIRATE_room_04,37187584,37200224,25833408,25839200
Z2_PIRATE_room_05,37203968,37268256,25839200,25857552
Z2_PIRATE_room_06,37269504,37285120,25857552,25865232
Z2_PIRATE_room_07,37285888,37358080,25865232,25893952
Z2_PIRATE_room_08,37359616,37373920,25893952,25900544
Z2_PIRATE_room_09,37376000,37416240,25900544,25918512
Z2_PIRATE_room_10,37416960,37461088,25918512,25937680
Z2_PIRATE_room_11,37462016,37502064,25937680,25955360
Z2_PIRATE_room_12,37502976,37557808,25955360,25977536
Z2_PIRATE_room_13,37560320,37577200,25977536,25985200
Z2_PIRATE_room_14,37580800,37586240,25985200,25988672
Z2_SYATEKI_MORI,37588992,37661904,25988672,26036896
Z2_SYATEKI_MORI_room_00,37662720,37687376,26036896,26048032
Z2_SINKAI,37691392,37732000,26048032,26081856
Z2_SINKAI_room_00,37732352,37764176,26081856,26099872
Z2_YOUSEI_IZUMI,37765120,37909440,26099872,26163360
Z2_YOUSEI_IZUMI_room_00,37912576,37933280,26163360,26172304
Z2_YOUSEI_IZUMI_room_01,37937152,37957728,26172304,26181152
Z2_YOUSEI_IZUMI_room_02,37961728,37982336,26181152,26189984
Z2_YOUSEI_IZUMI_room_03,37986304,38006880,26189984,26198848
Z2_YOUSEI_IZUMI_room_04,38010880,38031504,26198848,26207728
Z2_KINSTA1,38035456,38079584,26207728,26235872
Z2_KINSTA1_room_00,38080512,38089248,26235872,26239232
Z2_KINSTA1_room_01,38092800,38134016,26239232,26255776
Z2_KINSTA1_room_02,38137856,38159904,26255776,26267184
Z2_KINSTA1_room_03,38162432,38180560,26267184,26274944
Z2_KINSTA1_room_04,38182912,38219856,26274944,26288736
Z2_KINSTA1_room_05,38223872,38231856,26288736,26293024
Z2_KINDAN2,38232064,38297152,26293024,26333440
Z2_KINDAN2_room_00,38297600,38324800,26333440,26348592
Z2_KINDAN2_room_01,38326272,38376208,26348592,26366896
Z2_KINDAN2_room_02,38379520,38421312,26366896,26384480
Z2_KINDAN2_room_03,38424576,38462496,26384480,26400000
Z2_KINDAN2_room_04,38465536,38484672,26400000,26408144
Z2_KINDAN2_room_05,38486016,38518256,26408144,26423136
Z2_TENMON_DAI,38518784,38553472,26423136,26445792
Z2_TENMON_DAI_room_00,38555648,38630176,26445792,26477424
Z2_TENMON_DAI_room_01,38633472,38734512,26477424,26525792
Z2_LAST_DEKU,38735872,38752144,26525792,26537264
Z2_LAST_DEKU_room_00,38752256,38808320,26537264,26578256
Z2_LAST_DEKU_room_01,38809600,38827936,26578256,26592320
Z2_22DEKUCITY,38830080,38883872,26592320,26628928
Z2_22DEKUCITY_room_00,38887424,38959696,26628928,26661440
Z2_22DEKUCITY_room_01,38961152,39020880,26661440,26686688
Z2_22DEKUCITY_room_02,39022592,39097584,26686688,26720528
Z2_KAJIYA,39100416,39131600,26720528,26742992
Z2_KAJIYA_room_00,39133184,39188768,26742992,26764496
Z2_00KEIKOKU,39190528,39421264,26764496,26906672
Z2_00KEIKOKU_room_00,39424000,39589984,26906672,26981328
Z2_POSTHOUSE,39591936,39630768,26981328,27007600
Z2_POSTHOUSE_room_00,39632896,39667984,27007600,27020720
Z2_LABO,39669760,39726144,27020720,27058016
Z2_LABO_room_00,39727104,39761568,27058016,27073008
Z2_DANPEI2TEST,39763968,39787600,27073008,27091296
Z2_DANPEI2TEST_room_00,39788544,39881824,27091296,27131984
Z2_DANPEI2TEST_room_01,39882752,39906480,27131984,27140512
Z2_16GORON_HOUSE,39907328,39961024,27140512,27178704
Z2_16GORON_HOUSE_room_00,39964672,40015312,27178704,27201904
Z2_16GORON_HOUSE_room_01,40017920,40047472,27201904,27215808
Z2_33ZORACITY,40050688,40109936,27215808,27264624
Z2_33ZORACITY_room_00,40112128,40153168,27264624,27284320
Z2_8ITEMSHOP,40157184,40198768,27284320,27312000
Z2_8ITEMSHOP_room_00,40202240,40254000,27312000,27331344
Z2_F01,40255488,40371296,27331344,27410672
Z2_F01_room_00,40374272,40428224,27410672,27437760
Z2_INISIE_BS,40431616,40442896,27437760,27445008
Z2_INISIE_BS_room_00,40443904,40444336,27445008,27445264
Z2_30GYOSON,40448000,40574416,27445264,27533296
Z2_30GYOSON_room_00,40574976,40694528,27533296,27588624
Z2_31MISAKI,40697856,40800144,27588624,27662960
Z2_31MISAKI_room_00,40800256,40895600,27662960,27709296
Z2_TAKARAKUJI,40898560,40908304,27709296,27717424
Z2_TAKARAKUJI_room_00,40910848,40922704,27717424,27721952
Z2_TORIDE,40923136,40972368,27721952,27761776
Z2_TORIDE_room_00,40976384,41030144,27761776,27784304
Z2_FISHERMAN,41033728,41070928,27784304,27812864
Z2_FISHERMAN_room_00,41074688,41108800,27812864,27827072
Z2_GORONSHOP,41111552,41161520,27827072,27862656
Z2_GORONSHOP_room_00,41164800,41203104,27862656,27878416
Z2_DEKU_KING,41205760,41278400,27878416,27923600
Z2_DEKU_KING_room_00,41279488,41317600,27923600,27940448
Z2_LAST_GORON,41320448,41358784,27940448,27963696
Z2_LAST_GORON_room_00,41361408,41451152,27963696,28015344
Z2_LAST_GORON_room_01,41451520,41469120,28015344,28029392
Z2_24KEMONOMITI,41472000,41503568,28029392,28053488
Z2_24KEMONOMITI_room_00,41504768,41529824,28053488,28066992
Z2_F01_B,41533440,41580832,28066992,28105696
Z2_F01_B_room_00,41582592,41611904,28105696,28118336
Z2_F01C,41615360,41673392,28118336,28158352
Z2_F01C_room_00,41676800,41699888,28158352,28167808
Z2_BOTI,41701376,41759184,28167808,28213152
Z2_BOTI_room_00,41762816,41812448,28213152,28239872
Z2_BOTI_room_01,41816064,41851680,28239872,28262208
Z2_HAKUGIN_BS,41852928,41885616,28262208,28287056
Z2_HAKUGIN_BS_room_00,41885696,41910864,28287056,28297760
Z2_20SICHITAI,41914368,41985376,28297760,28353520
Z2_20SICHITAI_room_00,41988096,42109840,28353520,28423440
Z2_20SICHITAI_room_01,42110976,42194176,28423440,28474160
Z2_20SICHITAI_room_02,42196992,42255584,28474160,28511232
Z2_21MITURINMAE,42258432,42303472,28511232,28543088
Z2_21MITURINMAE_room_00,42303488,42368064,28543088,28567232
Z2_LAST_ZORA,42369024,42453024,28567232,28632208
Z2_LAST_ZORA_room_00,42455040,42514272,28632208,28653504
Z2_11GORONNOSATO2,42516480,42542848,28653504,28674432
Z2_11GORONNOSATO2_room_00,42545152,42637040,28674432,28733200
Z2_11GORONNOSATO2_room_01,42639360,42649248,28733200,28738768
Z2_SEA,42651648,42768192,28738768,28813520
Z2_SEA_room_00,42770432,42830432,28813520,28837712
Z2_SEA_room_01,42831872,42865568,28837712,28850336
Z2_SEA_room_02,42868736,42877120,28850336,28854128
Z2_SEA_room_03,42881024,42890304,28854128,28857904
Z2_SEA_room_04,42893312,42929040,28857904,28873856
Z2_SEA_room_05,42930176,42951408,28873856,28885280
Z2_SEA_room_06,42954752,43003280,28885280,28907792
Z2_SEA_room_07,43003904,43024576,28907792,28918944
Z2_SEA_room_08,43028480,43070464,28918944,28934960
Z2_SEA_room_09,43073536,43092720,28934960,28941904
Z2_SEA_room_10,43094016,43129632,28941904,28956736
Z2_SEA_room_11,43130880,43174640,28956736,28975824
Z2_SEA_room_12,43175936,43210096,28975824,28989520
Z2_SEA_room_13,43212800,43227024,28989520,28996480
Z2_SEA_room_14,43229184,43236160,28996480,29000352
Z2_SEA_room_15,43237376,43243888,29000352,29002656
Z2_35TAKI,43245568,43345920,29002656,29086336
Z2_35TAKI_room_00,43347968,43449616,29086336,29139856
Z2_REDEAD,43450368,43503664,29139856,29173280
Z2_REDEAD_room_00,43507712,43528944,29173280,29181904
Z2_REDEAD_room_01,43532288,43568016,29181904,29195888
Z2_REDEAD_room_02,43569152,43602048,29195888,29208672
Z2_REDEAD_room_03,43606016,43637040,29208672,29220544
Z2_REDEAD_room_04,43638784,43668544,29220544,29232992
Z2_REDEAD_room_05,43671552,43709344,29232992,29247168
Z2_REDEAD_room_06,43712512,43740832,29247168,29258912
Z2_REDEAD_room_07,43741184,43765952,29258912,29268384
Z2_REDEAD_room_08,43769856,43779680,29268384,29272320
Z2_REDEAD_room_09,43782144,43792432,29272320,29276480
Z2_REDEAD_room_10,43794432,43805184,29276480,29280800
Z2_REDEAD_room_11,43806720,43845504,29280800,29303776
Z2_REDEAD_room_12,43847680,43851664,29303776,29305264
Z2_REDEAD_room_13,43851776,43858064,29305264,29307584
Z2_BANDROOM,43859968,43907248,29307584,29339280
Z2_BANDROOM_room_00,43909120,43982800,29339280,29384320
Z2_BANDROOM_room_01,43982848,44029728,29384320,29411408
Z2_BANDROOM_room_02,44032000,44090800,29411408,29444432
Z2_BANDROOM_room_03,44093440,44136304,29444432,29471696
Z2_BANDROOM_room_04,44138496,44176976,29471696,29493360
Z2_11GORONNOSATO,44179456,44201728,29493360,29510496
Z2_11GORONNOSATO_room_00,44204032,44285024,29510496,29558720
Z2_11GORONNOSATO_room_01,44285952,44296800,29558720,29565344
Z2_GORON_HAKA,44298240,44332944,29565344,29589968
Z2_GORON_HAKA_room_00,44335104,44367280,29589968,29604528
Z2_SECOM,44367872,44395024,29604528,29621088
Z2_SECOM_room_00,44396544,44409584,29621088,29628784
Z2_SECOM_room_01,44412928,44476848,29628784,29656768
Z2_10YUKIYAMANOMURA,44478464,44537424,29656768,29697280
Z2_10YUKIYAMANOMURA_room_00,44539904,44586688,29697280,29720512
Z2_TOUGITES,44589056,44615616,29720512,29739184
Z2_TOUGITES_room_00,44617728,44635600,29739184,29747472
Z2_DANPEI,44638208,44706560,29747472,29793504
Z2_DANPEI_room_00,44707840,44751808,29793504,29815360
Z2_DANPEI_room_01,44752896,44786304,29815360,29830528
Z2_DANPEI_room_02,44789760,44841168,29830528,29854096
Z2_DANPEI_room_03,44843008,44883728,29854096,29876160
Z2_DANPEI_room_04,44883968,44905648,29876160,29886928
Z2_DANPEI_room_05,44908544,44949104,29886928,29906320
Z2_DANPEI_room_06,44949504,44995152,29906320,29925536
Z2_DANPEI_room_07,44998656,45054736,29925536,29951136
Z2_DANPEI_room_08,45056000,45081616,29951136,29965712
Z2_IKANAMAE,45084672,45117584,29965712,29992992
Z2_IKANAMAE_room_00,45121536,45140944,29992992,30003296
Z2_DOUJOU,45142016,45172016,30003296,30025712
Z2_DOUJOU_room_00,45174784,45200608,30025712,30036128
Z2_MUSICHOUSE,45203456,45307904,30036128,30105488
Z2_MUSICHOUSE_room_00,45309952,45361760,30105488,30126544
Z2_IKNINSIDE,45363200,45408272,30126544,30154816
Z2_IKNINSIDE_room_00,45412352,45423072,30154816,30158720
Z2_IKNINSIDE_room_01,45424640,45455424,30158720,30172928
Z2_MAP_SHOP,45457408,45486112,30172928,30193920
Z2_MAP_SHOP_room_00,45490176,45512800,30193920,30201936
Z2_F40,45514752,45597440,30201936,30264448
Z2_F40_room_00,45600768,45649520,30264448,30288000
Z2_F41,45649920,45730544,30288000,30349152
Z2_F41_room_00,45731840,45779296,30349152,30371808
Z2_10YUKIYAMANOMURA2,45780992,45809760,30371808,30390656
Z2_10YUKIYAMANOMURA2_room_00,45813760,45937808,30390656,30465584
Z2_10YUKIYAMANOMURA2_room_01,45940736,45948464,30465584,30469920
Z2_14YUKIDAMANOMITI,45948928,45972720,30469920,30487648
Z2_14YUKIDAMANOMITI_room_00,45973504,45991344,30487648,30498944
Z2_12HAKUGINMAE,45993984,46024032,30498944,30522704
Z2_12HAKUGINMAE_room_00,46026752,46055600,30522704,30540288
Z2_17SETUGEN,46059520,46099376,30540288,30565808
Z2_17SETUGEN_room_00,46100480,46130928,30565808,30580560
Z2_17SETUGEN2,46133248,46168784,30580560,30609200
Z2_17SETUGEN2_room_00,46170112,46199264,30609200,30624032
Z2_SEA_BS,46202880,46224112,30624032,30642256
Z2_SEA_BS_room_00,46227456,46250192,30642256,30650432
Z2_RANDOM,46252032,46297312,30650432,30681440
Z2_RANDOM_room_00,46301184,46312224,30681440,30686304
Z2_RANDOM_room_01,46313472,46352208,30686304,30701264
Z2_RANDOM_room_02,46354432,46383568,30701264,30715728
Z2_RANDOM_room_03,46387200,46416624,30715728,30730320
Z2_RANDOM_room_04,46419968,46433728,30730320,30736912
Z2_RANDOM_room_05,46436352,46451712,30736912,30744928
Z2_YADOYA,46452736,46515328,30744928,30779136
Z2_YADOYA_room_00,46518272,46617792,30779136,30820480
Z2_YADOYA_room_01,46620672,46654256,30820480,30834720
Z2_YADOYA_room_02,46657536,46681824,30834720,30843792
Z2_YADOYA_room_03,46682112,46702784,30843792,30851056
Z2_YADOYA_room_04,46706688,46736688,30851056,30861072
Z2_KONPEKI_ENT,46739456,46768672,30861072,30879776
Z2_KONPEKI_ENT_room_00,46772224,46797728,30879776,30891472
Z2_INSIDETOWER,46800896,46833472,30891472,30903168
Z2_INSIDETOWER_room_00,46833664,46897680,30903168,30942496
Z2_INSIDETOWER_room_01,46899200,46899632,30942496,30942752
Z2_26SARUNOMORI,46903296,46953696,30942752,30976896
Z2_26SARUNOMORI_room_00,46956544,46970352,30976896,30984272
Z2_26SARUNOMORI_room_01,46972928,46986720,30984272,30991536
Z2_26SARUNOMORI_room_02,46989312,47006304,30991536,31001760
Z2_26SARUNOMORI_room_03,47009792,47019888,31001760,31006912
Z2_26SARUNOMORI_room_04,47022080,47035472,31006912,31014032
Z2_26SARUNOMORI_room_05,47038464,47048560,31014032,31019184
Z2_26SARUNOMORI_room_06,47050752,47067184,31019184,31027952
Z2_26SARUNOMORI_room_07,47071232,47081328,31027952,31033136
Z2_26SARUNOMORI_room_08,47083520,47097136,31033136,31040528
Z2_LOST_WOODS,47099904,47163824,31040528,31071696
Z2_LOST_WOODS_room_00,47165440,47198448,31071696,31094272
Z2_LOST_WOODS_room_01,47202304,47242528,31094272,31122736
Z2_LOST_WOODS_room_02,47243264,47250880,31122736,31125328
Z2_LAST_LINK,47251456,47280912,31125328,31149040
Z2_LAST_LINK_room_00,47284224,47296960,31149040,31156960
Z2_LAST_LINK_room_01,47300608,47310336,31156960,31162688
Z2_LAST_LINK_room_02,47312896,47324912,31162688,31170864
Z2_LAST_LINK_room_03,47325184,47340368,31170864,31181424
Z2_LAST_LINK_room_04,47341568,47348112,31181424,31184864
Z2_LAST_LINK_room_05,47349760,47365936,31184864,31196960
Z2_LAST_LINK_room_06,47366144,47369024,31196960,31198048
Z2_LAST_LINK_room_07,47370240,47373120,31198048,31199136
Z2_SOUGEN,47374336,47419344,31199136,31229632
Z2_SOUGEN_room_00,47419392,47450848,31229632,31243776
Z2_BOMYA,47452160,47503728,31243776,31274544
Z2_BOMYA_room_00,47505408,47537888,31274544,31286928
Z2_KYOJINNOMA,47538176,47599024,31286928,31304192
Z2_KYOJINNOMA_room_00,47599616,47606320,31304192,31306576
Z2_KOEPONARACE,47607808,47649936,31306576,31341536
Z2_KOEPONARACE_room_00,47652864,47686720,31341536,31358896
Z2_GORONRACE,47689728,47752848,31358896,31408528
Z2_GORONRACE_room_00,47755264,47811440,31408528,31442656
Z2_TOWN,47812608,47937392,31442656,31529728
Z2_TOWN_room_00,47939584,48035488,31529728,31569616
Z2_ICHIBA,48037888,48127552,31569616,31632304
Z2_ICHIBA_room_00,48128000,48171776,31632304,31648912
Z2_BACKTOWN,48173056,48242400,31648912,31697456
Z2_BACKTOWN_room_00,48242688,48284032,31697456,31714400
Z2_CLOCKTOWER,48287744,48428640,31714400,31810032
Z2_CLOCKTOWER_room_00,48431104,48511152,31810032,31838672
Z2_ALLEY,48513024,48568416,31838672,31879680
Z2_ALLEY_room_00,48570368,48606448,31879680,31895488
SPOT00,48607232,48658240,31895488,31909536
SPOT00_room_00,48660480,48662800,31909536,31910640
KAKUSIANA,48664576,48729296,31910640,31959472
KAKUSIANA_room_00,48730112,48745104,31959472,31967792
KAKUSIANA_room_01,48746496,48773424,31967792,31988416
KAKUSIANA_room_02,48775168,48783776,31988416,31993472
KAKUSIANA_room_03,48787456,48796320,31993472,31999424
KAKUSIANA_room_04,48799744,48806304,31999424,32002896
KAKUSIANA_room_05,48807936,48813808,32002896,32006592
KAKUSIANA_room_06,48816128,48825136,32006592,32011424
KAKUSIANA_room_07,48828416,48839296,32011424,32019408
KAKUSIANA_room_08,48840704,48853344,32019408,32027280
KAKUSIANA_room_09,48857088,48865808,32027280,32032272
KAKUSIANA_room_10,48869376,48874400,32032272,32035152
KAKUSIANA_room_11,48877568,48887280,32035152,32042176
KAKUSIANA_room_12,48889856,48915680,32042176,32057824
KAKUSIANA_room_13,48918528,48932704,32057824,32065376
KAKUSIANA_room_14,48934912,48943824,32065376,32070256
bump_texture_static,48947200,48948224,32070256,32070928
anime_model_1_static,48951296,48951312,48951296,0
anime_model_2_static,48955392,48955408,48955392,0
anime_model_3_static,48959488,48959504,48959488,0
anime_model_4_static,48963584,48963600,48963584,0
anime_model_5_static,48967680,48967696,48967680,0
anime_model_6_static,48971776,48971792,48971776,0
anime_texture_1_static,48975872,48975888,48975872,0
anime_texture_2_static,48979968,48979984,48979968,0
anime_texture_3_static,48984064,48984080,48984064,0
anime_texture_4_static,48988160,48988176,48988160,0
anime_texture_5_static,48992256,48992272,48992256,0
anime_texture_6_static,48996352,48996368,48996352,0
softsprite_matrix_static,49000448,49000512,49000448,0
