makerom,0,4192,0,0
boot,4192,29040,4192,0
dmadata,29040,53456,29040,0
Audiobank,53456,233104,53456,0
Audioseq,233104,559376,233104,0
Audiotable,559376,5086368,559376,0
link_animetion,5086368,7600336,5086368,0
icon_item_static,7602176,8166560,7600336,0
icon_item_24_static,8167424,8213504,8164720,0
icon_item_field_static,8216576,8263984,8210800,8238032
icon_item_dungeon_static,8265728,8273280,8238032,8239600
icon_item_gameover_static,8273920,8289408,8239600,8246320
icon_item_nes_static,8290304,8346752,8246320,8269328
icon_item_ger_static,8347648,8407936,8269328,8291856
icon_item_fra_static,8409088,8471680,8291856,8314672
item_name_static,8474624,8852480,8314672,0
map_name_static,8855552,9061376,8692528,0
do_action_static,9064448,9097856,8898352,0
message_static,9101312,9118080,8931760,0
message_texture_static,9121792,9126400,8948528,0
nes_font_static,9129984,9147904,8953136,0
nes_message_data_static,9150464,9379968,8971056,0
ger_message_data_static,9383936,9628112,9200560,0
fra_message_data_static,9629696,9855424,9444736,0
staff_message_data_static,9859072,9862992,9670464,0
map_grand_static,9863168,9921360,9674384,0
map_48x85_static,9924608,10063328,9732576,0
map_i_static,10063872,11038992,9871296,0
code,11042816,12100176,10846416,11478928
ovl_title,12100176,12102304,11478928,11480528
ovl_select,12102304,12113696,11480528,11487408
ovl_opening,12113696,12114048,11487408,11487712
ovl_file_choose,12114048,12174480,11487712,11521920
ovl_kaleido_scope,12174480,12291664,11521920,11583120
ovl_player_actor,12291664,12449120,11583120,11686368
ovl_map_mark_data,12449120,12476608,11686368,11687312
ovl_En_Test,12476608,12499312,11687312,11700832
ovl_Arms_Hook,12499312,12502752,11700832,11703536
ovl_Arrow_Fire,12502752,12510656,11703536,11710384
ovl_Arrow_Ice,12510656,12518592,11710384,11716640
ovl_Arrow_Light,12518592,12526544,11716640,11723040
ovl_Bg_Bdan_Objects,12526544,12531360,11723040,11726416
ovl_Bg_Bdan_Switch,12531360,12536528,11726416,11729424
ovl_Bg_Bom_Guard,12536528,12537072,11729424,11729920
ovl_Bg_Bombwall,12537072,12539312,11729920,11731680
ovl_Bg_Bowl_Wall,12539312,12541744,11731680,11733760
ovl_Bg_Breakwall,12541744,12545440,11733760,11736672
ovl_Bg_Ddan_Jd,12545440,12547056,11736672,11737952
ovl_Bg_Ddan_Kd,12547056,12549344,11737952,11739712
ovl_Bg_Dodoago,12549344,12552736,11739712,11742368
ovl_Bg_Dy_Yoseizo,12552736,12564496,11742368,11750368
ovl_Bg_Ganon_Otyuka,12564496,12574288,11750368,11757824
ovl_Bg_Gate_Shutter,12574288,12575456,11757824,11758720
ovl_Bg_Gjyo_Bridge,12575456,12576720,11758720,11759792
ovl_Bg_Gnd_Darkmeiro,12576720,12578704,11759792,11761264
ovl_Bg_Gnd_Firemeiro,12578704,12580064,11761264,11762368
ovl_Bg_Gnd_Iceblock,12580064,12584400,11762368,11765248
ovl_Bg_Gnd_Nisekabe,12584400,12584768,11765248,11765584
ovl_Bg_Gnd_Soulmeiro,12584768,12586912,11765584,11767376
ovl_Bg_Haka,12586912,12588640,11767376,11768832
ovl_Bg_Haka_Gate,12588640,12592880,11768832,11772128
ovl_Bg_Haka_Huta,12592880,12595600,11772128,11774272
ovl_Bg_Haka_Megane,12595600,12596624,11774272,11775120
ovl_Bg_Haka_MeganeBG,12596624,12598352,11775120,11776480
ovl_Bg_Haka_Sgami,12598352,12601456,11776480,11778912
ovl_Bg_Haka_Ship,12601456,12604096,11778912,11781008
ovl_Bg_Haka_Trap,12604096,12609680,11781008,11785120
ovl_Bg_Haka_Tubo,12609680,12612272,11785120,11787232
ovl_Bg_Haka_Water,12612272,12614320,11787232,11788704
ovl_Bg_Haka_Zou,12614320,12618912,11788704,11792160
ovl_Bg_Heavy_Block,12618912,12625296,11792160,11796832
ovl_Bg_Hidan_Curtain,12625296,12628016,11796832,11798928
ovl_Bg_Hidan_Dalm,12628016,12630144,11798928,11800560
ovl_Bg_Hidan_Firewall,12630144,12632032,11800560,11802144
ovl_Bg_Hidan_Fslift,12632032,12633264,11802144,11803088
ovl_Bg_Hidan_Fwbig,12633264,12636560,11803088,11805728
ovl_Bg_Hidan_Hamstep,12636560,12640320,11805728,11808592
ovl_Bg_Hidan_Hrock,12640320,12642416,11808592,11810240
ovl_Bg_Hidan_Kousi,12642416,12643840,11810240,11811328
ovl_Bg_Hidan_Kowarerukabe,12643840,12647648,11811328,11813840
ovl_Bg_Hidan_Rock,12647648,12652000,11813840,11817136
ovl_Bg_Hidan_Rsekizou,12652000,12655040,11817136,11819408
ovl_Bg_Hidan_Sekizou,12655040,12660240,11819408,11823344
ovl_Bg_Hidan_Sima,12660240,12664080,11823344,11826368
ovl_Bg_Hidan_Syoku,12664080,12665200,11826368,11827152
ovl_Bg_Ice_Objects,12665200,12669104,11827152,11829776
ovl_Bg_Ice_Shelter,12669104,12673776,11829776,11833344
ovl_Bg_Ice_Shutter,12673776,12674912,11833344,11834208
ovl_Bg_Ice_Turara,12674912,12677008,11834208,11835936
ovl_Bg_Ingate,12677008,12677920,11835936,11836720
ovl_Bg_Jya_1flift,12677920,12679600,11836720,11838000
ovl_Bg_Jya_Amishutter,12679600,12680512,11838000,11838592
ovl_Bg_Jya_Bigmirror,12680512,12682640,11838592,11840400
ovl_Bg_Jya_Block,12682640,12683264,11840400,11841008
ovl_Bg_Jya_Bombchuiwa,12683264,12686144,11841008,11843216
ovl_Bg_Jya_Bombiwa,12686144,12687616,11843216,11844464
ovl_Bg_Jya_Cobra,12687616,12695104,11844464,11849968
ovl_Bg_Jya_Goroiwa,12695104,12697024,11849968,11851600
ovl_Bg_Jya_Haheniron,12697024,12699056,11851600,11853264
ovl_Bg_Jya_Ironobj,12699056,12702560,11853264,11855664
ovl_Bg_Jya_Kanaami,12702560,12703504,11855664,11856416
ovl_Bg_Jya_Lift,12703504,12704864,11856416,11857504
ovl_Bg_Jya_Megami,12704864,12709456,11857504,11861328
ovl_Bg_Jya_Zurerukabe,12709456,12711168,11861328,11862688
ovl_Bg_Menkuri_Eye,12711168,12712336,11862688,11863696
ovl_Bg_Menkuri_Kaiten,12712336,12712736,11863696,11864048
ovl_Bg_Menkuri_Nisekabe,12712736,12713072,11864048,11864336
ovl_Bg_Mizu_Bwall,12713072,12718400,11864336,11867872
ovl_Bg_Mizu_Movebg,12718400,12722880,11867872,11871168
ovl_Bg_Mizu_Shutter,12722880,12724928,11871168,11872768
ovl_Bg_Mizu_Uzu,12724928,12725392,11872768,11873152
ovl_Bg_Mizu_Water,12725392,12728672,11873152,11875456
ovl_Bg_Mjin,12728672,12729680,11875456,11876320
ovl_Bg_Mori_Bigst,12729680,12732032,11876320,11877968
ovl_Bg_Mori_Elevator,12732032,12734832,11877968,11879856
ovl_Bg_Mori_Hashigo,12734832,12737072,11879856,11881520
ovl_Bg_Mori_Hashira4,12737072,12738480,11881520,11882624
ovl_Bg_Mori_Hineri,12738480,12741888,11882624,11885152
ovl_Bg_Mori_Idomizu,12741888,12743488,11885152,11886416
ovl_Bg_Mori_Kaitenkabe,12743488,12745136,11886416,11887776
ovl_Bg_Mori_Rakkatenjo,12745136,12747568,11887776,11889504
ovl_Bg_Po_Event,12747568,12755296,11889504,11895216
ovl_Bg_Po_Syokudai,12755296,12757712,11895216,11897184
ovl_Bg_Pushbox,12757712,12758480,11897184,11897840
ovl_Bg_Relay_Objects,12758480,12760448,11897840,11899408
ovl_Bg_Spot00_Break,12760448,12760864,11899408,11899776
ovl_Bg_Spot00_Hanebasi,12760864,12765232,11899776,11903296
ovl_Bg_Spot01_Fusya,12765232,12765904,11903296,11903888
ovl_Bg_Spot01_Idohashira,12765904,12768976,11903888,11906240
ovl_Bg_Spot01_Idomizu,12768976,12769776,11906240,11906960
ovl_Bg_Spot01_Idosoko,12769776,12770304,11906960,11907408
ovl_Bg_Spot01_Objects2,12770304,12771520,11907408,11908448
ovl_Bg_Spot02_Objects,12771520,12776480,11908448,11912000
ovl_Bg_Spot03_Taki,12776480,12778816,11912000,11913760
ovl_Bg_Spot05_Soko,12778816,12779616,11913760,11914416
ovl_Bg_Spot06_Objects,12779616,12784736,11914416,11918272
ovl_Bg_Spot07_Taki,12784736,12786256,11918272,11919408
ovl_Bg_Spot08_Bakudankabe,12786256,12787952,11919408,11920864
ovl_Bg_Spot08_Iceblock,12787952,12792112,11920864,11923840
ovl_Bg_Spot09_Obj,12792112,12793424,11923840,11924816
ovl_Bg_Spot11_Bakudankabe,12793424,12795024,11924816,11926176
ovl_Bg_Spot11_Oasis,12795024,12796864,11926176,11927760
ovl_Bg_Spot12_Gate,12796864,12797904,11927760,11928544
ovl_Bg_Spot12_Saku,12797904,12799120,11928544,11929504
ovl_Bg_Spot15_Rrbox,12799120,12802672,11929504,11932080
ovl_Bg_Spot15_Saku,12802672,12803504,11932080,11932800
ovl_Bg_Spot16_Bombstone,12803504,12808960,11932800,11937120
ovl_Bg_Spot16_Doughnut,12808960,12810432,11937120,11938352
ovl_Bg_Spot17_Bakudankabe,12810432,12812208,11938352,11939872
ovl_Bg_Spot17_Funen,12812208,12812800,11939872,11940400
ovl_Bg_Spot18_Basket,12812800,12816880,11940400,11943488
ovl_Bg_Spot18_Futa,12816880,12817296,11943488,11943840
ovl_Bg_Spot18_Obj,12817296,12819552,11943840,11945456
ovl_Bg_Spot18_Shutter,12819552,12820912,11945456,11946512
ovl_Bg_Sst_Floor,12820912,12822288,11946512,11947776
ovl_Bg_Toki_Hikari,12822288,12825776,11947776,11949872
ovl_Bg_Toki_Swd,12825776,12831488,11949872,11952496
ovl_Bg_Treemouth,12831488,12837216,11952496,11955568
ovl_Bg_Umajump,12837216,12837616,11955568,11955936
ovl_Bg_Vb_Sima,12837616,12839440,11955936,11957552
ovl_Bg_Ydan_Hasi,12839440,12841408,11957552,11959120
ovl_Bg_Ydan_Maruta,12841408,12843168,11959120,11960528
ovl_Bg_Ydan_Sp,12843168,12849088,11960528,11964848
ovl_Bg_Zg,12849088,12850192,11964848,11965744
ovl_Boss_Dodongo,12850192,12889872,11965744,11991040
ovl_Boss_Fd,12889872,12919408,11991040,12010752
ovl_Boss_Fd2,12919408,12935072,12010752,12021856
ovl_Boss_Ganon,12935072,13075024,12021856,12109696
ovl_Boss_Ganon2,13075024,13145504,12109696,12152128
ovl_Boss_Ganondrof,13145504,13165360,12152128,12165296
ovl_Boss_Goma,13165360,13189840,12165296,12180176
ovl_Boss_Mo,13189840,13237664,12180176,12213488
ovl_Boss_Sst,13237664,13288240,12213488,12245056
ovl_Boss_Tw,13288240,13366400,12245056,12295728
ovl_Boss_Va,13366400,13425936,12295728,12334176
ovl_Demo_6K,13425936,13437552,12334176,12342704
ovl_Demo_Du,13437552,13451856,12342704,12349776
ovl_Demo_Ec,13451856,13466288,12349776,12355712
ovl_Demo_Effect,13466288,13489744,12355712,12370928
ovl_Demo_Ext,13489744,13492128,12370928,12372768
ovl_Demo_Geff,13492128,13494208,12372768,12374288
ovl_Demo_Gj,13494208,13509744,12374288,12381568
ovl_Demo_Go,13509744,13513152,12381568,12383936
ovl_Demo_Gt,13513152,13535184,12383936,12395072
ovl_Demo_Ik,13535184,13540576,12395072,12398432
ovl_Demo_Im,13540576,13556816,12398432,12406544
ovl_Demo_Kankyo,13556816,13572336,12406544,12415792
ovl_Demo_Kekkai,13572336,13577184,12415792,12419504
ovl_Demo_Sa,13577184,13588224,12419504,12424976
ovl_Demo_Shd,13588224,13597456,12424976,12431152
ovl_Demo_Tre_Lgt,13597456,13599264,12431152,12432672
ovl_Door_Ana,13599264,13600912,12432672,12434048
ovl_Door_Gerudo,13600912,13602432,12434048,12435328
ovl_Door_Killer,13602432,13607920,12435328,12439552
ovl_Door_Shutter,13607920,13616816,12439552,12445936
ovl_Door_Toki,13616816,13617168,12445936,12446224
ovl_Door_Warp1,13617168,13634320,12446224,12456080
ovl_Efc_Erupc,13634320,13637120,12456080,12458368
ovl_Eff_Dust,13637120,13642192,12458368,12461424
ovl_Effect_Ss_Blast,13642192,13643104,12461424,12462304
ovl_Effect_Ss_Bomb,13643104,13644176,12462304,12463296
ovl_Effect_Ss_Bomb2,13644176,13646480,12463296,12465008
ovl_Effect_Ss_Bubble,13646480,13647632,12465008,12466032
ovl_Effect_Ss_D_Fire,13647632,13648896,12466032,12467216
ovl_Effect_Ss_Dead_Db,13648896,13650144,12467216,12468416
ovl_Effect_Ss_Dead_Dd,13650144,13651568,12468416,12469728
ovl_Effect_Ss_Dead_Ds,13651568,13652720,12469728,12470800
ovl_Effect_Ss_Dead_Sound,13652720,13653040,12470800,12471120
ovl_Effect_Ss_Dt_Bubble,13653040,13654464,12471120,12472368
ovl_Effect_Ss_Dust,13654464,13656576,12472368,12474096
ovl_Effect_Ss_En_Fire,13656576,13658448,12474096,12475776
ovl_Effect_Ss_En_Ice,13658448,13660688,12475776,12477744
ovl_Effect_Ss_Extra,13660688,13661648,12477744,12478672
ovl_Effect_Ss_Fcircle,13661648,13662848,12478672,12479808
ovl_Effect_Ss_Fhg_Flash,13662848,13666816,12479808,12482384
ovl_Effect_Ss_Fire_Tail,13666816,13668608,12482384,12484000
ovl_Effect_Ss_G_Fire,13668608,13669264,12484000,12484608
ovl_Effect_Ss_G_Magma,13669264,13669872,12484608,12485184
ovl_Effect_Ss_G_Magma2,13669872,13671168,12485184,12486400
ovl_Effect_Ss_G_Ripple,13671168,13672544,12486400,12487648
ovl_Effect_Ss_G_Spk,13672544,13674000,12487648,12488960
ovl_Effect_Ss_G_Splash,13674000,13675200,12488960,12489936
ovl_Effect_Ss_Hahen,13675200,13676800,12489936,12491200
ovl_Effect_Ss_HitMark,13676800,13678160,12491200,12492400
ovl_Effect_Ss_Ice_Piece,13678160,13679248,12492400,12493424
ovl_Effect_Ss_Ice_Smoke,13679248,13680496,12493424,12494512
ovl_Effect_Ss_K_Fire,13680496,13681584,12494512,12495536
ovl_Effect_Ss_Kakera,13681584,13685824,12495536,12498672
ovl_Effect_Ss_KiraKira,13685824,13687472,12498672,12500112
ovl_Effect_Ss_Lightning,13687472,13689216,12500112,12501728
ovl_Effect_Ss_Sibuki,13689216,13690960,12501728,12503264
ovl_Effect_Ss_Sibuki2,13690960,13691776,12503264,12504032
ovl_Effect_Ss_Solder_Srch_Ball,13691776,13692208,12504032,12504448
ovl_Effect_Ss_Stick,13692208,13693136,12504448,12505296
ovl_Effect_Ss_Stone1,13693136,13694032,12505296,12506144
ovl_Elf_Msg,13694032,13695552,12506144,12507264
ovl_Elf_Msg2,13695552,13696688,12507264,12508016
ovl_En_Am,13696688,13705904,12508016,12514208
ovl_En_Ani,13705904,13709344,12514208,12516656
ovl_En_Anubice,13709344,13714128,12516656,12520192
ovl_En_Anubice_Fire,13714128,13717648,12520192,12523104
ovl_En_Anubice_Tag,13717648,13718368,12523104,12523728
ovl_En_Arow_Trap,13718368,13718704,12523728,12524048
ovl_En_Arrow,13718704,13724592,12524048,12528272
ovl_En_Attack_Niw,13724592,13729296,12528272,12531696
ovl_En_Ba,13729296,13737184,12531696,12536864
ovl_En_Bb,13737184,13752768,12536864,12548064
ovl_En_Bdfire,13752768,13755744,12548064,12550368
ovl_En_Bigokuta,13755744,13766752,12550368,12557840
ovl_En_Bili,13766752,13775664,12557840,12564032
ovl_En_Bird,13775664,13776880,12564032,12565024
ovl_En_Blkobj,13776880,13778256,12565024,12566176
ovl_En_Bom,13778256,13782048,12566176,12569168
ovl_En_Bom_Bowl_Man,13782048,13787488,12569168,12573168
ovl_En_Bom_Bowl_Pit,13787488,13789904,12573168,12575056
ovl_En_Bom_Chu,13789904,13795696,12575056,12579648
ovl_En_Bombf,13795696,13800960,12579648,12583728
ovl_En_Boom,13800960,13803216,12583728,12585584
ovl_En_Box,13803216,13810208,12585584,12590432
ovl_En_Brob,13810208,13814544,12590432,12593568
ovl_En_Bubble,13814544,13819696,12593568,12597504
ovl_En_Butte,13819696,13825280,12597504,12601552
ovl_En_Bw,13825280,13838480,12601552,12610432
ovl_En_Bx,13838480,13841296,12610432,12612896
ovl_En_Changer,13841296,13843824,12612896,12614768
ovl_En_Clear_Tag,13843824,13879520,12614768,12632144
ovl_En_Cow,13879520,13884736,12632144,12635504
ovl_En_Crow,13884736,13890528,12635504,12639792
ovl_En_Cs,13890528,13895184,12639792,12643344
ovl_En_Daiku,13895184,13901136,12643344,12647920
ovl_En_Daiku_Kakariko,13901136,13906192,12647920,12651728
ovl_En_Dekubaba,13906192,13921216,12651728,12661392
ovl_En_Dekunuts,13921216,13927360,12661392,12665408
ovl_En_Dh,13927360,13934240,12665408,12670400
ovl_En_Dha,13934240,13938336,12670400,12673424
ovl_En_Diving_Game,13938336,13944912,12673424,12678032
ovl_En_Dns,13944912,13949920,12678032,12681312
ovl_En_Dnt_Demo,13949920,13953280,12681312,12683952
ovl_En_Dnt_Jiji,13953280,13958688,12683952,12687216
ovl_En_Dnt_Nomal,13958688,13970464,12687216,12694320
ovl_En_Dodojr,13970464,13978304,12694320,12699776
ovl_En_Dodongo,13978304,13989984,12699776,12707776
ovl_En_Dog,13989984,13994512,12707776,12710976
ovl_En_Door,13994512,13998160,12710976,12713984
ovl_En_Ds,13998160,14001264,12713984,12716144
ovl_En_Du,14001264,14008064,12716144,12720832
ovl_En_Dy_Extra,14008064,14009504,12720832,12722096
ovl_En_Eg,14009504,14009936,12722096,12722448
ovl_En_Eiyer,14009936,14017200,12722448,12727616
ovl_En_Elf,14017200,14036080,12727616,12739904
ovl_En_Encount1,14036080,14038992,12739904,12742304
ovl_En_Encount2,14038992,14043648,12742304,12745904
ovl_En_Ex_Item,14043648,14048128,12745904,12749168
ovl_En_Ex_Ruppy,14048128,14052416,12749168,12752432
ovl_En_Fd,14052416,14063840,12752432,12760864
ovl_En_Fd_Fire,14063840,14067184,12760864,12763664
ovl_En_Fhg_Fire,14067184,14077072,12763664,12770736
ovl_En_Fire_Rock,14077072,14081440,12770736,12773920
ovl_En_Firefly,14081440,14090000,12773920,12779664
ovl_En_Fish,14090000,14098464,12779664,12784976
ovl_En_Floormas,14098464,14111744,12784976,12793152
ovl_En_Fr,14111744,14122640,12793152,12800896
ovl_En_Fu,14122640,14126032,12800896,12803568
ovl_En_Fw,14126032,14132112,12803568,12808480
ovl_En_Fz,14132112,14140320,12808480,12814288
ovl_En_G_Switch,14140320,14146496,12814288,12819040
ovl_En_Ganon_Mant,14146496,14163440,12819040,12826544
ovl_En_Ganon_Organ,14163440,14192176,12826544,12840512
ovl_En_Gb,14192176,14198112,12840512,12844912
ovl_En_Ge1,14198112,14206352,12844912,12850080
ovl_En_Ge2,14206352,14212912,12850080,12854576
ovl_En_Ge3,14212912,14216048,12854576,12856912
ovl_En_GeldB,14216048,14237472,12856912,12870160
ovl_En_GirlA,14237472,14248000,12870160,12875392
ovl_En_Gm,14248000,14251376,12875392,12877984
ovl_En_Go,14251376,14269360,12877984,12889616
ovl_En_Go2,14269360,14294000,12889616,12905536
ovl_En_Goma,14294000,14305440,12905536,12913120
ovl_En_Goroiwa,14305440,14314592,12913120,12919552
ovl_En_Gs,14314592,14322384,12919552,12925264
ovl_En_Guest,14322384,14324848,12925264,12927328
ovl_En_Hata,14324848,14326272,12927328,12928608
ovl_En_Heishi1,14326272,14331664,12928608,12932288
ovl_En_Heishi2,14331664,14340368,12932288,12937600
ovl_En_Heishi3,14340368,14342880,12937600,12939440
ovl_En_Heishi4,14342880,14346720,12939440,12942144
ovl_En_Hintnuts,14346720,14353424,12942144,12946672
ovl_En_Holl,14353424,14357472,12946672,12949648
ovl_En_Honotrap,14357472,14362944,12949648,12953696
ovl_En_Horse,14362944,14412704,12953696,12984432
ovl_En_Horse_Game_Check,14412704,14417008,12984432,12987536
ovl_En_Horse_Ganon,14417008,14420464,12987536,12990208
ovl_En_Horse_Link_Child,14420464,14428144,12990208,12994816
ovl_En_Horse_Normal,14428144,14437904,12994816,13001040
ovl_En_Horse_Zelda,14437904,14440704,13001040,13003296
ovl_En_Hs,14440704,14443680,13003296,13005408
ovl_En_Hs2,14443680,14445184,13005408,13006656
ovl_En_Hy,14445184,14459840,13006656,13015920
ovl_En_Ice_Hono,14459840,14464432,13015920,13019200
ovl_En_Ik,14464432,14482432,13019200,13029680
ovl_En_In,14482432,14494112,13029680,13038080
ovl_En_Insect,14494112,14503616,13038080,13044384
ovl_En_Ishi,14503616,14540816,13044384,13049344
ovl_En_It,14540816,14541216,13049344,13049648
ovl_En_Jj,14541216,14546800,13049648,13052800
ovl_En_Js,14546800,14549312,13052800,13054624
ovl_En_Jsjutan,14549312,14569232,13054624,13062160
ovl_En_Kakasi,14569232,14572624,13062160,13064752
ovl_En_Kakasi2,14572624,14574448,13064752,13066192
ovl_En_Kakasi3,14574448,14578768,13066192,13069328
ovl_En_Kanban,14578768,14591392,13069328,13077024
ovl_En_Karebaba,14591392,14597776,13077024,13081504
ovl_En_Ko,14597776,14614480,13081504,13091152
ovl_En_Kusa,14614480,14619824,13091152,13095072
ovl_En_Kz,14619824,14625360,13095072,13099168
ovl_En_Light,14625360,14628944,13099168,13101680
ovl_En_Lightbox,14628944,14630096,13101680,13102656
ovl_En_M_Fire1,14630096,14630512,13102656,13102992
ovl_En_M_Thunder,14630512,14636144,13102992,13107088
ovl_En_Ma1,14636144,14640976,13107088,13110672
ovl_En_Ma2,14640976,14645168,13110672,13113872
ovl_En_Ma3,14645168,14649184,13113872,13116976
ovl_En_Mag,14649184,14658560,13116976,13123648
ovl_En_Mb,14658560,14675504,13123648,13134640
ovl_En_Md,14675504,14685344,13134640,13140528
ovl_En_Mk,14685344,14689072,13140528,13143056
ovl_En_Mm,14689072,14694800,13143056,13147408
ovl_En_Mm2,14694800,14698320,13147408,13150080
ovl_En_Ms,14698320,14700096,13150080,13151536
ovl_En_Mu,14700096,14702432,13151536,13153520
ovl_En_Nb,14702432,14720304,13153520,13162864
ovl_En_Niw,14720304,14733408,13162864,13172304
ovl_En_Niw_Girl,14733408,14736176,13172304,13174688
ovl_En_Niw_Lady,14736176,14742576,13174688,13179280
ovl_En_Nutsball,14742576,14744144,13179280,13180688
ovl_En_Nwc,14744144,14746736,13180688,13182880
ovl_En_Ny,14746736,14753200,13182880,13187616
ovl_En_OE2,14753200,14753424,13187616,13187760
ovl_En_Okarina_Effect,14753424,14754384,13187760,13188512
ovl_En_Okarina_Tag,14754384,14759760,13188512,13191584
ovl_En_Okuta,14759760,14769456,13191584,13198304
ovl_En_Ossan,14769456,14795536,13198304,13212608
ovl_En_Owl,14795536,14810800,13212608,13221440
ovl_En_Part,14810800,14816528,13221440,13225648
ovl_En_Peehat,14816528,14830608,13225648,13234560
ovl_En_Po_Desert,14830608,14834128,13234560,13237456
ovl_En_Po_Field,14834128,14848976,13237456,13247808
ovl_En_Po_Relay,14848976,14854880,13247808,13252288
ovl_En_Po_Sisters,14854880,14874576,13252288,13265152
ovl_En_Poh,14874576,14891456,13265152,13275968
ovl_En_Pu_box,14891456,14892288,13275968,13276704
ovl_En_Rd,14892288,14902720,13276704,13283376
ovl_En_Reeba,14902720,14909488,13283376,13288240
ovl_En_River_Sound,14909488,14911936,13288240,13290240
ovl_En_Rl,14911936,14915744,13290240,13292576
ovl_En_Rr,14915744,14925264,13292576,13299504
ovl_En_Ru1,14925264,14955632,13299504,13315456
ovl_En_Ru2,14955632,14967280,13315456,13321152
ovl_En_Sa,14967280,14976096,13321152,13326880
ovl_En_Sb,14976096,14981280,13326880,13330336
ovl_En_Scene_Change,14981280,14981584,13330336,13330576
ovl_En_Sda,14981584,14987264,13330576,13334368
ovl_En_Shopnuts,14987264,14991120,13334368,13337024
ovl_En_Si,14991120,14992400,13337024,13338080
ovl_En_Siofuki,14992400,14995904,13338080,13340704
ovl_En_Skb,14995904,15002288,13340704,13345344
ovl_En_Skj,15002288,15016944,13345344,13354496
ovl_En_Skjneedle,15016944,15017728,13354496,13355184
ovl_En_Ssh,15017728,15027440,13355184,13361920
ovl_En_St,15027440,15038816,13361920,13369824
ovl_En_Sth,15038816,15055392,13369824,13381040
ovl_En_Stream,15055392,15056816,13381040,13382272
ovl_En_Sw,15056816,15071008,13382272,13392576
ovl_En_Syateki_Itm,15071008,15074496,13392576,13395232
ovl_En_Syateki_Man,15074496,15078016,13395232,13397840
ovl_En_Syateki_Niw,15078016,15086352,13397840,13403936
ovl_En_Ta,15086352,15101136,13403936,13412960
ovl_En_Takara_Man,15101136,15103376,13412960,13414880
ovl_En_Tana,15103376,15104064,13414880,13415456
ovl_En_Tg,15104064,15105824,13415456,13416944
ovl_En_Tite,15105824,15117504,13416944,13424032
ovl_En_Tk,15117504,15125232,13424032,13429712
ovl_En_Torch,15125232,15125472,13429712,13429936
ovl_En_Torch2,15125472,15135552,13429936,13437264
ovl_En_Toryo,15135552,15138768,13437264,13439616
ovl_En_Tp,15138768,15146560,13439616,13445296
ovl_En_Tr,15146560,15152960,13445296,13449904
ovl_En_Trap,15152960,15157728,13449904,13453040
ovl_En_Tubo_Trap,15157728,15160960,13453040,13455360
ovl_En_Vali,15160960,15170880,13455360,13462192
ovl_En_Vase,15170880,15171136,13462192,13462416
ovl_En_Vb_Ball,15171136,15175664,13462416,13465824
ovl_En_Viewer,15175664,15187600,13465824,13473872
ovl_En_Vm,15187600,15193936,13473872,13478384
ovl_En_Wall_Tubo,15193936,15195200,13478384,13479440
ovl_En_Wallmas,15195200,15201872,13479440,13483952
ovl_En_Weather_Tag,15201872,15205696,13483952,13485808
ovl_En_Weiyer,15205696,15212352,13485808,13490192
ovl_En_Wf,15212352,15229520,13490192,13501280
ovl_En_Wonder_Item,15229520,15232672,13501280,13503520
ovl_En_Wonder_Talk,15232672,15234352,13503520,13504880
ovl_En_Wonder_Talk2,15234352,15236048,13504880,13506320
ovl_En_Wood02,15236048,15240608,13506320,13509968
ovl_En_Xc,15240608,15267072,13509968,13523472
ovl_En_Yabusame_Mark,15267072,15268816,13523472,13524848
ovl_En_Yukabyun,15268816,15270368,13524848,13526208
ovl_En_Zf,15270368,15297728,13526208,13543760
ovl_En_Zl1,15297728,15313616,13543760,13551808
ovl_En_Zl2,15313616,15331792,13551808,13561008
ovl_En_Zl3,15331792,15364128,13561008,13577584
ovl_En_Zl4,15364128,15383120,13577584,13587264
ovl_En_Zo,15383120,15392784,13587264,13593968
ovl_En_fHG,15392784,15403328,13593968,13600944
ovl_End_Title,15403328,15420000,13600944,13607712
ovl_Fishing,15420000,15500544,13607712,13662176
ovl_Item_B_Heart,15500544,15501584,13662176,13663056
ovl_Item_Etcetera,15501584,15503840,13663056,13664752
ovl_Item_Inbox,15503840,15504192,13664752,13665024
ovl_Item_Ocarina,15504192,15506192,13665024,13666496
ovl_Item_Shield,15506192,15508768,13666496,13668544
ovl_Magic_Dark,15508768,15514992,13668544,13673472
ovl_Magic_Fire,15514992,15523952,13673472,13681472
ovl_Magic_Wind,15523952,15531376,13681472,13688016
ovl_Mir_Ray,15531376,15537696,13688016,13693120
ovl_Obj_Bean,15537696,15547824,13693120,13699472
ovl_Obj_Blockstop,15547824,15548240,13699472,13699856
ovl_Obj_Bombiwa,15548240,15549632,13699856,13701072
ovl_Obj_Comb,15549632,15551776,13701072,13702928
ovl_Obj_Dekujr,15551776,15553376,13702928,13704272
ovl_Obj_Elevator,15553376,15554336,13704272,13705024
ovl_Obj_Hamishi,15554336,15556464,13705024,13706832
ovl_Obj_Hana,15556464,15557248,13706832,13707456
ovl_Obj_Hsblock,15557248,15558736,13707456,13708656
ovl_Obj_Ice_Poly,15558736,15561216,13708656,13710688
ovl_Obj_Kibako,15561216,15564544,13710688,13712960
ovl_Obj_Kibako2,15564544,15566272,13712960,13714432
ovl_Obj_Lift,15566272,15568864,13714432,13716544
ovl_Obj_Lightswitch,15568864,15574032,13716544,13720080
ovl_Obj_Makekinsuta,15574032,15574368,13720080,13720400
ovl_Obj_Makeoshihiki,15574368,15575536,13720400,13721392
ovl_Obj_Mure,15575536,15579648,13721392,13724256
ovl_Obj_Mure2,15579648,15582240,13724256,13726176
ovl_Obj_Mure3,15582240,15584240,13726176,13727760
ovl_Obj_Oshihiki,15584240,15591072,13727760,13732528
ovl_Obj_Roomtimer,15591072,15591664,13732528,13733040
ovl_Obj_Switch,15591664,15599312,13733040,13737856
ovl_Obj_Syokudai,15599312,15602448,13737856,13740464
ovl_Obj_Timeblock,15602448,15605600,13740464,13742768
ovl_Obj_Tsubo,15605600,15609680,13742768,13745680
ovl_Obj_Warp2block,15609680,15612544,13745680,13747936
ovl_Object_Kankyo,15612544,15625472,13747936,13756992
ovl_Oceff_Spot,15625472,15629360,13756992,13760320
ovl_Oceff_Storm,15629360,15636448,13760320,13767104
ovl_Oceff_Wipe,15636448,15639904,13767104,13770112
ovl_Oceff_Wipe2,15639904,15645904,13770112,13773760
ovl_Oceff_Wipe3,15645904,15651872,13773760,13778496
ovl_Oceff_Wipe4,15651872,15655936,13778496,13781536
ovl_Shot_Sun,15655936,15657664,13781536,13782976
gameplay_keep,15659008,16013232,13782976,13966080
gameplay_field_keep,16015360,16069424,13966080,14003488
gameplay_dangeon_keep,16072704,16169712,14003488,14063616
gameplay_object_exchange_static,16171008,16171024,14063616,14063648
object_link_boy,16175104,16402432,14063648,14171248
object_link_child,16404480,16588672,14171248,14259712
object_box,16588800,16613376,14259712,14272464
object_human,16613376,16691584,14272464,14304224
object_okuta,16695296,16710784,14304224,14311968
object_poh,16711680,16732384,14311968,14325248
object_wallmaster,16736256,16777328,14325248,14352144
object_dy_obj,16781312,16901424,14352144,14426784
object_firefly,16904192,16910528,14426784,14430512
object_dodongo,16912384,16951616,14430512,14458224
object_fire,16953344,16969888,14458224,14464928
object_niw,16973824,16983360,14464928,14469776
object_tite,16986112,17001008,14469776,14479808
object_reeba,17002496,17010416,14479808,14484960
object_peehat,17010688,17018000,14484960,14488480
object_kingdodongo,17018880,17218784,14488480,14615376
object_horse,17219584,17276688,14615376,14658080
object_zf,17276928,17367968,14658080,14720432
object_goma,17371136,17499648,14720432,14814720
object_zl1,17502208,17585088,14814720,14858864
object_gol,17588224,17605152,14858864,14870000
object_bubble,17608704,17612992,14870000,14871888
object_dodojr,17616896,17625328,14871888,14878080
object_torch2,17629184,17647472,14878080,14886368
object_bl,17649664,17672272,14886368,14895680
object_tp,17674240,17681648,14895680,14900624
object_oA1,17682432,17700624,14900624,14909984
object_st,17702912,17726384,14909984,14923040
object_bw,17727488,17736288,14923040,14928416
object_ei,17739776,17753120,14928416,14935984
object_horse_normal,17756160,17797056,14935984,14968784
object_oB1,17797120,17823408,14968784,14981024
object_o_anime,17825792,17834320,14981024,14988192
object_spot04_objects,17838080,17843904,14988192,14991392
object_ddan_objects,17846272,17880928,14991392,15013664
object_hidan_objects,17883136,17980704,15013664,15062288
object_horse_ganon,17981440,18030736,15062288,15096032
object_oA2,18034688,18056912,15096032,15101200
object_spot00_objects,18059264,18066448,15101200,15104064
object_mb,18067456,18149792,15104064,15160288
object_bombf,18153472,18160128,15160288,15164288
object_sk2,18161664,18221056,15164288,15210016
object_oE1,18223104,18249744,15210016,15222592
object_oE_anime,18251776,18272352,15222592,15242048
object_oE2,18276352,18299504,15242048,15253040
object_ydan_objects,18300928,18337920,15253040,15281552
object_gnd,18341888,18419712,15281552,15340912
object_am,18419712,18443088,15340912,15353024
object_dekubaba,18444288,18459072,15353024,15363248
object_oA3,18460672,18469168,15363248,15367776
object_oA4,18472960,18478896,15367776,15370528
object_oA5,18481152,18486960,15370528,15373216
object_oA6,18489344,18496000,15373216,15376256
object_oA7,18497536,18502992,15376256,15378800
object_jj,18505728,18553536,15378800,15406832
object_oA8,18554880,18560944,15406832,15409456
object_oA9,18563072,18564384,15409456,15410416
object_oB2,18567168,18583776,15410416,15418832
object_oB3,18587648,18605200,15418832,15427568
object_oB4,18608128,18614384,15427568,15430464
object_horse_zelda,18616320,18645344,15430464,15449184
object_opening_demo1,18649088,18669664,15449184,15467872
object_warp1,18673664,18685104,15467872,15476080
object_b_heart,18685952,18687552,15476080,15477264
object_dekunuts,18690048,18703968,15477264,15485584
object_oE3,18706432,18735392,15485584,15499056
object_oE4,18739200,18759632,15499056,15508704
object_menkuri_objects,18759680,18795280,15508704,15533424
object_oE5,18796544,18818496,15533424,15544240
object_oE6,18821120,18832976,15544240,15550496
object_oE7,18833408,18844256,15550496,15557040
object_oE8,18845696,18858960,15557040,15563856
object_oE9,18862080,18874128,15563856,15569088
object_oE10,18874368,18885072,15569088,15574960
object_oE11,18886656,18899440,15574960,15580800
object_oE12,18903040,18917312,15580800,15588000
object_vali,18919424,18937936,15588000,15597680
object_oA10,18939904,18951856,15597680,15603328
object_oA11,18952192,18957760,15603328,15606160
object_mizu_objects,18960384,19006240,15606160,15633552
object_fhg,19009536,19083744,15633552,15680848
object_ossan,19087360,19127120,15680848,15697936
object_mori_hineri1,19128320,19150064,15697936,15706176
object_Bb,19152896,19159616,15706176,15710032
object_toki_objects,19161088,19194960,15710032,15726848
object_yukabyun,19197952,19203312,15726848,15729552
object_zl2,19206144,19275136,15729552,15761056
object_mjin,19275776,19280528,15761056,15763664
object_mjin_flash,19283968,19288064,15763664,15766272
object_mjin_dark,19288064,19292160,15766272,15769536
object_mjin_flame,19292160,19296256,15769536,15772368
object_mjin_ice,19296256,19300352,15772368,15775696
object_mjin_soul,19300352,19304448,15775696,15778992
object_mjin_wind,19304448,19308544,15778992,15782256
object_mjin_oka,19308544,19315552,15782256,15787456
object_haka_objects,19316736,19437232,15787456,15848688
object_spot06_objects,19439616,19451296,15848688,15856960
object_ice_objects,19451904,19488080,15856960,15882656
object_relay_objects,19488768,19502640,15882656,15892304
object_mori_hineri1a,19505152,19518656,15892304,15897232
object_mori_hineri2,19521536,19538944,15897232,15903840
object_mori_hineri2a,19542016,19566768,15903840,15913408
object_mori_objects,19570688,19606032,15913408,15930336
object_mori_tex,19607552,19648000,15930336,15954384
object_spot08_obj,19648512,19670528,15954384,15968016
object_warp2,19673088,19673104,15968016,15968048
object_hata,19677184,19689440,15968048,15974032
object_bird,19689472,19698080,15974032,15979904
object_wood02,19701760,19736528,15979904,16000016
object_lightbox,19738624,19746624,16000016,16002400
object_pu_box,19746816,19752448,16002400,16005008
object_trap,19755008,19764192,16005008,16012032
object_vase,19767296,19772816,16012032,16016288
object_im,19775488,19849776,16016288,16052384
object_ta,19853312,19911664,16052384,16085216
object_tk,19914752,19963472,16085216,16114944
object_xc,19963904,20078848,16114944,16194704
object_vm,20082688,20098928,16194704,16203040
object_bv,20099072,20226480,16203040,16265040
object_hakach_objects,20230144,20257520,16265040,16284528
object_efc_crystal_light,20258816,20261536,16284528,16287184
object_efc_fire_ball,20262912,20266240,16287184,16290368
object_efc_flash,20267008,20267024,16290368,16290400
object_efc_lgt_shower,20271104,20275920,16290400,16294112
object_efc_star_field,20279296,20285392,16294112,16298288
object_god_lgt,20287488,20304720,16298288,16309744
object_light_ring,20307968,20312704,16309744,16311152
object_triforce_spot,20316160,20326672,16311152,16318160
object_medal,20328448,20349248,16318160,16325392
object_bdan_objects,20353024,20405520,16325392,16357760
object_sd,20406272,20457184,16357760,16383920
object_rd,20459520,20520944,16383920,16420944
object_po_sisters,20520960,20579264,16420944,16453920
object_heavy_object,20582400,20589280,16453920,16457616
object_gndd,20590592,20662784,16457616,16495536
object_fd,20664320,20735600,16495536,16534736
object_du,20738048,20811824,16534736,16581024
object_fw,20815872,20848096,16581024,16602576
object_horse_link_child,20848640,20884256,16602576,16626976
object_spot02_objects,20885504,20977184,16626976,16677008
object_haka,20979712,20984928,16677008,16681280
object_ru1,20987904,21068416,16681280,16739920
object_syokudai,21069824,21085328,16739920,16748736
object_fd2,21086208,21158544,16748736,16795808
object_dh,21159936,21196992,16795808,16824112
object_rl,21200896,21232464,16824112,16839888
object_efc_tw,21233664,21238512,16839888,16844912
object_demo_tre_lgt,21241856,21241872,16844912,16844944
object_gi_key,21245952,21248544,16844944,16846176
object_mir_ray,21250048,21257472,16846176,16848240
object_brob,21258240,21265056,16848240,16851760
object_gi_jewel,21266432,21280384,16851760,16860192
object_spot09_obj,21282816,21383312,16860192,16919408
object_spot18_obj,21385216,21436944,16919408,16949408
object_bdoor,21438464,21468608,16949408,16966672
object_spot17_obj,21471232,21477424,16966672,16971568
object_shop_dungen,21479424,21494304,16971568,16980512
object_nb,21495808,21594592,16980512,17045936
object_mo,21598208,21635184,17045936,17065552
object_sb,21639168,21650592,17065552,17071152
object_gi_melody,21651456,21654816,17071152,17072640
object_gi_heart,21655552,21656048,17072640,17073040
object_gi_compass,21659648,21662992,17073040,17074720
object_gi_bosskey,21663744,21667856,17074720,17076592
object_gi_medal,21671936,21693296,17076592,17082896
object_gi_nuts,21696512,21701056,17082896,17085840
object_sa,21704704,21791280,17085840,17145200
object_gi_hearts,21794816,21800880,17145200,17147600
object_gi_arrowcase,21803008,21806256,17147600,17149280
object_gi_bombpouch,21807104,21810784,17149280,17150976
object_in,21811200,21912656,17150976,17207632
object_tr,21913600,21990960,17207632,17255504
object_spot16_obj,21991424,21996800,17255504,17259728
object_oE1s,21999616,22025568,17259728,17272496
object_oE4s,22028288,22048256,17272496,17282048
object_os_anime,22048768,22091328,17282048,17317232
object_gi_bottle,22093824,22096112,17317232,17318528
object_gi_stick,22097920,22099648,17318528,17319840
object_gi_map,22102016,22106464,17319840,17323168
object_oF1d_map,22110208,22177184,17323168,17362992
object_ru2,22179840,22243536,17362992,17397024
object_gi_shield_1,22245376,22248784,17397024,17399808
object_dekujr,22249472,22263056,17399808,17406960
object_gi_magicpot,22265856,22270416,17406960,17409104
object_gi_bomb_1,22274048,22277296,17409104,17410656
object_oF1s,22278144,22313120,17410656,17427664
object_ma2,22315008,22355696,17427664,17450592
object_gi_purse,22355968,22362992,17450592,17456976
object_hni,22364160,22409072,17456976,17492480
object_tw,22409216,22650800,17492480,17644224
object_rr,22650880,22654464,17644224,17646704
object_bxa,22654976,22666224,17646704,17654448
object_anubice,22667264,22682016,17654448,17663136
object_gi_gerudo,22683648,22688576,17663136,17666304
object_gi_arrow,22691840,22698768,17666304,17669008
object_gi_bomb_2,22700032,22701728,17669008,17670208
object_gi_egg,22704128,22709024,17670208,17672720
object_gi_scale,22712320,22715888,17672720,17674608
object_gi_shield_2,22716416,22720624,17674608,17677024
object_gi_hookshot,22724608,22730080,17677024,17679872
object_gi_ocarina,22732800,22735792,17679872,17681712
object_gi_milk,22736896,22742128,17681712,17684128
object_ma1,22745088,22781312,17684128,17702320
object_ganon,22781952,22852864,17702320,17733824
object_sst,22855680,22965168,17733824,17775792
object_ny,22966272,22974832,17775792,17779664
object_fr,22978560,23024816,17779664,17797552
object_gi_pachinko,23027712,23030880,17797552,17799408
object_gi_boomerang,23031808,23035296,17799408,17801440
object_gi_bow,23035904,23039280,17801440,17803584
object_gi_glasses,23040000,23044480,17803584,17805648
object_gi_liquid,23048192,23054544,17805648,17808352
object_ani,23056384,23086848,17808352,17824128
object_demo_6k,23089152,23104416,17824128,17833888
object_gi_shield_3,23105536,23110336,17833888,17835760
object_gi_letter,23113728,23117312,17835760,17838096
object_spot15_obj,23117824,23125248,17838096,17842032
object_jya_obj,23126016,23241024,17842032,17897024
object_gi_clothes,23244800,23251040,17897024,17900688
object_gi_bean,23252992,23255232,17900688,17902192
object_gi_fish,23257088,23259472,17902192,17903664
object_gi_saw,23261184,23264128,17903664,17905440
object_gi_hammer,23265280,23268544,17905440,17907152
object_gi_grass,23269376,23272464,17907152,17909152
object_gi_longsword,23273472,23275712,17909152,17910592
object_spot01_objects,23277568,23286928,17910592,17917472
object_md,23289856,23331152,17917472,17940752
object_km1,23334912,23357888,17940752,17950896
object_kw1,23359488,23386336,17950896,17962464
object_zo,23388160,23437376,17962464,17986992
object_kz,23441408,23475936,17986992,18001808
object_umajump,23478272,23483504,18001808,18004768
object_masterkokiri,23486464,23487680,18004768,18005904
object_masterkokirihead,23490560,23501984,18005904,18011152
object_mastergolon,23502848,23503120,18011152,18011376
object_masterzoora,23506944,23508896,18011376,18013472
object_aob,23511040,23533232,18013472,18021824
object_ik,23535616,23668176,18021824,18115824
object_ahg,23670784,23693744,18115824,18127152
object_cne,23695360,23706064,18127152,18131776
object_gi_niwatori,23707648,23714288,18131776,18135952
object_skj,23715840,23752240,18135952,18161440
object_gi_bottle_letter,23752704,23755904,18161440,18163424
object_bji,23756800,23773584,18163424,18171056
object_bba,23777280,23794320,18171056,18178432
object_gi_ocarina_0,23797760,23800848,18178432,18180448
object_ds,23801856,23820160,18180448,18191184
object_ane,23822336,23850928,18191184,18202976
object_boj,23851008,23874752,18202976,18214768
object_spot03_object,23875584,23881312,18214768,18218176
object_spot07_object,23883776,23911728,18218176,18237200
object_fz,23912448,23925968,18237200,18241824
object_bob,23928832,23949088,18241824,18249392
object_ge1,23949312,23991472,18249392,18268448
object_yabusame_point,23994368,23998032,18268448,18269920
object_gi_boots_2,23998464,24005568,18269920,18273632
object_gi_seed,24006656,24009408,18273632,18275488
object_gnd_magic,24010752,24015488,18275488,18279808
object_d_elevator,24018944,24023952,18279808,18284736
object_d_hsblock,24027136,24033120,18284736,18289520
object_d_lift,24035328,24041472,18289520,18295440
object_mamenoki,24043520,24053472,18295440,18303584
object_goroiwa,24055808,24062112,18303584,18306992
object_toryo,24064000,24093024,18306992,18320912
object_daiku,24096768,24131696,18320912,18340576
object_nwc,24133632,24137120,18340576,18343312
object_blkobj,24137728,24217744,18343312,18391056
object_gm,24219648,24220368,18391056,18391648
object_ms,24223744,24239568,18391648,18400000
object_hs,24240128,24265328,18400000,18413168
object_ingate,24268800,24273392,18413168,18415120
object_lightswitch,24276992,24286240,18415120,18420384
object_kusa,24289280,24290176,18420384,18420976
object_tsubo,24293376,24300016,18420976,18426656
object_gi_gloves,24301568,24308064,18426656,18429760
object_gi_coin,24309760,24311888,18429760,18430912
object_kanban,24313856,24319920,18430912,18432592
object_gjyo_objects,24322048,24327664,18432592,18435872
object_owl,24330240,24395968,18435872,18466192
object_mk,24399872,24423936,18466192,18477840
object_fu,24424448,24452256,18477840,18492288
object_gi_ki_tan_mask,24453120,24456688,18492288,18494288
object_gi_redead_mask,24457216,24459920,18494288,18495632
object_gi_skj_mask,24461312,24464608,18495632,18497584
object_gi_rabit_mask,24465408,24469248,18497584,18499616
object_gi_truth_mask,24469504,24475744,18499616,18502784
object_ganon_objects,24477696,24482160,18502784,18505152
object_siofuki,24485888,24489392,18505152,18506880
object_stream,24489984,24492672,18506880,18508336
object_mm,24494080,24526960,18508336,18526464
object_fa,24530944,24546192,18526464,18532544
object_os,24547328,24565360,18532544,18542688
object_gi_eye_lotion,24567808,24570224,18542688,18544032
object_gi_powder,24571904,24574848,18544032,18545776
object_gi_mushroom,24576000,24579280,18545776,18547376
object_gi_ticketstone,24580096,24584864,18547376,18550320
object_gi_brokensword,24588288,24590736,18550320,18551696
object_js,24592384,24616752,18551696,18564288
object_cs,24616960,24651088,18564288,18580896
object_gi_prescription,24653824,24656928,18580896,18582272
object_gi_bracelet,24657920,24660976,18582272,18583776
object_gi_soldout,24662016,24663248,18583776,18584432
object_gi_frog,24666112,24670480,18584432,18586864
object_mag,24674304,24805440,18586864,18631760
object_door_gerudo,24809472,24811936,18631760,18632912
object_gt,24813568,24892912,18632912,18680432
object_efc_erupc,24895488,24905968,18680432,18686496
object_zl2_anime1,24907776,24954384,18686496,18721840
object_zl2_anime2,24956928,25000672,18721840,18758912
object_gi_golonmask,25001984,25008048,18758912,18762864
object_gi_zoramask,25010176,25015856,18762864,18766224
object_gi_gerudomask,25018368,25023488,18766224,18769904
object_ganon2,25026560,25246704,18769904,18930912
object_ka,25247744,25274304,18930912,18940704
object_ts,25276416,25296880,18940704,18950512
object_zg,25296896,25301504,18950512,18951232
object_gi_hoverboots,25305088,25312880,18951232,18955632
object_gi_m_arrow,25313280,25316992,18955632,18957360
object_ds2,25317376,25334384,18957360,18965872
object_ec,25337856,25389360,18965872,19010496
object_fish,25391104,25478640,19010496,19055296
object_gi_sutaru,25481216,25482832,19055296,19056208
object_gi_goddess,25485312,25488464,19056208,19057616
object_ssh,25489408,25512960,19057616,19070128
object_bigokuta,25513984,25541584,19070128,19085616
object_bg,25542656,25572032,19085616,19100800
object_spot05_objects,25575424,25580272,19100800,19104304
object_spot12_obj,25583616,25592768,19104304,19109168
object_bombiwa,25595904,25598720,19109168,19111888
object_hintnuts,25600000,25612608,19111888,19120608
object_rs,25616384,25634944,19120608,19130144
object_spot00_break,25636864,25644576,19130144,19135776
object_gla,25645056,25685744,19135776,19160432
object_shopnuts,25686016,25703824,19160432,19171824
object_geldb,25706496,25753328,19171824,19201040
object_gr,25755648,25795728,19201040,19213984
object_dog,25796608,25825952,19213984,19228848
object_jya_iron,25829376,25839200,19228848,19232672
object_jya_door,25841664,25850496,19232672,19236368
object_spot01_objects2,25853952,25853968,19236368,19236400
object_spot11_obj,25858048,25864848,19236400,19241600
object_kibako2,25866240,25870528,19241600,19245264
object_dns,25874432,25888720,19245264,19254640
object_dnk,25890816,25902640,19254640,19262048
object_gi_fire,25903104,25907168,19262048,19264576
object_gi_insect,25907200,25910256,19264576,19266432
object_gi_butterfly,25911296,25914320,19266432,19268272
object_gi_ghost,25915392,25918896,19268272,19270720
object_gi_soul,25919488,25923504,19270720,19272800
object_bowl,25923584,25937136,19272800,19278160
object_po_field,25939968,25967168,19278160,19294912
object_demo_kekkai,25968640,26029328,19294912,19330480
object_efc_doughnut,26030080,26034256,19330480,19332736
object_gi_dekupouch,26038272,26042448,19332736,19335376
object_ganon_anime1,26046464,26094656,19335376,19383920
object_ganon_anime2,26095616,26162480,19383920,19439808
object_ganon_anime3,26165248,26249200,19439808,19510288
object_gi_rupy,26251264,26253312,19510288,19511344
object_spot01_matoya,26255360,26270864,19511344,19522592
object_spot01_matoyab,26271744,26280416,19522592,19528016
object_po_composer,26284032,26312608,19528016,19545104
object_mu,26312704,26357328,19545104,19568432
object_wf,26357760,26400000,19568432,19593280
object_skb,26402816,26421264,19593280,19606704
object_gj,26423296,26466080,19606704,19640112
object_geff,26468352,26472368,19640112,19643504
object_haka_door,26472448,26487152,19643504,19650176
object_gs,26488832,26491520,19650176,19652976
object_ps,26492928,26544384,19652976,19678608
object_bwall,26546176,26550608,19678608,19681648
object_crow,26554368,26558672,19681648,19683616
object_cow,26562560,26582704,19683616,19694208
object_cob,26583040,26591760,19694208,19697536
object_gi_sword_1,26595328,26598688,19697536,19699376
object_door_killer,26599424,26606560,19699376,19701296
object_ouke_haka,26607616,26610032,19701296,19703680
object_timeblock,26611712,26614624,19703680,19706384
object_zl4,26615808,26734112,19706384,19785424
g_pn_01,26734592,26744960,19785424,19788992
g_pn_02,26746880,26757248,19788992,19792896
g_pn_03,26759168,26769536,19792896,19795840
g_pn_04,26771456,26781824,19795840,19799200
g_pn_05,26783744,26794112,19799200,19802736
g_pn_06,26796032,26806400,19802736,19806192
g_pn_07,26808320,26818688,19806192,19810576
g_pn_08,26820608,26830976,19810576,19814672
g_pn_09,26832896,26843264,19814672,19818320
g_pn_10,26845184,26855552,19818320,19821344
g_pn_11,26857472,26867840,19821344,19825360
g_pn_12,26869760,26880128,19825360,19828864
g_pn_13,26882048,26892416,19828864,19833008
g_pn_14,26894336,26904704,19833008,19837360
g_pn_15,26906624,26916992,19837360,19840912
g_pn_16,26918912,26929280,19840912,19844464
g_pn_17,26931200,26941568,19844464,19847536
g_pn_18,26943488,26953856,19847536,19850304
g_pn_19,26955776,26966144,19850304,19853616
g_pn_20,26968064,26978432,19853616,19856976
g_pn_21,26980352,26990720,19856976,19859888
g_pn_22,26992640,27003008,19859888,19863696
g_pn_23,27004928,27015296,19863696,19865024
g_pn_24,27017216,27027584,19865024,19868208
g_pn_25,27029504,27039872,19868208,19872624
g_pn_26,27041792,27052160,19872624,19876592
g_pn_27,27054080,27064448,19876592,19880224
g_pn_28,27066368,27076736,19880224,19883808
g_pn_29,27078656,27089024,19883808,19886416
g_pn_30,27090944,27101312,19886416,19889408
g_pn_31,27103232,27113600,19889408,19892688
g_pn_32,27115520,27125888,19892688,19895344
g_pn_33,27127808,27138176,19895344,19898608
g_pn_34,27140096,27150464,19898608,19902016
g_pn_35,27152384,27162752,19902016,19905120
g_pn_36,27164672,27175040,19905120,19908560
g_pn_37,27176960,27187328,19908560,19912512
g_pn_38,27189248,27199616,19912512,19916336
g_pn_39,27201536,27211904,19916336,19920112
g_pn_40,27213824,27224192,19920112,19923968
g_pn_41,27226112,27236480,19923968,19926704
g_pn_42,27238400,27248768,19926704,19929584
g_pn_43,27250688,27261056,19929584,19933488
g_pn_44,27262976,27273344,19933488,19937184
g_pn_45,27275264,27285632,19937184,19940704
g_pn_46,27287552,27297920,19940704,19943184
g_pn_47,27299840,27310208,19943184,19947344
g_pn_48,27312128,27322496,19947344,19949232
g_pn_49,27324416,27334784,19949232,19953264
g_pn_50,27336704,27347072,19953264,19957344
g_pn_51,27348992,27359360,19957344,19961216
g_pn_52,27361280,27371648,19961216,19965136
g_pn_53,27373568,27383936,19965136,19969200
g_pn_54,27385856,27396224,19969200,19972304
g_pn_55,27398144,27408512,19972304,19976272
g_pn_56,27410432,27420800,19976272,19980272
g_pn_57,27422720,27433088,19980272,19980672
z_select_static,27435008,27443712,19980672,19982704
nintendo_rogo_static,27447296,27459008,19982704,19988704
title_static,27459584,27751488,19988704,20138960
parameter_static,27754496,27769600,20138960,20143248
vr_fine0_static,27770880,27820032,20143248,20154144
vr_fine0_pal_static,27820032,27820288,20154144,0
vr_fine1_static,27824128,27873280,20154400,20179408
vr_fine1_pal_static,27873280,27873536,20179408,0
vr_fine2_static,27877376,27926528,20179664,20200064
vr_fine2_pal_static,27926528,27926784,20200064,0
vr_fine3_static,27930624,27979776,20200320,20215920
vr_fine3_pal_static,27979776,27980032,20215920,0
vr_cloud0_static,27983872,28033024,20216176,20243792
vr_cloud0_pal_static,28033024,28033280,20243792,0
vr_cloud1_static,28037120,28086272,20244048,20272528
vr_cloud1_pal_static,28086272,28086528,20272528,0
vr_cloud2_static,28090368,28139520,20272784,20302288
vr_cloud2_pal_static,28139520,28139776,20302288,0
vr_cloud3_static,28143616,28192768,20302544,20322656
vr_cloud3_pal_static,28192768,28193024,20322656,0
vr_holy0_static,28196864,28262400,20322912,20349808
vr_holy0_pal_static,28262400,28262656,20349808,0
vr_holy1_static,28266496,28332032,20350064,20376880
vr_holy1_pal_static,28332032,28332288,20376880,0
vr_MDVR_static,28336128,28598272,20377136,20560496
vr_MDVR_pal_static,28598272,28600320,20560496,0
vr_MNVR_static,28602368,28864512,20562544,20718464
vr_MNVR_pal_static,28864512,28866560,20718464,0
vr_RUVR_static,28868608,29130752,20720512,20939744
vr_RUVR_pal_static,29130752,29132800,20939744,0
vr_LHVR_static,29134848,29396992,20941792,21191744
vr_LHVR_pal_static,29396992,29399040,21191744,0
vr_KHVR_static,29401088,29663232,21193792,21431008
vr_KHVR_pal_static,29663232,29665280,21431008,0
vr_K3VR_static,29667328,29863936,21433056,21607968
vr_K3VR_pal_static,29863936,29865472,21607968,0
vr_K4VR_static,29868032,30064640,21609504,21792672
vr_K4VR_pal_static,30064640,30066176,21792672,0
vr_K5VR_static,30068736,30265344,21794208,21969040
vr_K5VR_pal_static,30265344,30266880,21969040,0
vr_SP1a_static,30269440,30400512,21970576,22030704
vr_SP1a_pal_static,30400512,30401536,22030704,0
vr_MLVR_static,30404608,30666752,22031728,22265280
vr_MLVR_pal_static,30666752,30668800,22265280,0
vr_KKRVR_static,30670848,30932992,22267328,22411472
vr_KKRVR_pal_static,30932992,30935040,22411472,0
vr_KR3VR_static,30937088,31133696,22413520,22526240
vr_KR3VR_pal_static,31133696,31135232,22526240,0
vr_IPVR_static,31137792,31399936,22527776,22669248
vr_IPVR_pal_static,31399936,31401984,22669248,0
vr_KSVR_static,31404032,31535104,22671296,22769872
vr_KSVR_pal_static,31535104,31536128,22769872,0
vr_GLVR_static,31539200,31670272,22770896,22886288
vr_GLVR_pal_static,31670272,31671296,22886288,0
vr_ZRVR_static,31674368,31805440,22887312,22985120
vr_ZRVR_pal_static,31805440,31806464,22985120,0
vr_DGVR_static,31809536,31940608,22986144,23069824
vr_DGVR_pal_static,31940608,31941632,23069824,0
vr_ALVR_static,31944704,32075776,23070848,23169552
vr_ALVR_pal_static,32075776,32076800,23169552,0
vr_NSVR_static,32079872,32210944,23170576,23258400
vr_NSVR_pal_static,32210944,32211968,23258400,0
vr_LBVR_static,32215040,32477184,23259424,23438128
vr_LBVR_pal_static,32477184,32479232,23438128,0
vr_TTVR_static,32481280,32677888,23440176,23574688
vr_TTVR_pal_static,32677888,32679424,23574688,0
vr_FCVR_static,32681984,32813056,23576224,23651248
vr_FCVR_pal_static,32813056,32814080,23651248,0
elf_message_field,32817152,32817264,23652272,23652416
elf_message_ydan,32821248,32821264,23652416,23652448
ydan_scene,32825344,32881168,23652448,23685904
ydan_room_0,32882688,32969456,23685904,23739440
ydan_room_1,32972800,32989520,23739440,23753088
ydan_room_2,32993280,33017392,23753088,23770624
ydan_room_3,33017856,33100192,23770624,23826560
ydan_room_4,33103872,33123280,23826560,23840880
ydan_room_5,33124352,33157920,23840880,23864544
ydan_room_6,33161216,33181376,23864544,23880096
ydan_room_7,33181696,33216784,23880096,23908672
ydan_room_8,33218560,33221888,23908672,23910864
ydan_room_9,33222656,33261728,23910864,23942304
ydan_room_10,33263616,33283456,23942304,23955840
ydan_room_11,33284096,33313136,23955840,23973488
ddan_scene,33316864,33403200,23973488,24024576
ddan_room_0,33406976,33519776,24024576,24078992
ddan_room_1,33521664,33561344,24078992,24100720
ddan_room_2,33562624,33594784,24100720,24119008
ddan_room_3,33595392,33652160,24119008,24149008
ddan_room_4,33652736,33691728,24149008,24168640
ddan_room_5,33693696,33717984,24168640,24182016
ddan_room_6,33718272,33727488,24182016,24188192
ddan_room_7,33730560,33760976,24188192,24203216
ddan_room_8,33763328,33801216,24203216,24227104
ddan_room_9,33804288,33850704,24227104,24252736
ddan_room_10,33853440,33885776,24252736,24272544
ddan_room_11,33886208,33894528,24272544,24277856
ddan_room_12,33898496,33933104,24277856,24298464
ddan_room_13,33935360,33944704,24298464,24304720
ddan_room_14,33947648,33957008,24304720,24310928
ddan_room_15,33959936,33970256,24310928,24318000
ddan_room_16,33972224,33994064,24318000,24333952
bdan_scene,33996800,34084800,24333952,24390608
bdan_room_0,34086912,34103408,24390608,24399472
bdan_room_1,34107392,34131600,24399472,24409040
bdan_room_2,34131968,34169296,24409040,24430320
bdan_room_3,34172928,34201952,24430320,24449152
bdan_room_4,34205696,34222160,24449152,24457168
bdan_room_5,34226176,34250784,24457168,24472800
bdan_room_6,34254848,34271808,24472800,24480080
bdan_room_7,34275328,34288928,24480080,24487456
bdan_room_8,34291712,34306176,24487456,24492464
bdan_room_9,34308096,34323568,24492464,24498576
bdan_room_10,34324480,34338864,24498576,24503520
bdan_room_11,34340864,34355200,24503520,24508496
bdan_room_12,34357248,34372816,24508496,24514688
bdan_room_13,34373632,34384720,24514688,24523088
bdan_room_14,34385920,34410976,24523088,24537680
bdan_room_15,34414592,34424544,24537680,24541376
Bmori1_scene,34426880,34516880,24541376,24594208
Bmori1_room_0,34516992,34573152,24594208,24629136
Bmori1_room_1,34574336,34597712,24629136,24640976
Bmori1_room_2,34598912,34662816,24640976,24671424
Bmori1_room_3,34664448,34679280,24671424,24678560
Bmori1_room_4,34680832,34693808,24678560,24683504
Bmori1_room_5,34697216,34710976,24683504,24690496
Bmori1_room_6,34713600,34751520,24690496,24705488
Bmori1_room_7,34754560,34832240,24705488,24744624
Bmori1_room_8,34832384,34929296,24744624,24791872
Bmori1_room_9,34930688,34971952,24791872,24811472
Bmori1_room_10,34975744,34997200,24811472,24825008
Bmori1_room_11,35000320,35044192,24825008,24842560
Bmori1_room_12,35045376,35079120,24842560,24860384
Bmori1_room_13,35082240,35117728,24860384,24878480
Bmori1_room_14,35119104,35142464,24878480,24890304
Bmori1_room_15,35143680,35153552,24890304,24896784
Bmori1_room_16,35155968,35176352,24896784,24906320
Bmori1_room_17,35176448,35213504,24906320,24921920
Bmori1_room_18,35217408,35222336,24921920,24924576
Bmori1_room_19,35225600,35226896,24924576,24925376
Bmori1_room_20,35229696,35234560,24925376,24928864
Bmori1_room_21,35237888,35243904,24928864,24932000
Bmori1_room_22,35246080,35253728,24932000,24935408
HIDAN_scene,35254272,35363184,24935408,24999008
HIDAN_room_0,35364864,35394240,24999008,25012576
HIDAN_room_1,35397632,35449312,25012576,25038032
HIDAN_room_2,35450880,35516368,25038032,25066560
HIDAN_room_3,35516416,35525856,25066560,25071648
HIDAN_room_4,35528704,35559568,25071648,25086176
HIDAN_room_5,35561472,35602992,25086176,25102912
HIDAN_room_6,35606528,35635104,25102912,25117808
HIDAN_room_7,35635200,35650016,25117808,25125264
HIDAN_room_8,35651584,35691200,25125264,25145584
HIDAN_room_9,35692544,35727216,25145584,25160896
HIDAN_room_10,35729408,35828896,25160896,25201792
HIDAN_room_11,35831808,35846080,25201792,25208880
HIDAN_room_12,35848192,35859328,25208880,25213760
HIDAN_room_13,35860480,35912672,25213760,25234000
HIDAN_room_14,35913728,35922528,25234000,25238688
HIDAN_room_15,35926016,35930576,25238688,25241152
HIDAN_room_16,35934208,35981680,25241152,25265408
HIDAN_room_17,35983360,36020544,25265408,25281632
HIDAN_room_18,36024320,36039552,25281632,25289776
HIDAN_room_19,36040704,36057568,25289776,25298224
HIDAN_room_20,36061184,36089104,25298224,25312464
HIDAN_room_21,36089856,36123840,25312464,25330960
HIDAN_room_22,36126720,36154112,25330960,25344912
HIDAN_room_23,36155392,36183328,25344912,25359216
HIDAN_room_24,36184064,36205888,25359216,25369440
HIDAN_room_25,36208640,36236000,25369440,25383920
HIDAN_room_26,36237312,36264096,25383920,25395520
MIZUsin_scene,36265984,36355312,25395520,25443904
MIZUsin_room_0,36356096,36445312,25443904,25489104
MIZUsin_room_1,36446208,36487520,25489104,25509200
MIZUsin_room_2,36491264,36514704,25509200,25522688
MIZUsin_room_3,36515840,36542224,25522688,25537008
MIZUsin_room_4,36544512,36569056,25537008,25551328
MIZUsin_room_5,36569088,36611568,25551328,25577120
MIZUsin_room_6,36614144,36659904,25577120,25603216
MIZUsin_room_7,36663296,36685136,25603216,25615488
MIZUsin_room_8,36687872,36744400,25615488,25649056
MIZUsin_room_9,36745216,36777952,25649056,25667152
MIZUsin_room_10,36777984,36802480,25667152,25679792
MIZUsin_room_11,36802560,36821424,25679792,25690512
MIZUsin_room_12,36823040,36851088,25690512,25704704
MIZUsin_room_13,36851712,36854272,25704704,25706128
MIZUsin_room_14,36855808,36884064,25706128,25721072
MIZUsin_room_15,36884480,36914224,25721072,25738592
MIZUsin_room_16,36917248,36932304,25738592,25748240
MIZUsin_room_17,36933632,36968992,25748240,25765616
MIZUsin_room_18,36970496,36987072,25765616,25775696
MIZUsin_room_19,36990976,37005616,25775696,25785488
MIZUsin_room_20,37007360,37033792,25785488,25801232
MIZUsin_room_21,37036032,37065888,25801232,25817616
MIZUsin_room_22,37068800,37105904,25817616,25837152
jyasinzou_scene,37109760,37215040,25837152,25901920
jyasinzou_room_0,37216256,37285696,25901920,25937408
jyasinzou_room_1,37285888,37323520,25937408,25955936
jyasinzou_room_2,37326848,37350416,25955936,25966608
jyasinzou_room_3,37351424,37366608,25966608,25975920
jyasinzou_room_4,37367808,37397104,25975920,25992976
jyasinzou_room_5,37400576,37498688,25992976,26042512
jyasinzou_room_6,37498880,37517312,26042512,26050672
jyasinzou_room_7,37519360,37541136,26050672,26060560
jyasinzou_room_8,37543936,37576816,26060560,26076320
jyasinzou_room_9,37580800,37604848,26076320,26087072
jyasinzou_room_10,37605376,37638560,26087072,26102416
jyasinzou_room_11,37642240,37646352,26102416,26105056
jyasinzou_room_12,37650432,37658720,26105056,26110192
jyasinzou_room_13,37662720,37685328,26110192,26124080
jyasinzou_room_14,37687296,37706896,26124080,26133776
jyasinzou_room_15,37707776,37741680,26133776,26149504
jyasinzou_room_16,37744640,37769616,26149504,26160976
jyasinzou_room_17,37773312,37811728,26160976,26177648
jyasinzou_room_18,37814272,37838000,26177648,26189568
jyasinzou_room_19,37838848,37862880,26189568,26200288
jyasinzou_room_20,37863424,37896640,26200288,26215632
jyasinzou_room_21,37900288,37918288,26215632,26225072
jyasinzou_room_22,37920768,37933264,26225072,26232256
jyasinzou_room_23,37937152,37974416,26232256,26251280
jyasinzou_room_24,37978112,38003888,26251280,26263104
jyasinzou_room_25,38006784,38095728,26263104,26309216
jyasinzou_room_26,38096896,38148896,26309216,26337280
jyasinzou_room_27,38150144,38172352,26337280,26345056
jyasinzou_room_28,38174720,38210080,26345056,26362896
HAKAdan_scene,38211584,38310848,26362896,26421232
HAKAdan_room_0,38313984,38359232,26421232,26436528
HAKAdan_room_1,38363136,38369984,26436528,26440208
HAKAdan_room_2,38371328,38414608,26440208,26462544
HAKAdan_room_3,38416384,38426944,26462544,26469248
HAKAdan_room_4,38428672,38435904,26469248,26473056
HAKAdan_room_5,38436864,38460000,26473056,26484752
HAKAdan_room_6,38461440,38491504,26484752,26498592
HAKAdan_room_7,38494208,38501040,26498592,26502240
HAKAdan_room_8,38502400,38522976,26502240,26512112
HAKAdan_room_9,38526976,38579040,26512112,26536944
HAKAdan_room_10,38580224,38610848,26536944,26552272
HAKAdan_room_11,38612992,38628672,26552272,26561536
HAKAdan_room_12,38629376,38651680,26561536,26572864
HAKAdan_room_13,38653952,38657968,26572864,26575760
HAKAdan_room_14,38658048,38680896,26575760,26587584
HAKAdan_room_15,38682624,38711920,26587584,26600032
HAKAdan_room_16,38715392,38725760,26600032,26605504
HAKAdan_room_17,38727680,38739152,26605504,26612000
HAKAdan_room_18,38739968,38793856,26612000,26630880
HAKAdan_room_19,38797312,38808864,26630880,26637744
HAKAdan_room_20,38809600,38817312,26637744,26641792
HAKAdan_room_21,38817792,38864048,26641792,26665824
HAKAdan_room_22,38866944,38877600,26665824,26672672
HAKAdanCH_scene,38879232,38929760,26672672,26703456
HAKAdanCH_room_0,38932480,39020016,26703456,26745888
HAKAdanCH_room_1,39022592,39068368,26745888,26764832
HAKAdanCH_room_2,39071744,39084432,26764832,26770064
HAKAdanCH_room_3,39088128,39095392,26770064,26773648
HAKAdanCH_room_4,39096320,39105616,26773648,26779360
HAKAdanCH_room_5,39108608,39119200,26779360,26785632
HAKAdanCH_room_6,39120896,39132800,26785632,26794608
ice_doukutu_scene,39133184,39204336,26794608,26851840
ice_doukutu_room_0,39206912,39241312,26851840,26879312
ice_doukutu_room_1,39243776,39294272,26879312,26915392
ice_doukutu_room_2,39297024,39320304,26915392,26933488
ice_doukutu_room_3,39321600,39354496,26933488,26956336
ice_doukutu_room_4,39358464,39388784,26956336,26978880
ice_doukutu_room_5,39391232,39426192,26978880,27002384
ice_doukutu_room_6,39428096,39445088,27002384,27014464
ice_doukutu_room_7,39448576,39471344,27014464,27027600
ice_doukutu_room_8,39473152,39479632,27027600,27031344
ice_doukutu_room_9,39481344,39515728,27031344,27052672
ice_doukutu_room_10,39518208,39535584,27052672,27066560
ice_doukutu_room_11,39538688,39561472,27066560,27081936
men_scene,39563264,39634224,27081936,27128432
men_room_0,39636992,39702416,27128432,27165744
men_room_1,39702528,39740048,27165744,27187968
men_room_2,39743488,39763840,27187968,27198512
men_room_3,39763968,39795744,27198512,27218032
men_room_4,39796736,39838032,27218032,27245408
men_room_5,39841792,39862496,27245408,27259584
men_room_6,39866368,39898944,27259584,27279904
men_room_7,39899136,39932720,27279904,27301680
men_room_8,39936000,39969296,27301680,27315568
men_room_9,39972864,39987440,27315568,27324080
men_room_10,39989248,40012896,27324080,27339568
ganontika_scene,40013824,40150976,27339568,27424048
ganontika_room_0,40153088,40190400,27424048,27436928
ganontika_room_1,40194048,40311216,27436928,27489392
ganontika_room_2,40312832,40343520,27489392,27505232
ganontika_room_3,40345600,40384912,27505232,27525920
ganontika_room_4,40386560,40418448,27525920,27541024
ganontika_room_5,40419328,40449344,27541024,27555136
ganontika_room_6,40452096,40516592,27555136,27577520
ganontika_room_7,40517632,40549520,27577520,27593136
ganontika_room_8,40550400,40587376,27593136,27608528
ganontika_room_9,40591360,40638608,27608528,27623920
ganontika_room_10,40640512,40668016,27623920,27636320
ganontika_room_11,40669184,40696144,27636320,27648512
ganontika_room_12,40697856,40743792,27648512,27668464
ganontika_room_13,40747008,40779072,27668464,27684256
ganontika_room_14,40779776,40821152,27684256,27700800
ganontika_room_15,40824832,40856896,27700800,27716592
ganontika_room_16,40857600,40869408,27716592,27721088
ganontika_room_17,40869888,40904352,27721088,27733104
ganontika_room_18,40906752,40957552,27733104,27752256
ganontika_room_19,40960000,40992064,27752256,27768032
spot00_scene,40992768,41165344,27768032,27875216
spot00_room_0,41168896,41255472,27875216,27912160
spot01_scene,41259008,41374032,27912160,27989856
spot01_room_0,41377792,41418464,27989856,28008016
spot02_scene,41418752,41467008,28008016,28037808
spot02_room_0,41467904,41477856,28037808,28041376
spot02_room_1,41480192,41602960,28041376,28116000
spot03_scene,41603072,41649504,28116000,28149888
spot03_room_0,41652224,41707904,28149888,28179232
spot03_room_1,41709568,41739520,28179232,28196528
spot04_scene,41742336,41812544,28196528,28241840
spot04_room_0,41816064,41927824,28241840,28306608
spot04_room_1,41930752,41964928,28306608,28326896
spot04_room_2,41967616,41988208,28326896,28339408
spot05_scene,41992192,42077536,28339408,28395712
spot05_room_0,42078208,42118912,28395712,28412064
spot06_scene,42119168,42230832,28412064,28489600
spot06_room_0,42233856,42276384,28489600,28509696
spot07_scene,42278912,42317856,28509696,28539600
spot07_room_0,42319872,42345200,28539600,28550624
spot07_room_1,42348544,42400160,28550624,28577120
spot08_scene,42401792,42473120,28577120,28631008
spot08_room_0,42475520,42508640,28631008,28646704
spot09_scene,42512384,42582368,28646704,28692992
spot09_room_0,42586112,42620864,28692992,28708416
spot10_scene,42622976,42689584,28708416,28752112
spot10_room_0,42692608,42702320,28752112,28755792
spot10_room_1,42704896,42738736,28755792,28774480
spot10_room_2,42741760,42761200,28774480,28784336
spot10_room_3,42762240,42785456,28784336,28796960
spot10_room_4,42786816,42796240,28796960,28800384
spot10_room_5,42799104,42827760,28800384,28813984
spot10_room_6,42827776,42842864,28813984,28823232
spot10_room_7,42844160,42853824,28823232,28826736
spot10_room_8,42856448,42866288,28826736,28830304
spot10_room_9,42868736,42884064,28830304,28838864
spot11_scene,42885120,42988768,28838864,28911696
spot11_room_0,42991616,43042752,28911696,28938848
spot12_scene,43044864,43110016,28938848,28980032
spot12_room_0,43110400,43181504,28980032,29017808
spot12_room_1,43184128,43233440,29017808,29045440
spot13_scene,43237376,43261488,29045440,29061872
spot13_room_0,43261952,43264272,29061872,29063216
spot13_room_1,43266048,43342400,29063216,29109184
spot15_scene,43343872,43443456,29109184,29176864
spot15_room_0,43446272,43499968,29176864,29200432
spot16_scene,43503616,43629200,29200432,29291184
spot16_room_0,43630592,43674896,29291184,29313376
spot17_scene,43675648,43740896,29313376,29358112
spot17_room_0,43741184,43767936,29358112,29372016
spot17_room_1,43769856,43844448,29372016,29407904
spot18_scene,43847680,43889744,29407904,29435024
spot18_room_0,43892736,43968464,29435024,29477936
spot18_room_1,43970560,43995648,29477936,29493936
spot18_room_2,43999232,44071344,29493936,29535376
spot18_room_3,44072960,44195056,29535376,29601104
market_day_scene,44195840,44205680,29601104,29606528
market_day_room_0,44208128,44230768,29606528,29612272
market_night_scene,44232704,44242480,29612272,29617584
market_night_room_0,44244992,44267424,29617584,29623184
kenjyanoma_scene,44269568,44284144,29623184,29629072
kenjyanoma_room_0,44285952,44364048,29629072,29668080
tokinoma_scene,44367872,44443552,29668080,29700688
tokinoma_room_0,44445696,44540384,29700688,29732816
tokinoma_room_1,44544000,44572880,29732816,29744352
link_home_scene,44576768,44583776,29744352,29747536
link_home_room_0,44584960,44747904,29747536,29777744
kokiri_shop_scene,44748800,44751232,29777744,29779216
kokiri_shop_room_0,44752896,44952720,29779216,29810976
kokiri_home_scene,44953600,44956864,29810976,29812880
kokiri_home_room_0,44957696,45136944,29812880,29847536
kakusiana_scene,45137920,45193248,29847536,29888688
kakusiana_room_0,45195264,45224608,29888688,29907152
kakusiana_room_1,45228032,45248912,29907152,29921696
kakusiana_room_2,45252608,45263040,29921696,29928352
kakusiana_room_3,45264896,45285680,29928352,29942912
kakusiana_room_4,45289472,45320544,29942912,29965360
kakusiana_room_5,45322240,45340384,29965360,29980400
kakusiana_room_6,45342720,45365872,29980400,29994640
kakusiana_room_7,45367296,45383632,29994640,30006304
kakusiana_room_8,45383680,45397552,30006304,30014288
kakusiana_room_9,45400064,45423312,30014288,30028576
kakusiana_room_10,45424640,45447728,30028576,30048112
kakusiana_room_11,45449216,45483696,30048112,30069456
kakusiana_room_12,45486080,45518416,30069456,30089808
kakusiana_room_13,45518848,45547216,30089808,30110880
entra_scene,45547520,45548512,30110880,30111504
entra_room_0,45551616,45706096,30111504,30141584
moribossroom_scene,45707264,45713664,30141584,30146752
moribossroom_room_0,45715456,45739712,30146752,30161712
moribossroom_room_1,45740032,45796016,30161712,30189808
syatekijyou_scene,45797376,45847232,30189808,30219776
syatekijyou_room_0,45850624,45881072,30219776,30229648
shop1_scene,45883392,45884144,30229648,30230112
shop1_room_0,45887488,46057392,30230112,30252480
hairal_niwa_scene,46059520,46130064,30252480,30297424
hairal_niwa_room_0,46133248,46176480,30297424,30313760
ganon_tou_scene,46178304,46197616,30313760,30327792
ganon_tou_room_0,46198784,46279408,30327792,30377472
market_alley_scene,46280704,46285392,30377472,30379904
market_alley_room_0,46288896,46769920,30379904,30449392
spot20_scene,46772224,46845472,30449392,30494352
spot20_room_0,46845952,46872272,30494352,30504640
market_ruins_scene,46874624,46880304,30504640,30507792
market_ruins_room_0,46882816,46893088,30507792,30510304
entra_n_scene,46895104,46896176,30510304,30510960
entra_n_room_0,46899200,47053680,30510960,30531472
enrui_scene,47054848,47055840,30531472,30532096
enrui_room_0,47058944,47213408,30532096,30558176
market_alley_n_scene,47214592,47219440,30558176,30560720
market_alley_n_room_0,47222784,47703792,30560720,30612976
hiral_demo_scene,47706112,47721808,30612976,30618896
hiral_demo_room_0,47722496,47724096,30618896,30619344
kokiri_home3_scene,47726592,47732640,30619344,30622736
kokiri_home3_room_0,47734784,47957520,30622736,30667264
malon_stable_scene,47960064,47961712,30667264,30668192
malon_stable_room_0,47964160,48153168,30668192,30698544
kakariko_scene,48156672,48160416,30698544,30700768
kakariko_room_0,48160768,48336832,30700768,30723408
bdan_boss_scene,48336896,48340544,30723408,30725792
bdan_boss_room_0,48340992,48353312,30725792,30733408
bdan_boss_room_1,48357376,48378048,30733408,30744256
FIRE_bs_scene,48381952,48401408,30744256,30756672
FIRE_bs_room_0,48402432,48419440,30756672,30766320
FIRE_bs_room_1,48422912,48451552,30766320,30781472
hut_scene,48451584,48452880,30781472,30782240
hut_room_0,48455680,48625056,30782240,30803280
daiyousei_izumi_scene,48627712,48685056,30803280,30831040
daiyousei_izumi_room_0,48685056,48699664,30831040,30836960
hakaana_scene,48701440,48704144,30836960,30838544
hakaana_room_0,48705536,48736464,30838544,30856144
yousei_izumi_tate_scene,48738304,48773136,30856144,30879824
yousei_izumi_tate_room_0,48775168,48792272,30879824,30886864
yousei_izumi_yoko_scene,48795648,48848288,30886864,30910896
yousei_izumi_yoko_room_0,48848896,48865296,30910896,30917776
golon_scene,48869376,48870304,30917776,30918368
golon_room_0,48873472,49029584,30918368,30937184
zoora_scene,49033216,49034128,30937184,30937776
zoora_room_0,49037312,49193440,30937776,30958864
drag_scene,49197056,49198064,30958864,30959488
drag_room_0,49201152,49380960,30959488,30984976
alley_shop_scene,49381376,49382832,30984976,30985872
alley_shop_room_0,49385472,49544240,30985872,31005504
night_shop_scene,49545216,49546864,31005504,31006576
night_shop_room_0,49549312,49715552,31006576,31028176
impa_scene,49717248,49720592,31028176,31030048
impa_room_0,49721344,49880992,31030048,31048528
labo_scene,49881088,49884912,31048528,31050624
labo_room_0,49885184,50067184,31050624,31079024
tent_scene,50069504,50071168,31079024,31080016
tent_room_0,50073600,50284192,31080016,31117520
nakaniwa_scene,50286592,50301472,31117520,31123936
nakaniwa_room_0,50302976,50400960,31123936,31181744
ddan_boss_scene,50401280,50411616,31181744,31190672
ddan_boss_room_0,50413568,50433584,31190672,31199920
ddan_boss_room_1,50434048,50449888,31199920,31210352
ydan_boss_scene,50450432,50456384,31210352,31215280
ydan_boss_room_0,50458624,50487280,31215280,31239472
ydan_boss_room_1,50487296,50513904,31239472,31255264
HAKAdan_bs_scene,50515968,50526080,31255264,31262528
HAKAdan_bs_room_0,50528256,50538976,31262528,31266816
HAKAdan_bs_room_1,50540544,50564944,31266816,31281696
MIZUsin_bs_scene,50565120,50571872,31281696,31285344
MIZUsin_bs_room_0,50573312,50590832,31285344,31296752
MIZUsin_bs_room_1,50593792,50639600,31296752,31320368
ganon_scene,50642944,50710448,31320368,31360816
ganon_room_0,50712576,50745040,31360816,31374480
ganon_room_1,50745344,50775920,31374480,31385472
ganon_room_2,50778112,50808912,31385472,31398688
ganon_room_3,50810880,50841392,31398688,31410384
ganon_room_4,50843648,50880720,31410384,31428352
ganon_room_5,50884608,50920208,31428352,31444320
ganon_room_6,50921472,50961312,31444320,31461936
ganon_room_7,50962432,51005344,31461936,31479904
ganon_room_8,51007488,51035104,31479904,31492464
ganon_room_9,51036160,51058976,31492464,31507712
ganon_boss_scene,51060736,51092512,31507712,31531936
ganon_boss_room_0,51093504,51117696,31531936,31537936
jyasinboss_scene,51118080,51154160,31537936,31556256
jyasinboss_room_0,51154944,51158992,31556256,31558416
jyasinboss_room_1,51159040,51191360,31558416,31574336
jyasinboss_room_2,51191808,51207616,31574336,31580880
jyasinboss_room_3,51208192,51255040,31580880,31609792
kokiri_home4_scene,51257344,51264176,31609792,31613856
kokiri_home4_room_0,51265536,51497296,31613856,31665600
kokiri_home5_scene,51499008,51504144,31665600,31668608
kokiri_home5_room_0,51507200,51707744,31668608,31707248
ganon_final_scene,51707904,51782016,31707248,31760656
ganon_final_room_0,51785728,51838640,31760656,31781200
kakariko3_scene,51838976,51841088,31781200,31782432
kakariko3_room_0,51843072,52016512,31782432,31809072
hakasitarelay_scene,52019200,52077168,31809072,31846416
hakasitarelay_room_0,52080640,52110016,31846416,31864256
hakasitarelay_room_1,52113408,52139808,31864256,31879232
hakasitarelay_room_2,52142080,52176048,31879232,31897856
hakasitarelay_room_3,52178944,52215008,31897856,31920384
hakasitarelay_room_4,52215808,52233344,31920384,31933440
hakasitarelay_room_5,52236288,52253776,31933440,31945760
hakasitarelay_room_6,52256768,52288176,31945760,31966032
shrine_scene,52289536,52294880,31966032,31968928
shrine_room_0,52297728,52636400,31968928,32024128
turibori_scene,52637696,52713184,32024128,32076736
turibori_room_0,52715520,52741984,32076736,32088976
shrine_n_scene,52744192,52749568,32088976,32091888
shrine_n_room_0,52752384,53091088,32091888,32133904
shrine_r_scene,53092352,53097616,32133904,32136704
shrine_r_room_0,53100544,53439216,32136704,32179584
hakaana2_scene,53440512,53493904,32179584,32218432
hakaana2_room_0,53497856,53524496,32218432,32229280
gerudoway_scene,53526528,53582112,32229280,32260976
gerudoway_room_0,53583872,53603648,32260976,32270768
gerudoway_room_1,53604352,53633712,32270768,32285136
gerudoway_room_2,53637120,53653072,32285136,32291584
gerudoway_room_3,53653504,53699344,32291584,32312672
gerudoway_room_4,53702656,53717280,32312672,32318960
gerudoway_room_5,53719040,53739072,32318960,32326880
hairal_niwa_n_scene,53739520,53776624,32326880,32352512
hairal_niwa_n_room_0,53780480,53794336,32352512,32357504
bowling_scene,53796864,53857056,32357504,32391568
bowling_room_0,53858304,53883360,32391568,32401616
hakaana_ouke_scene,53886976,53906144,32401616,32413216
hakaana_ouke_room_0,53907456,53950464,32413216,32432640
hakaana_ouke_room_1,53952512,53970944,32432640,32442816
hakaana_ouke_room_2,53972992,53997840,32442816,32458928
hylia_labo_scene,54001664,54071440,32458928,32498560
hylia_labo_room_0,54075392,54105552,32498560,32509984
souko_scene,54108160,54135824,32509984,32525840
souko_room_0,54136832,54175040,32525840,32546576
souko_room_1,54177792,54219824,32546576,32568352
souko_room_2,54222848,54256000,32568352,32585792
miharigoya_scene,54259712,54310224,32585792,32615680
miharigoya_room_0,54312960,54328752,32615680,32621280
mahouya_scene,54329344,54372896,32621280,32650112
mahouya_room_0,54374400,54401680,32650112,32660624
takaraya_scene,54403072,54432176,32660624,32676464
takaraya_room_0,54435840,54476224,32676464,32698320
takaraya_room_1,54476800,54484992,32698320,32702208
takaraya_room_2,54484992,54493232,32702208,32706128
takaraya_room_3,54497280,54507552,32706128,32711680
takaraya_room_4,54509568,54521888,32711680,32718576
takaraya_room_5,54525952,54538240,32718576,32725424
takaraya_room_6,54538240,54549248,32725424,32731328
ganon_sonogo_scene,54550528,54583056,32731328,32749920
ganon_sonogo_room_0,54583296,54615680,32749920,32763936
ganon_sonogo_room_1,54616064,54647728,32763936,32777824
ganon_sonogo_room_2,54648832,54684832,32777824,32796080
ganon_sonogo_room_3,54685696,54707776,32796080,32805552
ganon_sonogo_room_4,54710272,54746352,32805552,32823216
ganon_demo_scene,54747136,54784112,32823216,32853184
ganon_demo_room_0,54788096,54804816,32853184,32862176
face_shop_scene,54808576,54809456,32862176,32862736
face_shop_room_0,54812672,55002688,32862736,32897296
kinsuta_scene,55005184,55010832,32897296,32900784
kinsuta_room_0,55013376,55070880,32900784,32940784
ganontikasonogo_scene,55074816,55094016,32940784,32951824
ganontikasonogo_room_0,55095296,55192448,32951824,32994960
ganontikasonogo_room_1,55193600,55234336,32994960,33011568
bump_texture_static,55234560,55235584,33011568,33012240
anime_model_1_static,55238656,55238672,33012240,33012272
anime_model_2_static,55242752,55242768,33012272,33012304
anime_model_3_static,55246848,55246864,33012304,33012336
anime_model_4_static,55250944,55250960,33012336,33012368
anime_model_5_static,55255040,55255056,33012368,33012400
anime_model_6_static,55259136,55259152,33012400,33012432
anime_texture_1_static,55263232,55263248,33012432,33012464
anime_texture_2_static,55267328,55267344,33012464,33012496
anime_texture_3_static,55271424,55271440,33012496,33012528
anime_texture_4_static,55275520,55275536,33012528,33012560
anime_texture_5_static,55279616,55279632,33012560,33012592
anime_texture_6_static,55283712,55283728,33012592,33012624
softsprite_matrix_static,55287808,55287872,33012624,33012656
