makerom,0,4192,0,0
boot,4192,29040,4192,0
dmadata,29040,53440,29040,0
Audiobank,53440,233088,53440,0
Audioseq,233088,559360,233088,0
Audiotable,559360,5086352,559360,0
kanji,5086352,5595024,5086352,0
link_animetion,5595136,8109104,5595024,0
icon_item_static,8110080,8669344,8108992,0
icon_item_24_static,8671232,8717312,8668256,0
icon_item_field_static,8720384,8767792,8714336,8741568
icon_item_dungeon_static,8769536,8777088,8741568,8743136
icon_item_gameover_static,8777728,8790784,8743136,8749024
icon_item_jpn_static,8794112,8850560,8749024,8770960
icon_item_nes_static,8851456,8907904,8770960,8793968
item_name_static,8908800,9160704,8793968,0
map_name_static,9162752,9299968,9045872,0
do_action_static,9302016,9324288,9183088,0
message_static,9326592,9343360,9205360,0
message_texture_static,9347072,9351680,9222128,0
nes_font_static,9355264,9373056,9226736,0
jpn_message_data_static,9375744,9614128,9244528,0
nes_message_data_static,9617408,9847008,9482912,0
staff_message_data_static,9850880,9854816,9712512,0
map_grand_static,9854976,9913168,9716448,0
map_48x85_static,9916416,10055136,9774640,0
map_i_static,10055680,11030800,9913360,0
code,11034624,12102240,10888480,11524864
ovl_title,12102240,12104400,11524864,11526496
ovl_select,12104400,12115792,11526496,11533376
ovl_opening,12115792,12116144,11533376,11533680
ovl_file_choose,12116144,12181520,11533680,11570288
ovl_kaleido_scope,12181520,12298128,11570288,11631008
ovl_player_actor,12298128,12455584,11631008,11734272
ovl_map_mark_data,12455584,12482944,11734272,11735216
ovl_En_Test,12482944,12505648,11735216,11748736
ovl_Arms_Hook,12505648,12509088,11748736,11751440
ovl_Arrow_Fire,12509088,12516992,11751440,11758288
ovl_Arrow_Ice,12516992,12524928,11758288,11764544
ovl_Arrow_Light,12524928,12532880,11764544,11770944
ovl_Bg_Bdan_Objects,12532880,12537696,11770944,11774320
ovl_Bg_Bdan_Switch,12537696,12542864,11774320,11777312
ovl_Bg_Bom_Guard,12542864,12543408,11777312,11777808
ovl_Bg_Bombwall,12543408,12545648,11777808,11779568
ovl_Bg_Bowl_Wall,12545648,12548080,11779568,11781648
ovl_Bg_Breakwall,12548080,12551776,11781648,11784560
ovl_Bg_Ddan_Jd,12551776,12553392,11784560,11785840
ovl_Bg_Ddan_Kd,12553392,12555680,11785840,11787600
ovl_Bg_Dodoago,12555680,12559072,11787600,11790256
ovl_Bg_Dy_Yoseizo,12559072,12570832,11790256,11798256
ovl_Bg_Ganon_Otyuka,12570832,12580624,11798256,11805712
ovl_Bg_Gate_Shutter,12580624,12581792,11805712,11806608
ovl_Bg_Gjyo_Bridge,12581792,12583056,11806608,11807680
ovl_Bg_Gnd_Darkmeiro,12583056,12585040,11807680,11809152
ovl_Bg_Gnd_Firemeiro,12585040,12586400,11809152,11810272
ovl_Bg_Gnd_Iceblock,12586400,12590736,11810272,11813152
ovl_Bg_Gnd_Nisekabe,12590736,12591104,11813152,11813488
ovl_Bg_Gnd_Soulmeiro,12591104,12593248,11813488,11815280
ovl_Bg_Haka,12593248,12594976,11815280,11816736
ovl_Bg_Haka_Gate,12594976,12599216,11816736,11820016
ovl_Bg_Haka_Huta,12599216,12601936,11820016,11822176
ovl_Bg_Haka_Megane,12601936,12602960,11822176,11823024
ovl_Bg_Haka_MeganeBG,12602960,12604688,11823024,11824384
ovl_Bg_Haka_Sgami,12604688,12607792,11824384,11826816
ovl_Bg_Haka_Ship,12607792,12610432,11826816,11828912
ovl_Bg_Haka_Trap,12610432,12616016,11828912,11833024
ovl_Bg_Haka_Tubo,12616016,12618608,11833024,11835136
ovl_Bg_Haka_Water,12618608,12620656,11835136,11836608
ovl_Bg_Haka_Zou,12620656,12625248,11836608,11840064
ovl_Bg_Heavy_Block,12625248,12631632,11840064,11844736
ovl_Bg_Hidan_Curtain,12631632,12634352,11844736,11846832
ovl_Bg_Hidan_Dalm,12634352,12636480,11846832,11848464
ovl_Bg_Hidan_Firewall,12636480,12638368,11848464,11850064
ovl_Bg_Hidan_Fslift,12638368,12639600,11850064,11851008
ovl_Bg_Hidan_Fwbig,12639600,12642896,11851008,11853664
ovl_Bg_Hidan_Hamstep,12642896,12646656,11853664,11856528
ovl_Bg_Hidan_Hrock,12646656,12648752,11856528,11858176
ovl_Bg_Hidan_Kousi,12648752,12650176,11858176,11859264
ovl_Bg_Hidan_Kowarerukabe,12650176,12653984,11859264,11861776
ovl_Bg_Hidan_Rock,12653984,12658336,11861776,11865072
ovl_Bg_Hidan_Rsekizou,12658336,12661376,11865072,11867344
ovl_Bg_Hidan_Sekizou,12661376,12666576,11867344,11871296
ovl_Bg_Hidan_Sima,12666576,12670416,11871296,11874320
ovl_Bg_Hidan_Syoku,12670416,12671536,11874320,11875104
ovl_Bg_Ice_Objects,12671536,12675440,11875104,11877728
ovl_Bg_Ice_Shelter,12675440,12680112,11877728,11881296
ovl_Bg_Ice_Shutter,12680112,12681248,11881296,11882160
ovl_Bg_Ice_Turara,12681248,12683344,11882160,11883888
ovl_Bg_Ingate,12683344,12684256,11883888,11884688
ovl_Bg_Jya_1flift,12684256,12685936,11884688,11885968
ovl_Bg_Jya_Amishutter,12685936,12686848,11885968,11886560
ovl_Bg_Jya_Bigmirror,12686848,12688976,11886560,11888368
ovl_Bg_Jya_Block,12688976,12689600,11888368,11888976
ovl_Bg_Jya_Bombchuiwa,12689600,12692480,11888976,11891184
ovl_Bg_Jya_Bombiwa,12692480,12693952,11891184,11892432
ovl_Bg_Jya_Cobra,12693952,12701440,11892432,11897936
ovl_Bg_Jya_Goroiwa,12701440,12703360,11897936,11899568
ovl_Bg_Jya_Haheniron,12703360,12705392,11899568,11901232
ovl_Bg_Jya_Ironobj,12705392,12708896,11901232,11903632
ovl_Bg_Jya_Kanaami,12708896,12709840,11903632,11904384
ovl_Bg_Jya_Lift,12709840,12711200,11904384,11905488
ovl_Bg_Jya_Megami,12711200,12715792,11905488,11909312
ovl_Bg_Jya_Zurerukabe,12715792,12717504,11909312,11910672
ovl_Bg_Menkuri_Eye,12717504,12718672,11910672,11911680
ovl_Bg_Menkuri_Kaiten,12718672,12719072,11911680,11912032
ovl_Bg_Menkuri_Nisekabe,12719072,12719408,11912032,11912320
ovl_Bg_Mizu_Bwall,12719408,12724736,11912320,11915856
ovl_Bg_Mizu_Movebg,12724736,12729216,11915856,11919136
ovl_Bg_Mizu_Shutter,12729216,12731264,11919136,11920736
ovl_Bg_Mizu_Uzu,12731264,12731728,11920736,11921120
ovl_Bg_Mizu_Water,12731728,12735008,11921120,11923424
ovl_Bg_Mjin,12735008,12736016,11923424,11924288
ovl_Bg_Mori_Bigst,12736016,12738368,11924288,11925936
ovl_Bg_Mori_Elevator,12738368,12741168,11925936,11927808
ovl_Bg_Mori_Hashigo,12741168,12743408,11927808,11929472
ovl_Bg_Mori_Hashira4,12743408,12744816,11929472,11930576
ovl_Bg_Mori_Hineri,12744816,12748224,11930576,11933104
ovl_Bg_Mori_Idomizu,12748224,12749824,11933104,11934368
ovl_Bg_Mori_Kaitenkabe,12749824,12751472,11934368,11935728
ovl_Bg_Mori_Rakkatenjo,12751472,12753904,11935728,11937456
ovl_Bg_Po_Event,12753904,12761632,11937456,11943168
ovl_Bg_Po_Syokudai,12761632,12764048,11943168,11945136
ovl_Bg_Pushbox,12764048,12764816,11945136,11945792
ovl_Bg_Relay_Objects,12764816,12766784,11945792,11947360
ovl_Bg_Spot00_Break,12766784,12767200,11947360,11947728
ovl_Bg_Spot00_Hanebasi,12767200,12771568,11947728,11951248
ovl_Bg_Spot01_Fusya,12771568,12772240,11951248,11951840
ovl_Bg_Spot01_Idohashira,12772240,12775312,11951840,11954192
ovl_Bg_Spot01_Idomizu,12775312,12776112,11954192,11954912
ovl_Bg_Spot01_Idosoko,12776112,12776640,11954912,11955360
ovl_Bg_Spot01_Objects2,12776640,12777856,11955360,11956400
ovl_Bg_Spot02_Objects,12777856,12782816,11956400,11959968
ovl_Bg_Spot03_Taki,12782816,12785152,11959968,11961728
ovl_Bg_Spot05_Soko,12785152,12785952,11961728,11962384
ovl_Bg_Spot06_Objects,12785952,12791072,11962384,11966256
ovl_Bg_Spot07_Taki,12791072,12792592,11966256,11967408
ovl_Bg_Spot08_Bakudankabe,12792592,12794288,11967408,11968864
ovl_Bg_Spot08_Iceblock,12794288,12798448,11968864,11971840
ovl_Bg_Spot09_Obj,12798448,12799760,11971840,11972832
ovl_Bg_Spot11_Bakudankabe,12799760,12801360,11972832,11974208
ovl_Bg_Spot11_Oasis,12801360,12803200,11974208,11975792
ovl_Bg_Spot12_Gate,12803200,12804240,11975792,11976576
ovl_Bg_Spot12_Saku,12804240,12805456,11976576,11977536
ovl_Bg_Spot15_Rrbox,12805456,12809008,11977536,11980112
ovl_Bg_Spot15_Saku,12809008,12809840,11980112,11980832
ovl_Bg_Spot16_Bombstone,12809840,12815296,11980832,11985152
ovl_Bg_Spot16_Doughnut,12815296,12816768,11985152,11986384
ovl_Bg_Spot17_Bakudankabe,12816768,12818544,11986384,11987904
ovl_Bg_Spot17_Funen,12818544,12819136,11987904,11988432
ovl_Bg_Spot18_Basket,12819136,12823216,11988432,11991504
ovl_Bg_Spot18_Futa,12823216,12823632,11991504,11991856
ovl_Bg_Spot18_Obj,12823632,12825888,11991856,11993472
ovl_Bg_Spot18_Shutter,12825888,12827248,11993472,11994528
ovl_Bg_Sst_Floor,12827248,12828624,11994528,11995792
ovl_Bg_Toki_Hikari,12828624,12832112,11995792,11997888
ovl_Bg_Toki_Swd,12832112,12837824,11997888,12000512
ovl_Bg_Treemouth,12837824,12843552,12000512,12003568
ovl_Bg_Umajump,12843552,12843952,12003568,12003936
ovl_Bg_Vb_Sima,12843952,12845776,12003936,12005536
ovl_Bg_Ydan_Hasi,12845776,12847744,12005536,12007104
ovl_Bg_Ydan_Maruta,12847744,12849504,12007104,12008512
ovl_Bg_Ydan_Sp,12849504,12855424,12008512,12012832
ovl_Bg_Zg,12855424,12856528,12012832,12013728
ovl_Boss_Dodongo,12856528,12896208,12013728,12039008
ovl_Boss_Fd,12896208,12925744,12039008,12058768
ovl_Boss_Fd2,12925744,12941408,12058768,12069872
ovl_Boss_Ganon,12941408,13081360,12069872,12157712
ovl_Boss_Ganon2,13081360,13151840,12157712,12200144
ovl_Boss_Ganondrof,13151840,13171696,12200144,12213312
ovl_Boss_Goma,13171696,13196176,12213312,12228176
ovl_Boss_Mo,13196176,13244000,12228176,12261488
ovl_Boss_Sst,13244000,13294576,12261488,12293072
ovl_Boss_Tw,13294576,13372736,12293072,12343744
ovl_Boss_Va,13372736,13432272,12343744,12382176
ovl_Demo_6K,13432272,13443888,12382176,12390704
ovl_Demo_Du,13443888,13458192,12390704,12397760
ovl_Demo_Ec,13458192,13472624,12397760,12403680
ovl_Demo_Effect,13472624,13496080,12403680,12418912
ovl_Demo_Ext,13496080,13498464,12418912,12420752
ovl_Demo_Geff,13498464,13500544,12420752,12422272
ovl_Demo_Gj,13500544,13516080,12422272,12429552
ovl_Demo_Go,13516080,13519488,12429552,12431920
ovl_Demo_Gt,13519488,13541520,12431920,12443056
ovl_Demo_Ik,13541520,13546912,12443056,12446400
ovl_Demo_Im,13546912,13563152,12446400,12454512
ovl_Demo_Kankyo,13563152,13578672,12454512,12463744
ovl_Demo_Kekkai,13578672,13583520,12463744,12467472
ovl_Demo_Sa,13583520,13594560,12467472,12472960
ovl_Demo_Shd,13594560,13603792,12472960,12479136
ovl_Demo_Tre_Lgt,13603792,13605600,12479136,12480656
ovl_Door_Ana,13605600,13607248,12480656,12482032
ovl_Door_Gerudo,13607248,13608768,12482032,12483312
ovl_Door_Killer,13608768,13614256,12483312,12487536
ovl_Door_Shutter,13614256,13623152,12487536,12493936
ovl_Door_Toki,13623152,13623504,12493936,12494224
ovl_Door_Warp1,13623504,13640656,12494224,12504080
ovl_Efc_Erupc,13640656,13643456,12504080,12506384
ovl_Eff_Dust,13643456,13648528,12506384,12509440
ovl_Effect_Ss_Blast,13648528,13649440,12509440,12510320
ovl_Effect_Ss_Bomb,13649440,13650512,12510320,12511312
ovl_Effect_Ss_Bomb2,13650512,13652816,12511312,12513024
ovl_Effect_Ss_Bubble,13652816,13653968,12513024,12514048
ovl_Effect_Ss_D_Fire,13653968,13655232,12514048,12515232
ovl_Effect_Ss_Dead_Db,13655232,13656480,12515232,12516432
ovl_Effect_Ss_Dead_Dd,13656480,13657904,12516432,12517728
ovl_Effect_Ss_Dead_Ds,13657904,13659056,12517728,12518800
ovl_Effect_Ss_Dead_Sound,13659056,13659376,12518800,12519120
ovl_Effect_Ss_Dt_Bubble,13659376,13660800,12519120,12520368
ovl_Effect_Ss_Dust,13660800,13662912,12520368,12522080
ovl_Effect_Ss_En_Fire,13662912,13664784,12522080,12523760
ovl_Effect_Ss_En_Ice,13664784,13667024,12523760,12525728
ovl_Effect_Ss_Extra,13667024,13667984,12525728,12526656
ovl_Effect_Ss_Fcircle,13667984,13669184,12526656,12527792
ovl_Effect_Ss_Fhg_Flash,13669184,13673152,12527792,12530368
ovl_Effect_Ss_Fire_Tail,13673152,13674944,12530368,12531984
ovl_Effect_Ss_G_Fire,13674944,13675600,12531984,12532592
ovl_Effect_Ss_G_Magma,13675600,13676208,12532592,12533168
ovl_Effect_Ss_G_Magma2,13676208,13677504,12533168,12534384
ovl_Effect_Ss_G_Ripple,13677504,13678880,12534384,12535632
ovl_Effect_Ss_G_Spk,13678880,13680336,12535632,12536944
ovl_Effect_Ss_G_Splash,13680336,13681536,12536944,12537920
ovl_Effect_Ss_Hahen,13681536,13683136,12537920,12539184
ovl_Effect_Ss_HitMark,13683136,13684496,12539184,12540384
ovl_Effect_Ss_Ice_Piece,13684496,13685584,12540384,12541408
ovl_Effect_Ss_Ice_Smoke,13685584,13686832,12541408,12542496
ovl_Effect_Ss_K_Fire,13686832,13687920,12542496,12543520
ovl_Effect_Ss_Kakera,13687920,13692160,12543520,12546640
ovl_Effect_Ss_KiraKira,13692160,13693808,12546640,12548080
ovl_Effect_Ss_Lightning,13693808,13695552,12548080,12549696
ovl_Effect_Ss_Sibuki,13695552,13697296,12549696,12551248
ovl_Effect_Ss_Sibuki2,13697296,13698112,12551248,12552016
ovl_Effect_Ss_Solder_Srch_Ball,13698112,13698544,12552016,12552432
ovl_Effect_Ss_Stick,13698544,13699472,12552432,12553280
ovl_Effect_Ss_Stone1,13699472,13700368,12553280,12554128
ovl_Elf_Msg,13700368,13701888,12554128,12555264
ovl_Elf_Msg2,13701888,13703024,12555264,12556032
ovl_En_Am,13703024,13712240,12556032,12562224
ovl_En_Ani,13712240,13715680,12562224,12564672
ovl_En_Anubice,13715680,13720464,12564672,12568208
ovl_En_Anubice_Fire,13720464,13723984,12568208,12571120
ovl_En_Anubice_Tag,13723984,13724704,12571120,12571744
ovl_En_Arow_Trap,13724704,13725040,12571744,12572064
ovl_En_Arrow,13725040,13730928,12572064,12576272
ovl_En_Attack_Niw,13730928,13735632,12576272,12579712
ovl_En_Ba,13735632,13743520,12579712,12584880
ovl_En_Bb,13743520,13759104,12584880,12596080
ovl_En_Bdfire,13759104,13762080,12596080,12598400
ovl_En_Bigokuta,13762080,13773088,12598400,12605872
ovl_En_Bili,13773088,13782000,12605872,12612064
ovl_En_Bird,13782000,13783216,12612064,12613056
ovl_En_Blkobj,13783216,13784592,12613056,12614208
ovl_En_Bom,13784592,13788384,12614208,12617200
ovl_En_Bom_Bowl_Man,13788384,13793824,12617200,12621200
ovl_En_Bom_Bowl_Pit,13793824,13796240,12621200,12623088
ovl_En_Bom_Chu,13796240,13802032,12623088,12627680
ovl_En_Bombf,13802032,13807296,12627680,12631760
ovl_En_Boom,13807296,13809552,12631760,12633616
ovl_En_Box,13809552,13816544,12633616,12638464
ovl_En_Brob,13816544,13820880,12638464,12641600
ovl_En_Bubble,13820880,13826032,12641600,12645536
ovl_En_Butte,13826032,13831616,12645536,12649584
ovl_En_Bw,13831616,13844816,12649584,12658464
ovl_En_Bx,13844816,13847632,12658464,12660928
ovl_En_Changer,13847632,13850160,12660928,12662800
ovl_En_Clear_Tag,13850160,13885856,12662800,12680192
ovl_En_Cow,13885856,13891072,12680192,12683552
ovl_En_Crow,13891072,13896864,12683552,12687856
ovl_En_Cs,13896864,13901520,12687856,12691424
ovl_En_Daiku,13901520,13907472,12691424,12696000
ovl_En_Daiku_Kakariko,13907472,13912528,12696000,12699808
ovl_En_Dekubaba,13912528,13927552,12699808,12709472
ovl_En_Dekunuts,13927552,13933696,12709472,12713504
ovl_En_Dh,13933696,13940576,12713504,12718496
ovl_En_Dha,13940576,13944672,12718496,12721520
ovl_En_Diving_Game,13944672,13951248,12721520,12726128
ovl_En_Dns,13951248,13956256,12726128,12729408
ovl_En_Dnt_Demo,13956256,13959616,12729408,12732048
ovl_En_Dnt_Jiji,13959616,13965024,12732048,12735312
ovl_En_Dnt_Nomal,13965024,13976800,12735312,12742400
ovl_En_Dodojr,13976800,13984640,12742400,12747872
ovl_En_Dodongo,13984640,13996320,12747872,12755872
ovl_En_Dog,13996320,14000848,12755872,12759072
ovl_En_Door,14000848,14004496,12759072,12762096
ovl_En_Ds,14004496,14007600,12762096,12764240
ovl_En_Du,14007600,14014400,12764240,12768928
ovl_En_Dy_Extra,14014400,14015840,12768928,12770192
ovl_En_Eg,14015840,14016272,12770192,12770544
ovl_En_Eiyer,14016272,14023536,12770544,12775712
ovl_En_Elf,14023536,14042416,12775712,12788000
ovl_En_Encount1,14042416,14045328,12788000,12790400
ovl_En_Encount2,14045328,14049984,12790400,12794000
ovl_En_Ex_Item,14049984,14054464,12794000,12797264
ovl_En_Ex_Ruppy,14054464,14058752,12797264,12800544
ovl_En_Fd,14058752,14070176,12800544,12809008
ovl_En_Fd_Fire,14070176,14073520,12809008,12811808
ovl_En_Fhg_Fire,14073520,14083408,12811808,12818880
ovl_En_Fire_Rock,14083408,14087776,12818880,12822064
ovl_En_Firefly,14087776,14096336,12822064,12827824
ovl_En_Fish,14096336,14104800,12827824,12833136
ovl_En_Floormas,14104800,14118080,12833136,12841312
ovl_En_Fr,14118080,14128976,12841312,12849040
ovl_En_Fu,14128976,14132368,12849040,12851712
ovl_En_Fw,14132368,14138448,12851712,12856624
ovl_En_Fz,14138448,14146656,12856624,12862432
ovl_En_G_Switch,14146656,14152832,12862432,12867184
ovl_En_Ganon_Mant,14152832,14169776,12867184,12874688
ovl_En_Ganon_Organ,14169776,14198512,12874688,12888656
ovl_En_Gb,14198512,14204448,12888656,12893056
ovl_En_Ge1,14204448,14212688,12893056,12898224
ovl_En_Ge2,14212688,14219248,12898224,12902720
ovl_En_Ge3,14219248,14222384,12902720,12905056
ovl_En_GeldB,14222384,14243808,12905056,12918320
ovl_En_GirlA,14243808,14254336,12918320,12923552
ovl_En_Gm,14254336,14257712,12923552,12926144
ovl_En_Go,14257712,14275696,12926144,12937760
ovl_En_Go2,14275696,14300336,12937760,12953664
ovl_En_Goma,14300336,14311776,12953664,12961264
ovl_En_Goroiwa,14311776,14320928,12961264,12967696
ovl_En_Gs,14320928,14328720,12967696,12973408
ovl_En_Guest,14328720,14331184,12973408,12975472
ovl_En_Hata,14331184,14332608,12975472,12976752
ovl_En_Heishi1,14332608,14338000,12976752,12980416
ovl_En_Heishi2,14338000,14346704,12980416,12985712
ovl_En_Heishi3,14346704,14349216,12985712,12987552
ovl_En_Heishi4,14349216,14353056,12987552,12990256
ovl_En_Hintnuts,14353056,14359760,12990256,12994768
ovl_En_Holl,14359760,14363808,12994768,12997744
ovl_En_Honotrap,14363808,14369280,12997744,13001792
ovl_En_Horse,14369280,14419040,13001792,13032512
ovl_En_Horse_Game_Check,14419040,14423344,13032512,13035616
ovl_En_Horse_Ganon,14423344,14426800,13035616,13038288
ovl_En_Horse_Link_Child,14426800,14434480,13038288,13042896
ovl_En_Horse_Normal,14434480,14444240,13042896,13049120
ovl_En_Horse_Zelda,14444240,14447040,13049120,13051376
ovl_En_Hs,14447040,14450016,13051376,13053488
ovl_En_Hs2,14450016,14451520,13053488,13054736
ovl_En_Hy,14451520,14466176,13054736,13064000
ovl_En_Ice_Hono,14466176,14470768,13064000,13067280
ovl_En_Ik,14470768,14488768,13067280,13077760
ovl_En_In,14488768,14500448,13077760,13086160
ovl_En_Insect,14500448,14509952,13086160,13092464
ovl_En_Ishi,14509952,14547152,13092464,13097424
ovl_En_It,14547152,14547552,13097424,13097728
ovl_En_Jj,14547552,14553136,13097728,13100880
ovl_En_Js,14553136,14555648,13100880,13102704
ovl_En_Jsjutan,14555648,14575568,13102704,13110240
ovl_En_Kakasi,14575568,14578960,13110240,13112832
ovl_En_Kakasi2,14578960,14580784,13112832,13114272
ovl_En_Kakasi3,14580784,14585104,13114272,13117408
ovl_En_Kanban,14585104,14597728,13117408,13125104
ovl_En_Karebaba,14597728,14604112,13125104,13129584
ovl_En_Ko,14604112,14620816,13129584,13139232
ovl_En_Kusa,14620816,14626160,13139232,13143152
ovl_En_Kz,14626160,14631696,13143152,13147248
ovl_En_Light,14631696,14635280,13147248,13149776
ovl_En_Lightbox,14635280,14636432,13149776,13150752
ovl_En_M_Fire1,14636432,14636848,13150752,13151088
ovl_En_M_Thunder,14636848,14642480,13151088,13155184
ovl_En_Ma1,14642480,14647312,13155184,13158784
ovl_En_Ma2,14647312,14651504,13158784,13161984
ovl_En_Ma3,14651504,14655520,13161984,13165088
ovl_En_Mag,14655520,14666928,13165088,13172960
ovl_En_Mb,14666928,14683872,13172960,13183952
ovl_En_Md,14683872,14693712,13183952,13189824
ovl_En_Mk,14693712,14697440,13189824,13192352
ovl_En_Mm,14697440,14703168,13192352,13196704
ovl_En_Mm2,14703168,14706688,13196704,13199376
ovl_En_Ms,14706688,14708464,13199376,13200832
ovl_En_Mu,14708464,14710800,13200832,13202816
ovl_En_Nb,14710800,14728672,13202816,13212160
ovl_En_Niw,14728672,14741776,13212160,13221600
ovl_En_Niw_Girl,14741776,14744544,13221600,13223984
ovl_En_Niw_Lady,14744544,14750944,13223984,13228576
ovl_En_Nutsball,14750944,14752512,13228576,13229984
ovl_En_Nwc,14752512,14755104,13229984,13232176
ovl_En_Ny,14755104,14761568,13232176,13236912
ovl_En_OE2,14761568,14761792,13236912,13237072
ovl_En_Okarina_Effect,14761792,14762752,13237072,13237824
ovl_En_Okarina_Tag,14762752,14768128,13237824,13240896
ovl_En_Okuta,14768128,14777824,13240896,13247632
ovl_En_Ossan,14777824,14803904,13247632,13261936
ovl_En_Owl,14803904,14819168,13261936,13270768
ovl_En_Part,14819168,14824896,13270768,13274976
ovl_En_Peehat,14824896,14838976,13274976,13283888
ovl_En_Po_Desert,14838976,14842496,13283888,13286784
ovl_En_Po_Field,14842496,14857344,13286784,13297136
ovl_En_Po_Relay,14857344,14863248,13297136,13301616
ovl_En_Po_Sisters,14863248,14882944,13301616,13314464
ovl_En_Poh,14882944,14899824,13314464,13325280
ovl_En_Pu_box,14899824,14900656,13325280,13326016
ovl_En_Rd,14900656,14911088,13326016,13332688
ovl_En_Reeba,14911088,14917856,13332688,13337568
ovl_En_River_Sound,14917856,14920304,13337568,13339568
ovl_En_Rl,14920304,14924112,13339568,13341904
ovl_En_Rr,14924112,14933632,13341904,13348832
ovl_En_Ru1,14933632,14964000,13348832,13364768
ovl_En_Ru2,14964000,14975648,13364768,13370464
ovl_En_Sa,14975648,14984464,13370464,13376192
ovl_En_Sb,14984464,14989648,13376192,13379648
ovl_En_Scene_Change,14989648,14989952,13379648,13379888
ovl_En_Sda,14989952,14995632,13379888,13383680
ovl_En_Shopnuts,14995632,14999488,13383680,13386352
ovl_En_Si,14999488,15000768,13386352,13387408
ovl_En_Siofuki,15000768,15004272,13387408,13390032
ovl_En_Skb,15004272,15010656,13390032,13394656
ovl_En_Skj,15010656,15025312,13394656,13403808
ovl_En_Skjneedle,15025312,15026096,13403808,13404496
ovl_En_Ssh,15026096,15035808,13404496,13411232
ovl_En_St,15035808,15047184,13411232,13419136
ovl_En_Sth,15047184,15063760,13419136,13430336
ovl_En_Stream,15063760,15065184,13430336,13431552
ovl_En_Sw,15065184,15079376,13431552,13441872
ovl_En_Syateki_Itm,15079376,15082864,13441872,13444528
ovl_En_Syateki_Man,15082864,15086384,13444528,13447120
ovl_En_Syateki_Niw,15086384,15094720,13447120,13453216
ovl_En_Ta,15094720,15109504,13453216,13462256
ovl_En_Takara_Man,15109504,15111744,13462256,13464176
ovl_En_Tana,15111744,15112432,13464176,13464752
ovl_En_Tg,15112432,15114192,13464752,13466240
ovl_En_Tite,15114192,15125872,13466240,13473328
ovl_En_Tk,15125872,15133600,13473328,13479008
ovl_En_Torch,15133600,15133840,13479008,13479232
ovl_En_Torch2,15133840,15143920,13479232,13486560
ovl_En_Toryo,15143920,15147136,13486560,13488928
ovl_En_Tp,15147136,15154928,13488928,13494608
ovl_En_Tr,15154928,15161328,13494608,13499216
ovl_En_Trap,15161328,15166096,13499216,13502352
ovl_En_Tubo_Trap,15166096,15169328,13502352,13504672
ovl_En_Vali,15169328,15179248,13504672,13511488
ovl_En_Vase,15179248,15179504,13511488,13511712
ovl_En_Vb_Ball,15179504,15184032,13511712,13515120
ovl_En_Viewer,15184032,15195968,13515120,13523168
ovl_En_Vm,15195968,15202304,13523168,13527664
ovl_En_Wall_Tubo,15202304,15203568,13527664,13528720
ovl_En_Wallmas,15203568,15210240,13528720,13533232
ovl_En_Weather_Tag,15210240,15214064,13533232,13535088
ovl_En_Weiyer,15214064,15220720,13535088,13539488
ovl_En_Wf,15220720,15237888,13539488,13550592
ovl_En_Wonder_Item,15237888,15241040,13550592,13552832
ovl_En_Wonder_Talk,15241040,15242720,13552832,13554192
ovl_En_Wonder_Talk2,15242720,15244416,13554192,13555616
ovl_En_Wood02,15244416,15248976,13555616,13559264
ovl_En_Xc,15248976,15275440,13559264,13572768
ovl_En_Yabusame_Mark,15275440,15277184,13572768,13574144
ovl_En_Yukabyun,15277184,15278736,13574144,13575504
ovl_En_Zf,15278736,15306096,13575504,13593056
ovl_En_Zl1,15306096,15321984,13593056,13601072
ovl_En_Zl2,15321984,15340160,13601072,13610288
ovl_En_Zl3,15340160,15372496,13610288,13626864
ovl_En_Zl4,15372496,15391488,13626864,13636544
ovl_En_Zo,15391488,15401152,13636544,13643248
ovl_En_fHG,15401152,15411696,13643248,13650224
ovl_End_Title,15411696,15428368,13650224,13656992
ovl_Fishing,15428368,15508960,13656992,13711616
ovl_Item_B_Heart,15508960,15510000,13711616,13712496
ovl_Item_Etcetera,15510000,15512256,13712496,13714176
ovl_Item_Inbox,15512256,15512608,13714176,13714448
ovl_Item_Ocarina,15512608,15514608,13714448,13715920
ovl_Item_Shield,15514608,15517184,13715920,13717968
ovl_Magic_Dark,15517184,15523408,13717968,13722896
ovl_Magic_Fire,15523408,15532368,13722896,13730896
ovl_Magic_Wind,15532368,15539792,13730896,13737440
ovl_Mir_Ray,15539792,15546112,13737440,13742544
ovl_Obj_Bean,15546112,15556240,13742544,13748896
ovl_Obj_Blockstop,15556240,15556656,13748896,13749280
ovl_Obj_Bombiwa,15556656,15558048,13749280,13750496
ovl_Obj_Comb,15558048,15560192,13750496,13752352
ovl_Obj_Dekujr,15560192,15561792,13752352,13753696
ovl_Obj_Elevator,15561792,15562752,13753696,13754432
ovl_Obj_Hamishi,15562752,15564880,13754432,13756240
ovl_Obj_Hana,15564880,15565664,13756240,13756880
ovl_Obj_Hsblock,15565664,15567152,13756880,13758080
ovl_Obj_Ice_Poly,15567152,15569632,13758080,13760112
ovl_Obj_Kibako,15569632,15572960,13760112,13762384
ovl_Obj_Kibako2,15572960,15574688,13762384,13763856
ovl_Obj_Lift,15574688,15577280,13763856,13765968
ovl_Obj_Lightswitch,15577280,15582448,13765968,13769504
ovl_Obj_Makekinsuta,15582448,15582784,13769504,13769824
ovl_Obj_Makeoshihiki,15582784,15583952,13769824,13770816
ovl_Obj_Mure,15583952,15588064,13770816,13773680
ovl_Obj_Mure2,15588064,15590656,13773680,13775600
ovl_Obj_Mure3,15590656,15592656,13775600,13777184
ovl_Obj_Oshihiki,15592656,15599488,13777184,13781936
ovl_Obj_Roomtimer,15599488,15600080,13781936,13782448
ovl_Obj_Switch,15600080,15607728,13782448,13787264
ovl_Obj_Syokudai,15607728,15610864,13787264,13789872
ovl_Obj_Timeblock,15610864,15614016,13789872,13792176
ovl_Obj_Tsubo,15614016,15618096,13792176,13795088
ovl_Obj_Warp2block,15618096,15620960,13795088,13797344
ovl_Object_Kankyo,15620960,15633888,13797344,13806416
ovl_Oceff_Spot,15633888,15637776,13806416,13809744
ovl_Oceff_Storm,15637776,15644864,13809744,13816528
ovl_Oceff_Wipe,15644864,15648320,13816528,13819536
ovl_Oceff_Wipe2,15648320,15654320,13819536,13823184
ovl_Oceff_Wipe3,15654320,15660288,13823184,13827920
ovl_Oceff_Wipe4,15660288,15664352,13827920,13830960
ovl_Shot_Sun,15664352,15666080,13830960,13832400
gameplay_keep,15667200,16043232,13832400,14026896
gameplay_field_keep,16044032,16098096,14026896,14064304
gameplay_dangeon_keep,16101376,16198384,14064304,14124432
gameplay_object_exchange_static,16199680,16199696,14124432,14124464
object_link_boy,16203776,16431104,14124464,14232064
object_link_child,16433152,16617344,14232064,14320528
object_box,16617472,16642048,14320528,14333280
object_human,16642048,16720256,14333280,14365040
object_okuta,16723968,16739456,14365040,14372784
object_poh,16740352,16761056,14372784,14386064
object_wallmaster,16764928,16806000,14386064,14412960
object_dy_obj,16809984,16930096,14412960,14487600
object_firefly,16932864,16939200,14487600,14491328
object_dodongo,16941056,16980288,14491328,14519040
object_fire,16982016,16998560,14519040,14525744
object_niw,17002496,17012032,14525744,14530592
object_tite,17014784,17029680,14530592,14540624
object_reeba,17031168,17039088,14540624,14545776
object_peehat,17039360,17046672,14545776,14549296
object_kingdodongo,17047552,17242336,14549296,14674256
object_horse,17244160,17301264,14674256,14716960
object_zf,17301504,17392544,14716960,14779312
object_goma,17395712,17519104,14779312,14871056
object_zl1,17522688,17605568,14871056,14915200
object_gol,17608704,17625632,14915200,14926336
object_bubble,17629184,17633472,14926336,14928224
object_dodojr,17637376,17645808,14928224,14934416
object_torch2,17649664,17667952,14934416,14942704
object_bl,17670144,17692752,14942704,14952016
object_tp,17694720,17702128,14952016,14956960
object_oA1,17702912,17721104,14956960,14966320
object_st,17723392,17746864,14966320,14979376
object_bw,17747968,17756768,14979376,14984752
object_ei,17760256,17773600,14984752,14992320
object_horse_normal,17776640,17817536,14992320,15025120
object_oB1,17817600,17843888,15025120,15037360
object_o_anime,17846272,17854800,15037360,15044528
object_spot04_objects,17858560,17864384,15044528,15047728
object_ddan_objects,17866752,17901408,15047728,15070000
object_hidan_objects,17903616,18001184,15070000,15118624
object_horse_ganon,18001920,18051216,15118624,15152368
object_oA2,18055168,18077392,15152368,15157536
object_spot00_objects,18079744,18086928,15157536,15160400
object_mb,18087936,18170272,15160400,15216624
object_bombf,18173952,18180608,15216624,15220624
object_sk2,18182144,18241536,15220624,15266352
object_oE1,18243584,18270224,15266352,15278928
object_oE_anime,18272256,18292832,15278928,15298384
object_oE2,18296832,18319984,15298384,15309376
object_ydan_objects,18321408,18358400,15309376,15337888
object_gnd,18362368,18440192,15337888,15397248
object_am,18440192,18463568,15397248,15409360
object_dekubaba,18464768,18479552,15409360,15419584
object_oA3,18481152,18489648,15419584,15424112
object_oA4,18493440,18499376,15424112,15426864
object_oA5,18501632,18507440,15426864,15429552
object_oA6,18509824,18516480,15429552,15432592
object_oA7,18518016,18523472,15432592,15435136
object_jj,18526208,18574016,15435136,15463168
object_oA8,18575360,18581424,15463168,15465792
object_oA9,18583552,18584864,15465792,15466752
object_oB2,18587648,18604256,15466752,15475168
object_oB3,18608128,18625680,15475168,15483904
object_oB4,18628608,18634864,15483904,15486800
object_horse_zelda,18636800,18665824,15486800,15505520
object_opening_demo1,18669568,18690144,15505520,15524208
object_warp1,18694144,18705584,15524208,15532416
object_b_heart,18706432,18708032,15532416,15533600
object_dekunuts,18710528,18724448,15533600,15541920
object_oE3,18726912,18755872,15541920,15555392
object_oE4,18759680,18780112,15555392,15565040
object_menkuri_objects,18780160,18815760,15565040,15589760
object_oE5,18817024,18838976,15589760,15600576
object_oE6,18841600,18853456,15600576,15606832
object_oE7,18853888,18864736,15606832,15613376
object_oE8,18866176,18879440,15613376,15620192
object_oE9,18882560,18894608,15620192,15625424
object_oE10,18894848,18905552,15625424,15631296
object_oE11,18907136,18919920,15631296,15637136
object_oE12,18923520,18937792,15637136,15644336
object_vali,18939904,18958416,15644336,15654016
object_oA10,18960384,18972336,15654016,15659664
object_oA11,18972672,18978240,15659664,15662496
object_mizu_objects,18980864,19026720,15662496,15689888
object_fhg,19030016,19099104,15689888,15734496
object_ossan,19099648,19139408,15734496,15751584
object_mori_hineri1,19140608,19162352,15751584,15759824
object_Bb,19165184,19171904,15759824,15763680
object_toki_objects,19173376,19207248,15763680,15780496
object_yukabyun,19210240,19215600,15780496,15783200
object_zl2,19218432,19287424,15783200,15814704
object_mjin,19288064,19292816,15814704,15817312
object_mjin_flash,19296256,19300352,15817312,15819920
object_mjin_dark,19300352,19304448,15819920,15823184
object_mjin_flame,19304448,19308544,15823184,15826016
object_mjin_ice,19308544,19312640,15826016,15829344
object_mjin_soul,19312640,19316736,15829344,15832640
object_mjin_wind,19316736,19320832,15832640,15835904
object_mjin_oka,19320832,19327840,15835904,15841104
object_haka_objects,19329024,19449520,15841104,15902336
object_spot06_objects,19451904,19463584,15902336,15910608
object_ice_objects,19464192,19500368,15910608,15936304
object_relay_objects,19501056,19514928,15936304,15945952
object_mori_hineri1a,19517440,19530944,15945952,15950880
object_mori_hineri2,19533824,19551232,15950880,15957488
object_mori_hineri2a,19554304,19579056,15957488,15967056
object_mori_objects,19582976,19618320,15967056,15983984
object_mori_tex,19619840,19660288,15983984,16008032
object_spot08_obj,19660800,19682816,16008032,16021664
object_warp2,19685376,19685392,16021664,16021696
object_hata,19689472,19701728,16021696,16027680
object_bird,19701760,19710368,16027680,16033552
object_wood02,19714048,19748816,16033552,16053664
object_lightbox,19750912,19758912,16053664,16056048
object_pu_box,19759104,19764736,16056048,16058656
object_trap,19767296,19776480,16058656,16065680
object_vase,19779584,19785104,16065680,16069936
object_im,19787776,19862064,16069936,16106032
object_ta,19865600,19923952,16106032,16138864
object_tk,19927040,19975760,16138864,16168592
object_xc,19976192,20093728,16168592,16250624
object_vm,20094976,20111216,16250624,16258960
object_bv,20111360,20233648,16258960,16318256
object_hakach_objects,20234240,20261616,16318256,16337744
object_efc_crystal_light,20262912,20265632,16337744,16340400
object_efc_fire_ball,20267008,20270336,16340400,16343584
object_efc_flash,20271104,20271120,16343584,16343616
object_efc_lgt_shower,20275200,20280016,16343616,16347328
object_efc_star_field,20283392,20289488,16347328,16351504
object_god_lgt,20291584,20308816,16351504,16362960
object_light_ring,20312064,20316800,16362960,16364368
object_triforce_spot,20320256,20330768,16364368,16371376
object_medal,20332544,20353344,16371376,16378608
object_bdan_objects,20357120,20409616,16378608,16410976
object_sd,20410368,20461280,16410976,16437136
object_rd,20463616,20525040,16437136,16474160
object_po_sisters,20525056,20583360,16474160,16507136
object_heavy_object,20586496,20593376,16507136,16510832
object_gndd,20594688,20666880,16510832,16548752
object_fd,20668416,20734576,16548752,16585712
object_du,20738048,20813360,16585712,16633088
object_fw,20815872,20848096,16633088,16654640
object_horse_link_child,20848640,20884256,16654640,16679040
object_spot02_objects,20885504,20977184,16679040,16729072
object_haka,20979712,20984928,16729072,16733344
object_ru1,20987904,21068416,16733344,16791984
object_syokudai,21069824,21085328,16791984,16800800
object_fd2,21086208,21158544,16800800,16847872
object_dh,21159936,21196992,16847872,16876176
object_rl,21200896,21232464,16876176,16891952
object_efc_tw,21233664,21238512,16891952,16896976
object_demo_tre_lgt,21241856,21241872,16896976,16897008
object_gi_key,21245952,21248544,16897008,16898240
object_mir_ray,21250048,21257472,16898240,16900304
object_brob,21258240,21265056,16900304,16903824
object_gi_jewel,21266432,21280384,16903824,16912256
object_spot09_obj,21282816,21383312,16912256,16971472
object_spot18_obj,21385216,21436944,16971472,17001472
object_bdoor,21438464,21468608,17001472,17018736
object_spot17_obj,21471232,21477424,17018736,17023632
object_shop_dungen,21479424,21494304,17023632,17032576
object_nb,21495808,21594592,17032576,17098000
object_mo,21598208,21630064,17098000,17115056
object_sb,21630976,21642400,17115056,17120656
object_gi_melody,21643264,21646624,17120656,17122144
object_gi_heart,21647360,21647856,17122144,17122544
object_gi_compass,21651456,21654800,17122544,17124224
object_gi_bosskey,21655552,21659664,17124224,17126096
object_gi_medal,21663744,21685104,17126096,17132400
object_gi_nuts,21688320,21692864,17132400,17135344
object_sa,21696512,21783088,17135344,17194704
object_gi_hearts,21786624,21792688,17194704,17197104
object_gi_arrowcase,21794816,21798064,17197104,17198784
object_gi_bombpouch,21798912,21802592,17198784,17200480
object_in,21803008,21904464,17200480,17257136
object_tr,21905408,21982768,17257136,17305008
object_spot16_obj,21983232,21988608,17305008,17309232
object_oE1s,21991424,22017376,17309232,17322000
object_oE4s,22020096,22040064,17322000,17331552
object_os_anime,22040576,22083136,17331552,17366736
object_gi_bottle,22085632,22087920,17366736,17368032
object_gi_stick,22089728,22091456,17368032,17369344
object_gi_map,22093824,22098272,17369344,17372672
object_oF1d_map,22102016,22168992,17372672,17412496
object_ru2,22171648,22235344,17412496,17446528
object_gi_shield_1,22237184,22240592,17446528,17449312
object_dekujr,22241280,22254864,17449312,17456464
object_gi_magicpot,22257664,22262224,17456464,17458608
object_gi_bomb_1,22265856,22269104,17458608,17460160
object_oF1s,22269952,22304928,17460160,17477168
object_ma2,22306816,22347504,17477168,17500096
object_gi_purse,22347776,22354800,17500096,17506480
object_hni,22355968,22400880,17506480,17541984
object_tw,22401024,22637488,17541984,17691280
object_rr,22638592,22642176,17691280,17693760
object_bxa,22642688,22653936,17693760,17701504
object_anubice,22654976,22669728,17701504,17710192
object_gi_gerudo,22671360,22676288,17710192,17713360
object_gi_arrow,22679552,22686480,17713360,17716064
object_gi_bomb_2,22687744,22689440,17716064,17717264
object_gi_egg,22691840,22696736,17717264,17719776
object_gi_scale,22700032,22703600,17719776,17721664
object_gi_shield_2,22704128,22708336,17721664,17724080
object_gi_hookshot,22712320,22717792,17724080,17726928
object_gi_ocarina,22720512,22723504,17726928,17728768
object_gi_milk,22724608,22729840,17728768,17731184
object_ma1,22732800,22769024,17731184,17749376
object_ganon,22769664,22835456,17749376,17778000
object_sst,22839296,22943664,17778000,17817472
object_ny,22945792,22954352,17817472,17821344
object_fr,22958080,23004336,17821344,17839232
object_gi_pachinko,23007232,23010400,17839232,17841088
object_gi_boomerang,23011328,23014816,17841088,17843120
object_gi_bow,23015424,23018800,17843120,17845264
object_gi_glasses,23019520,23024000,17845264,17847328
object_gi_liquid,23027712,23034064,17847328,17850032
object_ani,23035904,23066368,17850032,17865808
object_demo_6k,23068672,23083936,17865808,17875568
object_gi_shield_3,23085056,23089856,17875568,17877440
object_gi_letter,23093248,23096832,17877440,17879776
object_spot15_obj,23097344,23104768,17879776,17883712
object_jya_obj,23105536,23220544,17883712,17938704
object_gi_clothes,23224320,23230560,17938704,17942368
object_gi_bean,23232512,23234752,17942368,17943872
object_gi_fish,23236608,23238992,17943872,17945344
object_gi_saw,23240704,23243648,17945344,17947120
object_gi_hammer,23244800,23248064,17947120,17948832
object_gi_grass,23248896,23251984,17948832,17950832
object_gi_longsword,23252992,23255232,17950832,17952272
object_spot01_objects,23257088,23266448,17952272,17959152
object_md,23269376,23310672,17959152,17982432
object_km1,23314432,23337408,17982432,17992576
object_kw1,23339008,23365856,17992576,18004144
object_zo,23367680,23416896,18004144,18028672
object_kz,23420928,23455456,18028672,18043488
object_umajump,23457792,23463024,18043488,18046448
object_masterkokiri,23465984,23467200,18046448,18047584
object_masterkokirihead,23470080,23481504,18047584,18052832
object_mastergolon,23482368,23482640,18052832,18053056
object_masterzoora,23486464,23488416,18053056,18055152
object_aob,23490560,23512752,18055152,18063504
object_ik,23515136,23647696,18063504,18157504
object_ahg,23650304,23673264,18157504,18168832
object_cne,23674880,23685584,18168832,18173456
object_gi_niwatori,23687168,23693808,18173456,18177632
object_skj,23695360,23731760,18177632,18203120
object_gi_bottle_letter,23732224,23735424,18203120,18205104
object_bji,23736320,23753104,18205104,18212736
object_bba,23756800,23773840,18212736,18220112
object_gi_ocarina_0,23777280,23780368,18220112,18222128
object_ds,23781376,23799680,18222128,18232864
object_ane,23801856,23830448,18232864,18244656
object_boj,23830528,23854272,18244656,18256448
object_spot03_object,23855104,23860832,18256448,18259856
object_spot07_object,23863296,23891248,18259856,18278880
object_fz,23891968,23905488,18278880,18283504
object_bob,23908352,23928608,18283504,18291072
object_ge1,23928832,23970992,18291072,18310128
object_yabusame_point,23973888,23977552,18310128,18311600
object_gi_boots_2,23977984,23985088,18311600,18315312
object_gi_seed,23986176,23988928,18315312,18317168
object_gnd_magic,23990272,23995008,18317168,18321488
object_d_elevator,23998464,24003472,18321488,18326416
object_d_hsblock,24006656,24012640,18326416,18331200
object_d_lift,24014848,24020992,18331200,18337120
object_mamenoki,24023040,24032992,18337120,18345264
object_goroiwa,24035328,24041632,18345264,18348672
object_toryo,24043520,24072544,18348672,18362592
object_daiku,24076288,24111216,18362592,18382256
object_nwc,24113152,24116640,18382256,18384992
object_blkobj,24117248,24197264,18384992,18432736
object_gm,24199168,24199888,18432736,18433328
object_ms,24203264,24219088,18433328,18441680
object_hs,24219648,24244848,18441680,18454848
object_ingate,24248320,24252912,18454848,18456800
object_lightswitch,24256512,24265760,18456800,18462064
object_kusa,24268800,24269696,18462064,18462656
object_tsubo,24272896,24279536,18462656,18468336
object_gi_gloves,24281088,24287584,18468336,18471440
object_gi_coin,24289280,24291408,18471440,18472592
object_kanban,24293376,24299440,18472592,18474272
object_gjyo_objects,24301568,24307184,18474272,18477552
object_owl,24309760,24375488,18477552,18507872
object_mk,24379392,24403456,18507872,18519520
object_fu,24403968,24431776,18519520,18533968
object_gi_ki_tan_mask,24432640,24436208,18533968,18535968
object_gi_redead_mask,24436736,24439440,18535968,18537312
object_gi_skj_mask,24440832,24444128,18537312,18539264
object_gi_rabit_mask,24444928,24448768,18539264,18541296
object_gi_truth_mask,24449024,24455264,18541296,18544464
object_ganon_objects,24457216,24461680,18544464,18546832
object_siofuki,24465408,24468912,18546832,18548560
object_stream,24469504,24472192,18548560,18550016
object_mm,24473600,24506480,18550016,18568144
object_fa,24510464,24525712,18568144,18574224
object_os,24526848,24544880,18574224,18584368
object_gi_eye_lotion,24547328,24549744,18584368,18585712
object_gi_powder,24551424,24554368,18585712,18587456
object_gi_mushroom,24555520,24558800,18587456,18589056
object_gi_ticketstone,24559616,24564384,18589056,18592000
object_gi_brokensword,24567808,24570256,18592000,18593376
object_js,24571904,24596272,18593376,18605968
object_cs,24596480,24630608,18605968,18622576
object_gi_prescription,24633344,24636448,18622576,18623952
object_gi_bracelet,24637440,24640496,18623952,18625456
object_gi_soldout,24641536,24642768,18625456,18626112
object_gi_frog,24645632,24650000,18626112,18628544
object_mag,24653824,24788800,18628544,18670784
object_door_gerudo,24788992,24791456,18670784,18671936
object_gt,24793088,24872432,18671936,18719456
object_efc_erupc,24875008,24885488,18719456,18725520
object_zl2_anime1,24887296,24933904,18725520,18760864
object_zl2_anime2,24936448,24980192,18760864,18797936
object_gi_golonmask,24981504,24987568,18797936,18801888
object_gi_zoramask,24989696,24995376,18801888,18805248
object_gi_gerudomask,24997888,25003008,18805248,18808928
object_ganon2,25006080,25221104,18808928,18968176
object_ka,25223168,25249728,18968176,18977968
object_ts,25251840,25272304,18977968,18987776
object_zg,25272320,25276928,18987776,18988496
object_gi_hoverboots,25280512,25288304,18988496,18992896
object_gi_m_arrow,25288704,25292416,18992896,18994624
object_ds2,25292800,25309808,18994624,19003136
object_ec,25313280,25364784,19003136,19047760
object_fish,25366528,25454064,19047760,19092560
object_gi_sutaru,25456640,25458256,19092560,19093472
object_gi_goddess,25460736,25463888,19093472,19094880
object_ssh,25464832,25488384,19094880,19107392
object_bigokuta,25489408,25517008,19107392,19122880
object_bg,25518080,25547456,19122880,19138064
object_spot05_objects,25550848,25555696,19138064,19141568
object_spot12_obj,25559040,25568192,19141568,19146432
object_bombiwa,25571328,25574144,19146432,19149152
object_hintnuts,25575424,25588032,19149152,19157872
object_rs,25591808,25610368,19157872,19167408
object_spot00_break,25612288,25620000,19167408,19173040
object_gla,25620480,25661168,19173040,19197696
object_shopnuts,25661440,25679248,19197696,19209088
object_geldb,25681920,25728752,19209088,19238304
object_gr,25731072,25771152,19238304,19251248
object_dog,25772032,25801376,19251248,19266112
object_jya_iron,25804800,25814624,19266112,19269936
object_jya_door,25817088,25825920,19269936,19273632
object_spot01_objects2,25829376,25829392,19273632,19273664
object_spot11_obj,25833472,25840272,19273664,19278864
object_kibako2,25841664,25845952,19278864,19282528
object_dns,25849856,25864144,19282528,19291904
object_dnk,25866240,25878064,19291904,19299312
object_gi_fire,25878528,25882592,19299312,19301840
object_gi_insect,25882624,25885680,19301840,19303696
object_gi_butterfly,25886720,25889744,19303696,19305536
object_gi_ghost,25890816,25894320,19305536,19307984
object_gi_soul,25894912,25898928,19307984,19310064
object_bowl,25899008,25912560,19310064,19315424
object_po_field,25915392,25942592,19315424,19332176
object_demo_kekkai,25944064,26004752,19332176,19367744
object_efc_doughnut,26005504,26009680,19367744,19370000
object_gi_dekupouch,26013696,26017872,19370000,19372640
object_ganon_anime1,26021888,26070080,19372640,19421184
object_ganon_anime2,26071040,26137904,19421184,19477072
object_ganon_anime3,26140672,26224624,19477072,19547552
object_gi_rupy,26226688,26228736,19547552,19548608
object_spot01_matoya,26230784,26246288,19548608,19559856
object_spot01_matoyab,26247168,26255840,19559856,19565280
object_po_composer,26259456,26288032,19565280,19582368
object_mu,26288128,26332752,19582368,19605696
object_wf,26333184,26375424,19605696,19630544
object_skb,26378240,26396688,19630544,19643968
object_gj,26398720,26441504,19643968,19677376
object_geff,26443776,26447792,19677376,19680768
object_haka_door,26447872,26462576,19680768,19687440
object_gs,26464256,26466944,19687440,19690240
object_ps,26468352,26519808,19690240,19715872
object_bwall,26521600,26526032,19715872,19718912
object_crow,26529792,26534096,19718912,19720880
object_cow,26537984,26558128,19720880,19731472
object_cob,26558464,26567184,19731472,19734800
object_gi_sword_1,26570752,26574112,19734800,19736640
object_door_killer,26574848,26581984,19736640,19738560
object_ouke_haka,26583040,26585456,19738560,19740944
object_timeblock,26587136,26590048,19740944,19743648
object_zl4,26591232,26709536,19743648,19822688
g_pn_01,26710016,26716928,19822688,19825008
g_pn_02,26718208,26725120,19825008,19827424
g_pn_03,26726400,26733312,19827424,19829536
g_pn_04,26734592,26741504,19829536,19831840
g_pn_05,26742784,26749696,19831840,19834160
g_pn_06,26750976,26757888,19834160,19837072
g_pn_07,26759168,26766080,19837072,19840512
g_pn_08,26767360,26774272,19840512,19843392
g_pn_09,26775552,26782464,19843392,19846352
g_pn_10,26783744,26790656,19846352,19848320
g_pn_11,26791936,26798848,19848320,19851456
g_pn_12,26800128,26807040,19851456,19853920
g_pn_13,26808320,26815232,19853920,19856720
g_pn_14,26816512,26823424,19856720,19859200
g_pn_15,26824704,26831616,19859200,19861568
g_pn_16,26832896,26839808,19861568,19863776
g_pn_17,26841088,26848000,19863776,19865296
g_pn_18,26849280,26856192,19865296,19867232
g_pn_19,26857472,26864384,19867232,19869472
g_pn_20,26865664,26872576,19869472,19871680
g_pn_21,26873856,26880768,19871680,19873840
g_pn_22,26882048,26888960,19873840,19876368
g_pn_23,26890240,26897152,19876368,19878160
g_pn_24,26898432,26905344,19878160,19880096
g_pn_25,26906624,26913536,19880096,19882656
g_pn_26,26914816,26921728,19882656,19885696
g_pn_27,26923008,26929920,19885696,19887904
g_pn_28,26931200,26938112,19887904,19890176
g_pn_29,26939392,26946304,19890176,19891808
g_pn_30,26947584,26954496,19891808,19893680
g_pn_31,26955776,26962688,19893680,19895904
g_pn_32,26963968,26970880,19895904,19898064
g_pn_33,26972160,26979072,19898064,19900192
g_pn_34,26980352,26987264,19900192,19902416
g_pn_35,26988544,26995456,19902416,19904784
g_pn_36,26996736,27003648,19904784,19906928
g_pn_37,27004928,27011840,19906928,19909600
g_pn_38,27013120,27020032,19909600,19911936
g_pn_39,27021312,27028224,19911936,19914896
g_pn_40,27029504,27036416,19914896,19917888
g_pn_41,27037696,27044608,19917888,19919968
g_pn_42,27045888,27052800,19919968,19922256
g_pn_43,27054080,27060992,19922256,19924656
g_pn_44,27062272,27069184,19924656,19927232
g_pn_45,27070464,27077376,19927232,19929568
g_pn_46,27078656,27085568,19929568,19931472
g_pn_47,27086848,27093760,19931472,19934528
g_pn_48,27095040,27101952,19934528,19936080
g_pn_49,27103232,27110144,19936080,19938832
g_pn_50,27111424,27118336,19938832,19941360
g_pn_51,27119616,27126528,19941360,19943616
g_pn_52,27127808,27134720,19943616,19946224
g_pn_53,27136000,27142912,19946224,19948752
g_pn_54,27144192,27151104,19948752,19951056
g_pn_55,27152384,27159296,19951056,19953680
g_pn_56,27160576,27167488,19953680,19956064
g_pn_57,27168768,27175680,19956064,19956576
z_select_static,27176960,27185664,19956576,19958608
nintendo_rogo_static,27189248,27200960,19958608,19964608
title_static,27201536,27436480,19964608,20098880
parameter_static,27439104,27454208,20098880,20103168
vr_fine0_static,27455488,27504640,20103168,20114064
vr_fine0_pal_static,27504640,27504896,20114064,0
vr_fine1_static,27508736,27557888,20114320,20139328
vr_fine1_pal_static,27557888,27558144,20139328,0
vr_fine2_static,27561984,27611136,20139584,20159984
vr_fine2_pal_static,27611136,27611392,20159984,0
vr_fine3_static,27615232,27664384,20160240,20175840
vr_fine3_pal_static,27664384,27664640,20175840,0
vr_cloud0_static,27668480,27717632,20176096,20203712
vr_cloud0_pal_static,27717632,27717888,20203712,0
vr_cloud1_static,27721728,27770880,20203968,20232448
vr_cloud1_pal_static,27770880,27771136,20232448,0
vr_cloud2_static,27774976,27824128,20232704,20262208
vr_cloud2_pal_static,27824128,27824384,20262208,0
vr_cloud3_static,27828224,27877376,20262464,20282576
vr_cloud3_pal_static,27877376,27877632,20282576,0
vr_holy0_static,27881472,27947008,20282832,20309728
vr_holy0_pal_static,27947008,27947264,20309728,0
vr_holy1_static,27951104,28016640,20309984,20336800
vr_holy1_pal_static,28016640,28016896,20336800,0
vr_MDVR_static,28020736,28282880,20337056,20520416
vr_MDVR_pal_static,28282880,28284928,20520416,0
vr_MNVR_static,28286976,28549120,20522464,20678384
vr_MNVR_pal_static,28549120,28551168,20678384,0
vr_RUVR_static,28553216,28815360,20680432,20899664
vr_RUVR_pal_static,28815360,28817408,20899664,0
vr_LHVR_static,28819456,29081600,20901712,21151664
vr_LHVR_pal_static,29081600,29083648,21151664,0
vr_KHVR_static,29085696,29347840,21153712,21390928
vr_KHVR_pal_static,29347840,29349888,21390928,0
vr_K3VR_static,29351936,29548544,21392976,21567888
vr_K3VR_pal_static,29548544,29550080,21567888,0
vr_K4VR_static,29552640,29749248,21569424,21752592
vr_K4VR_pal_static,29749248,29750784,21752592,0
vr_K5VR_static,29753344,29949952,21754128,21928960
vr_K5VR_pal_static,29949952,29951488,21928960,0
vr_SP1a_static,29954048,30085120,21930496,21990624
vr_SP1a_pal_static,30085120,30086144,21990624,0
vr_MLVR_static,30089216,30351360,21991648,22225200
vr_MLVR_pal_static,30351360,30353408,22225200,0
vr_KKRVR_static,30355456,30617600,22227248,22371392
vr_KKRVR_pal_static,30617600,30619648,22371392,0
vr_KR3VR_static,30621696,30818304,22373440,22486160
vr_KR3VR_pal_static,30818304,30819840,22486160,0
vr_IPVR_static,30822400,31084544,22487696,22629168
vr_IPVR_pal_static,31084544,31086592,22629168,0
vr_KSVR_static,31088640,31219712,22631216,22729792
vr_KSVR_pal_static,31219712,31220736,22729792,0
vr_GLVR_static,31223808,31354880,22730816,22846208
vr_GLVR_pal_static,31354880,31355904,22846208,0
vr_ZRVR_static,31358976,31490048,22847232,22945040
vr_ZRVR_pal_static,31490048,31491072,22945040,0
vr_DGVR_static,31494144,31625216,22946064,23029744
vr_DGVR_pal_static,31625216,31626240,23029744,0
vr_ALVR_static,31629312,31760384,23030768,23129472
vr_ALVR_pal_static,31760384,31761408,23129472,0
vr_NSVR_static,31764480,31895552,23130496,23218320
vr_NSVR_pal_static,31895552,31896576,23218320,0
vr_LBVR_static,31899648,32161792,23219344,23398048
vr_LBVR_pal_static,32161792,32163840,23398048,0
vr_TTVR_static,32165888,32362496,23400096,23534608
vr_TTVR_pal_static,32362496,32364032,23534608,0
vr_FCVR_static,32366592,32497664,23536144,23611168
vr_FCVR_pal_static,32497664,32498688,23611168,0
elf_message_field,32501760,32501872,23612192,23612336
elf_message_ydan,32505856,32505872,23612336,23612368
ydan_scene,32509952,32565792,23612368,23645824
ydan_room_0,32567296,32654160,23645824,23699456
ydan_room_1,32657408,32674304,23699456,23713200
ydan_room_2,32677888,32702256,23713200,23730896
ydan_room_3,32702464,32784816,23730896,23786832
ydan_room_4,32788480,32807984,23786832,23801200
ydan_room_5,32808960,32842640,23801200,23824944
ydan_room_6,32845824,32866048,23824944,23840528
ydan_room_7,32866304,32901792,23840528,23869328
ydan_room_8,32903168,32906640,23869328,23871600
ydan_room_9,32907264,32946336,23871600,23903056
ydan_room_10,32948224,32968192,23903056,23916656
ydan_room_11,32968704,32997744,23916656,23934304
ddan_scene,33001472,33087808,23934304,23985392
ddan_room_0,33091584,33204384,23985392,24039776
ddan_room_1,33206272,33246064,24039776,24061568
ddan_room_2,33247232,33279680,24061568,24080016
ddan_room_3,33280000,33336944,24080016,24110096
ddan_room_4,33337344,33376608,24110096,24129904
ddan_room_5,33378304,33402560,24129904,24143248
ddan_room_6,33402880,33412272,24143248,24149520
ddan_room_7,33415168,33445632,24149520,24164592
ddan_room_8,33447936,33486240,24164592,24188752
ddan_room_9,33488896,33535280,24188752,24214336
ddan_room_10,33538048,33570576,24214336,24234288
ddan_room_11,33570816,33579056,24234288,24239536
ddan_room_12,33583104,33617792,24239536,24260208
ddan_room_13,33619968,33629392,24260208,24266512
ddan_room_14,33632256,33641680,24266512,24272768
ddan_room_15,33644544,33655088,24272768,24279888
ddan_room_16,33656832,33678688,24279888,24295856
bdan_scene,33681408,33769440,24295856,24352592
bdan_room_0,33771520,33788224,24352592,24361632
bdan_room_1,33792000,33816512,24361632,24371456
bdan_room_2,33816576,33854016,24371456,24392880
bdan_room_3,33857536,33886816,24392880,24411920
bdan_room_4,33890304,33906944,24411920,24420080
bdan_room_5,33910784,33935504,24420080,24435824
bdan_room_6,33939456,33956416,24435824,24443120
bdan_room_7,33959936,33973456,24443120,24450464
bdan_room_8,33976320,33990720,24450464,24455472
bdan_room_9,33992704,34008112,24455472,24461568
bdan_room_10,34009088,34023456,24461568,24466496
bdan_room_11,34025472,34040304,24466496,24471792
bdan_room_12,34041856,34057440,24471792,24478032
bdan_room_13,34058240,34069376,24478032,24486464
bdan_room_14,34070528,34095568,24486464,24501088
bdan_room_15,34099200,34109152,24501088,24504784
Bmori1_scene,34111488,34201488,24504784,24557616
Bmori1_room_0,34201600,34257808,24557616,24592576
Bmori1_room_1,34258944,34282352,24592576,24604448
Bmori1_room_2,34283520,34347392,24604448,24634864
Bmori1_room_3,34349056,34363872,24634864,24641984
Bmori1_room_4,34365440,34378432,24641984,24646944
Bmori1_room_5,34381824,34395600,24646944,24653952
Bmori1_room_6,34398208,34436144,24653952,24668944
Bmori1_room_7,34439168,34516960,24668944,24708160
Bmori1_room_8,34516992,34613936,24708160,24755440
Bmori1_room_9,34615296,34656608,24755440,24775072
Bmori1_room_10,34660352,34681824,24775072,24788624
Bmori1_room_11,34684928,34728928,24788624,24806256
Bmori1_room_12,34729984,34763744,24806256,24824096
Bmori1_room_13,34766848,34802352,24824096,24842208
Bmori1_room_14,34803712,34827120,24842208,24854048
Bmori1_room_15,34828288,34838240,24854048,24860560
Bmori1_room_16,34840576,34860960,24860560,24870096
Bmori1_room_17,34861056,34898160,24870096,24885712
Bmori1_room_18,34902016,34906928,24885712,24888368
Bmori1_room_19,34910208,34911488,24888368,24889152
Bmori1_room_20,34914304,34919168,24889152,24892640
Bmori1_room_21,34922496,34928496,24892640,24895760
Bmori1_room_22,34930688,34938336,24895760,24899168
HIDAN_scene,34938880,35047376,24899168,24962464
HIDAN_room_0,35049472,35078896,24962464,24976080
HIDAN_room_1,35082240,35133744,24976080,25001424
HIDAN_room_2,35135488,35201072,25001424,25030000
HIDAN_room_3,35205120,35214544,25030000,25035072
HIDAN_room_4,35217408,35248368,25035072,25049632
HIDAN_room_5,35250176,35291872,25049632,25066416
HIDAN_room_6,35295232,35323792,25066416,25081296
HIDAN_room_7,35323904,35338832,25081296,25088816
HIDAN_room_8,35340288,35379936,25088816,25109152
HIDAN_room_9,35381248,35415920,25109152,25124448
HIDAN_room_10,35418112,35517472,25124448,25165248
HIDAN_room_11,35520512,35534816,25165248,25172336
HIDAN_room_12,35536896,35548016,25172336,25177200
HIDAN_room_13,35549184,35601296,25177200,25197392
HIDAN_room_14,35602432,35611136,25197392,25202016
HIDAN_room_15,35614720,35619216,25202016,25204448
HIDAN_room_16,35622912,35670496,25204448,25228784
HIDAN_room_17,35672064,35709296,25228784,25245040
HIDAN_room_18,35713024,35728384,25245040,25253264
HIDAN_room_19,35729408,35746352,25253264,25261760
HIDAN_room_20,35749888,35777808,25261760,25276000
HIDAN_room_21,35778560,35812480,25276000,25294464
HIDAN_room_22,35815424,35842800,25294464,25308416
HIDAN_room_23,35844096,35872032,25308416,25322720
HIDAN_room_24,35872768,35894592,25322720,25332944
HIDAN_room_25,35897344,35924704,25332944,25347424
HIDAN_room_26,35926016,35952800,25347424,25359024
MIZUsin_scene,35954688,36043824,25359024,25407248
MIZUsin_room_0,36044800,36133936,25407248,25452384
MIZUsin_room_1,36134912,36176336,25452384,25472560
MIZUsin_room_2,36179968,36203664,25472560,25486144
MIZUsin_room_3,36204544,36231104,25486144,25500560
MIZUsin_room_4,36233216,36257824,25500560,25514864
MIZUsin_room_5,36261888,36304448,25514864,25540704
MIZUsin_room_6,36306944,36352768,25540704,25566832
MIZUsin_room_7,36356096,36377952,25566832,25579120
MIZUsin_room_8,36380672,36437376,25579120,25612752
MIZUsin_room_9,36438016,36470960,25612752,25630960
MIZUsin_room_10,36474880,36499568,25630960,25643696
MIZUsin_room_11,36503552,36522528,25643696,25654496
MIZUsin_room_12,36524032,36552240,25654496,25668736
MIZUsin_room_13,36552704,36555264,25668736,25670160
MIZUsin_room_14,36556800,36585088,25670160,25685136
MIZUsin_room_15,36585472,36615280,25685136,25702704
MIZUsin_room_16,36618240,36633392,25702704,25712400
MIZUsin_room_17,36634624,36670128,25712400,25729872
MIZUsin_room_18,36671488,36688128,25729872,25740000
MIZUsin_room_19,36691968,36706608,25740000,25749792
MIZUsin_room_20,36708352,36735040,25749792,25765696
MIZUsin_room_21,36737024,36766880,25765696,25782032
MIZUsin_room_22,36769792,36806896,25782032,25801568
jyasinzou_scene,36810752,36916000,25801568,25866304
jyasinzou_room_0,36917248,36986864,25866304,25901920
jyasinzou_room_1,36986880,37024592,25901920,25920496
jyasinzou_room_2,37027840,37051312,25920496,25931136
jyasinzou_room_3,37052416,37067728,25931136,25940512
jyasinzou_room_4,37068800,37098112,25940512,25957600
jyasinzou_room_5,37101568,37199888,25957600,26007280
jyasinzou_room_6,37203968,37222384,26007280,26015440
jyasinzou_room_7,37224448,37246224,26015440,26025344
jyasinzou_room_8,37249024,37281968,26025344,26041152
jyasinzou_room_9,37285888,37309904,26041152,26051872
jyasinzou_room_10,37310464,37343648,26051872,26067216
jyasinzou_room_11,37347328,37351440,26067216,26069856
jyasinzou_room_12,37355520,37363936,26069856,26075072
jyasinzou_room_13,37367808,37390512,26075072,26089024
jyasinzou_room_14,37392384,37412000,26089024,26098736
jyasinzou_room_15,37412864,37446816,26098736,26114496
jyasinzou_room_16,37449728,37474752,26114496,26126000
jyasinzou_room_17,37478400,37516880,26126000,26142720
jyasinzou_room_18,37519360,37543136,26142720,26154688
jyasinzou_room_19,37543936,37567952,26154688,26165408
jyasinzou_room_20,37568512,37601728,26165408,26180752
jyasinzou_room_21,37605376,37623392,26180752,26190192
jyasinzou_room_22,37625856,37638256,26190192,26197312
jyasinzou_room_23,37642240,37679632,26197312,26216400
jyasinzou_room_24,37683200,37709008,26216400,26228240
jyasinzou_room_25,37711872,37800864,26228240,26274384
jyasinzou_room_26,37801984,37853952,26274384,26302432
jyasinzou_room_27,37855232,37877520,26302432,26310240
jyasinzou_room_28,37879808,37915184,26310240,26328080
HAKAdan_scene,37916672,38015936,26328080,26386432
HAKAdan_room_0,38019072,38064464,26386432,26401824
HAKAdan_room_1,38068224,38075120,26401824,26405568
HAKAdan_room_2,38076416,38119904,26405568,26428080
HAKAdan_room_3,38121472,38132096,26428080,26434864
HAKAdan_room_4,38133760,38141024,26434864,26438704
HAKAdan_room_5,38141952,38165184,26438704,26450480
HAKAdan_room_6,38166528,38196720,26450480,26464432
HAKAdan_room_7,38199296,38206176,26464432,26468128
HAKAdan_room_8,38207488,38228128,26468128,26478064
HAKAdan_room_9,38232064,38284432,26478064,26503104
HAKAdan_room_10,38285312,38316016,26503104,26518512
HAKAdan_room_11,38318080,38334048,26518512,26527936
HAKAdan_room_12,38334464,38356816,26527936,26539312
HAKAdan_room_13,38359040,38363168,26539312,26542288
HAKAdan_room_14,38367232,38390016,26542288,26554080
HAKAdan_room_15,38391808,38421184,26554080,26566592
HAKAdan_room_16,38424576,38435120,26566592,26572144
HAKAdan_room_17,38436864,38448608,26572144,26578864
HAKAdan_room_18,38449152,38503184,26578864,26597872
HAKAdan_room_19,38506496,38518144,26597872,26604832
HAKAdan_room_20,38518784,38526528,26604832,26608912
HAKAdan_room_21,38526976,38573488,26608912,26633184
HAKAdan_room_22,38576128,38586800,26633184,26640048
HAKAdanCH_scene,38588416,38638992,26640048,26670896
HAKAdanCH_room_0,38641664,38729504,26670896,26713488
HAKAdanCH_room_1,38731776,38777136,26713488,26732240
HAKAdanCH_room_2,38780928,38793568,26732240,26737472
HAKAdanCH_room_3,38797312,38804672,26737472,26741104
HAKAdanCH_room_4,38805504,38814880,26741104,26746864
HAKAdanCH_room_5,38817792,38828432,26746864,26753136
HAKAdanCH_room_6,38830080,38842016,26753136,26762128
ice_doukutu_scene,38842368,38913728,26762128,26819552
ice_doukutu_room_0,38916096,38950528,26819552,26847056
ice_doukutu_room_1,38952960,39003440,26847056,26883136
ice_doukutu_room_2,39006208,39029504,26883136,26901248
ice_doukutu_room_3,39030784,39063696,26901248,26924128
ice_doukutu_room_4,39067648,39097936,26924128,26946688
ice_doukutu_room_5,39100416,39135360,26946688,26970224
ice_doukutu_room_6,39137280,39154096,26970224,26982224
ice_doukutu_room_7,39157760,39180528,26982224,26995360
ice_doukutu_room_8,39182336,39188768,26995360,26999088
ice_doukutu_room_9,39190528,39224976,26999088,27020448
ice_doukutu_room_10,39227392,39244768,27020448,27034352
ice_doukutu_room_11,39247872,39270480,27034352,27049632
men_scene,39272448,39343296,27049632,27096016
men_room_0,39346176,39411600,27096016,27133328
men_room_1,39411712,39449200,27133328,27155520
men_room_2,39452672,39473232,27155520,27166128
men_room_3,39477248,39509072,27166128,27185680
men_room_4,39510016,39551456,27185680,27213120
men_room_5,39555072,39575584,27213120,27227184
men_room_6,39579648,39612288,27227184,27247520
men_room_7,39612416,39645888,27247520,27269216
men_room_8,39649280,39682608,27269216,27283136
men_room_9,39686144,39700592,27283136,27291584
men_room_10,39702528,39726160,27291584,27307056
ganontika_scene,39727104,39864272,27307056,27391648
ganontika_room_0,39866368,39903760,27391648,27404592
ganontika_room_1,39907328,40024528,27404592,27457072
ganontika_room_2,40026112,40056800,27457072,27472944
ganontika_room_3,40058880,40098368,27472944,27493728
ganontika_room_4,40099840,40131728,27493728,27508832
ganontika_room_5,40132608,40162592,27508832,27522928
ganontika_room_6,40165376,40229984,27522928,27545392
ganontika_room_7,40230912,40262800,27545392,27561008
ganontika_room_8,40263680,40300576,27561008,27576384
ganontika_room_9,40304640,40351776,27576384,27591696
ganontika_room_10,40353792,40381376,27591696,27604160
ganontika_room_11,40382464,40409424,27604160,27616352
ganontika_room_12,40411136,40456816,27616352,27636176
ganontika_room_13,40460288,40492352,27636176,27651968
ganontika_room_14,40493056,40534480,27651968,27668528
ganontika_room_15,40538112,40570176,27668528,27684320
ganontika_room_16,40570880,40582704,27684320,27688832
ganontika_room_17,40583168,40617504,27688832,27700800
ganontika_room_18,40620032,40670944,27700800,27720064
ganontika_room_19,40673280,40705344,27720064,27735840
spot00_scene,40706048,40878624,27735840,27843024
spot00_room_0,40882176,40968752,27843024,27879968
spot01_scene,40972288,41087312,27879968,27957664
spot01_room_0,41091072,41131744,27957664,27975824
spot02_scene,41132032,41180288,27975824,28005616
spot02_room_0,41181184,41191136,28005616,28009184
spot02_room_1,41193472,41316240,28009184,28083808
spot03_scene,41316352,41362784,28083808,28117696
spot03_room_0,41365504,41421184,28117696,28147040
spot03_room_1,41422848,41452800,28147040,28164336
spot04_scene,41455616,41525824,28164336,28209648
spot04_room_0,41529344,41641104,28209648,28274416
spot04_room_1,41644032,41678208,28274416,28294704
spot04_room_2,41680896,41701488,28294704,28307216
spot05_scene,41705472,41790816,28307216,28363520
spot05_room_0,41791488,41832192,28363520,28379872
spot06_scene,41832448,41944112,28379872,28457408
spot06_room_0,41947136,41989664,28457408,28477504
spot07_scene,41992192,42031136,28477504,28507408
spot07_room_0,42033152,42058480,28507408,28518432
spot07_room_1,42061824,42113440,28518432,28544928
spot08_scene,42115072,42186400,28544928,28598816
spot08_room_0,42188800,42221920,28598816,28614512
spot09_scene,42225664,42295648,28614512,28660800
spot09_room_0,42299392,42334144,28660800,28676224
spot10_scene,42336256,42402864,28676224,28719920
spot10_room_0,42405888,42415600,28719920,28723600
spot10_room_1,42418176,42452016,28723600,28742288
spot10_room_2,42455040,42474480,28742288,28752144
spot10_room_3,42475520,42498736,28752144,28764768
spot10_room_4,42500096,42509520,28764768,28768192
spot10_room_5,42512384,42541040,28768192,28781792
spot10_room_6,42541056,42556144,28781792,28791040
spot10_room_7,42557440,42567104,28791040,28794544
spot10_room_8,42569728,42579568,28794544,28798112
spot10_room_9,42582016,42597344,28798112,28806672
spot11_scene,42598400,42702048,28806672,28879504
spot11_room_0,42704896,42756032,28879504,28906656
spot12_scene,42758144,42823296,28906656,28947840
spot12_room_0,42823680,42894784,28947840,28985616
spot12_room_1,42897408,42946720,28985616,29013248
spot13_scene,42950656,42974768,29013248,29029680
spot13_room_0,42975232,42977552,29029680,29031024
spot13_room_1,42979328,43055680,29031024,29076992
spot15_scene,43057152,43156736,29076992,29144672
spot15_room_0,43159552,43213248,29144672,29168240
spot16_scene,43216896,43342480,29168240,29258992
spot16_room_0,43343872,43388176,29258992,29281184
spot17_scene,43388928,43454176,29281184,29325920
spot17_room_0,43454464,43481216,29325920,29339824
spot17_room_1,43483136,43557728,29339824,29375712
spot18_scene,43560960,43603024,29375712,29402832
spot18_room_0,43606016,43681744,29402832,29445744
spot18_room_1,43683840,43708928,29445744,29461744
spot18_room_2,43712512,43784624,29461744,29503184
spot18_room_3,43786240,43908336,29503184,29568912
market_day_scene,43909120,43918960,29568912,29574336
market_day_room_0,43921408,43944048,29574336,29580080
market_night_scene,43945984,43955760,29580080,29585392
market_night_room_0,43958272,43980704,29585392,29590992
kenjyanoma_scene,43982848,43997424,29590992,29596880
kenjyanoma_room_0,43999232,44077328,29596880,29635888
tokinoma_scene,44081152,44156832,29635888,29668496
tokinoma_room_0,44158976,44253664,29668496,29700624
tokinoma_room_1,44257280,44286160,29700624,29712160
link_home_scene,44290048,44297056,29712160,29715344
link_home_room_0,44298240,44461184,29715344,29745552
kokiri_shop_scene,44462080,44464512,29745552,29747024
kokiri_shop_room_0,44466176,44666000,29747024,29778784
kokiri_home_scene,44666880,44670144,29778784,29780688
kokiri_home_room_0,44670976,44850224,29780688,29815344
kakusiana_scene,44851200,44906528,29815344,29856496
kakusiana_room_0,44908544,44937888,29856496,29874960
kakusiana_room_1,44941312,44962192,29874960,29889504
kakusiana_room_2,44965888,44976320,29889504,29896160
kakusiana_room_3,44978176,44998960,29896160,29910720
kakusiana_room_4,45002752,45033824,29910720,29933168
kakusiana_room_5,45035520,45053664,29933168,29948208
kakusiana_room_6,45056000,45079152,29948208,29962448
kakusiana_room_7,45080576,45096912,29962448,29974112
kakusiana_room_8,45096960,45110832,29974112,29982096
kakusiana_room_9,45113344,45136592,29982096,29996384
kakusiana_room_10,45137920,45161008,29996384,30015920
kakusiana_room_11,45162496,45196976,30015920,30037264
kakusiana_room_12,45199360,45231696,30037264,30057616
kakusiana_room_13,45232128,45260496,30057616,30078688
entra_scene,45260800,45261792,30078688,30079312
entra_room_0,45264896,45419376,30079312,30109392
moribossroom_scene,45420544,45426944,30109392,30114560
moribossroom_room_0,45428736,45452992,30114560,30129520
moribossroom_room_1,45453312,45509296,30129520,30157616
syatekijyou_scene,45510656,45560512,30157616,30187584
syatekijyou_room_0,45563904,45594352,30187584,30197456
shop1_scene,45596672,45597424,30197456,30197920
shop1_room_0,45600768,45770672,30197920,30220288
hairal_niwa_scene,45772800,45843344,30220288,30265232
hairal_niwa_room_0,45846528,45889760,30265232,30281568
ganon_tou_scene,45891584,45910896,30281568,30295600
ganon_tou_room_0,45912064,45992688,30295600,30345280
market_alley_scene,45993984,45998672,30345280,30347712
market_alley_room_0,46002176,46483200,30347712,30417200
spot20_scene,46485504,46558656,30417200,30462176
spot20_room_0,46559232,46585552,30462176,30472464
market_ruins_scene,46587904,46593584,30472464,30475616
market_ruins_room_0,46596096,46606368,30475616,30478128
entra_n_scene,46608384,46609456,30478128,30478784
entra_n_room_0,46612480,46766960,30478784,30499296
enrui_scene,46768128,46769120,30499296,30499920
enrui_room_0,46772224,46926688,30499920,30526000
market_alley_n_scene,46927872,46932720,30526000,30528544
market_alley_n_room_0,46936064,47417072,30528544,30580800
hiral_demo_scene,47419392,47435088,30580800,30586736
hiral_demo_room_0,47435776,47437376,30586736,30587184
kokiri_home3_scene,47439872,47445920,30587184,30590576
kokiri_home3_room_0,47448064,47670800,30590576,30635104
malon_stable_scene,47673344,47674992,30635104,30636032
malon_stable_room_0,47677440,47866448,30636032,30666384
kakariko_scene,47869952,47873696,30666384,30668608
kakariko_room_0,47874048,48050112,30668608,30691248
bdan_boss_scene,48050176,48053824,30691248,30693632
bdan_boss_room_0,48054272,48066592,30693632,30701248
bdan_boss_room_1,48070656,48091328,30701248,30712096
FIRE_bs_scene,48095232,48114688,30712096,30724512
FIRE_bs_room_0,48115712,48132720,30724512,30734160
FIRE_bs_room_1,48136192,48164832,30734160,30749312
hut_scene,48164864,48166160,30749312,30750080
hut_room_0,48168960,48338336,30750080,30771120
daiyousei_izumi_scene,48340992,48398336,30771120,30798880
daiyousei_izumi_room_0,48398336,48412944,30798880,30804800
hakaana_scene,48414720,48417424,30804800,30806384
hakaana_room_0,48418816,48449744,30806384,30823984
yousei_izumi_tate_scene,48451584,48486416,30823984,30847664
yousei_izumi_tate_room_0,48488448,48505552,30847664,30854704
yousei_izumi_yoko_scene,48508928,48561568,30854704,30878736
yousei_izumi_yoko_room_0,48562176,48578576,30878736,30885616
golon_scene,48582656,48583584,30885616,30886208
golon_room_0,48586752,48742864,30886208,30905024
zoora_scene,48746496,48747408,30905024,30905616
zoora_room_0,48750592,48906720,30905616,30926704
drag_scene,48910336,48911344,30926704,30927328
drag_room_0,48914432,49094240,30927328,30952816
alley_shop_scene,49094656,49096112,30952816,30953712
alley_shop_room_0,49098752,49257520,30953712,30973344
night_shop_scene,49258496,49260144,30973344,30974416
night_shop_room_0,49262592,49428832,30974416,30996016
impa_scene,49430528,49433872,30996016,30997888
impa_room_0,49434624,49594272,30997888,31016368
labo_scene,49594368,49598192,31016368,31018464
labo_room_0,49598464,49780464,31018464,31046864
tent_scene,49782784,49784448,31046864,31047856
tent_room_0,49786880,49997472,31047856,31085360
nakaniwa_scene,49999872,50014752,31085360,31091776
nakaniwa_room_0,50016256,50114240,31091776,31149584
ddan_boss_scene,50114560,50124896,31149584,31158512
ddan_boss_room_0,50126848,50146864,31158512,31167760
ddan_boss_room_1,50147328,50163168,31167760,31178192
ydan_boss_scene,50163712,50169664,31178192,31183120
ydan_boss_room_0,50171904,50200560,31183120,31207312
ydan_boss_room_1,50200576,50227184,31207312,31223104
HAKAdan_bs_scene,50229248,50239360,31223104,31230368
HAKAdan_bs_room_0,50241536,50252256,31230368,31234656
HAKAdan_bs_room_1,50253824,50278224,31234656,31249536
MIZUsin_bs_scene,50278400,50285152,31249536,31253184
MIZUsin_bs_room_0,50286592,50304112,31253184,31264592
MIZUsin_bs_room_1,50307072,50352880,31264592,31288208
ganon_scene,50356224,50423728,31288208,31328656
ganon_room_0,50425856,50458320,31328656,31342320
ganon_room_1,50458624,50489200,31342320,31353312
ganon_room_2,50491392,50522192,31353312,31366528
ganon_room_3,50524160,50554672,31366528,31378224
ganon_room_4,50556928,50594000,31378224,31396192
ganon_room_5,50597888,50633488,31396192,31412160
ganon_room_6,50634752,50674592,31412160,31429776
ganon_room_7,50675712,50718624,31429776,31447744
ganon_room_8,50720768,50748384,31447744,31460304
ganon_room_9,50749440,50772256,31460304,31475552
ganon_boss_scene,50774016,50805792,31475552,31499776
ganon_boss_room_0,50806784,50830976,31499776,31505776
jyasinboss_scene,50831360,50867440,31505776,31524096
jyasinboss_room_0,50868224,50872272,31524096,31526256
jyasinboss_room_1,50872320,50904640,31526256,31542176
jyasinboss_room_2,50905088,50920896,31542176,31548720
jyasinboss_room_3,50921472,50968320,31548720,31577632
kokiri_home4_scene,50970624,50977456,31577632,31581696
kokiri_home4_room_0,50978816,51210576,31581696,31633440
kokiri_home5_scene,51212288,51217424,31633440,31636448
kokiri_home5_room_0,51220480,51421024,31636448,31675088
ganon_final_scene,51421184,51495296,31675088,31728496
ganon_final_room_0,51499008,51551920,31728496,31749040
kakariko3_scene,51552256,51554368,31749040,31750272
kakariko3_room_0,51556352,51729792,31750272,31776912
hakasitarelay_scene,51732480,51790448,31776912,31814256
hakasitarelay_room_0,51793920,51823296,31814256,31832096
hakasitarelay_room_1,51826688,51853088,31832096,31847072
hakasitarelay_room_2,51855360,51889328,31847072,31865696
hakasitarelay_room_3,51892224,51928288,31865696,31888224
hakasitarelay_room_4,51929088,51946624,31888224,31901280
hakasitarelay_room_5,51949568,51967056,31901280,31913600
hakasitarelay_room_6,51970048,52001456,31913600,31933872
shrine_scene,52002816,52008160,31933872,31936768
shrine_room_0,52011008,52349680,31936768,31991968
turibori_scene,52350976,52426464,31991968,32044576
turibori_room_0,52428800,52455264,32044576,32056816
shrine_n_scene,52457472,52462848,32056816,32059728
shrine_n_room_0,52465664,52804368,32059728,32101744
shrine_r_scene,52805632,52810896,32101744,32104544
shrine_r_room_0,52813824,53152496,32104544,32147424
hakaana2_scene,53153792,53207184,32147424,32186272
hakaana2_room_0,53211136,53237776,32186272,32197120
gerudoway_scene,53239808,53295392,32197120,32228816
gerudoway_room_0,53297152,53316928,32228816,32238608
gerudoway_room_1,53317632,53346992,32238608,32252976
gerudoway_room_2,53350400,53366352,32252976,32259424
gerudoway_room_3,53366784,53412624,32259424,32280512
gerudoway_room_4,53415936,53430560,32280512,32286800
gerudoway_room_5,53432320,53452352,32286800,32294720
hairal_niwa_n_scene,53452800,53489904,32294720,32320352
hairal_niwa_n_room_0,53493760,53507616,32320352,32325344
bowling_scene,53510144,53570336,32325344,32359408
bowling_room_0,53571584,53596640,32359408,32369456
hakaana_ouke_scene,53600256,53619424,32369456,32381056
hakaana_ouke_room_0,53620736,53663744,32381056,32400480
hakaana_ouke_room_1,53665792,53684224,32400480,32410656
hakaana_ouke_room_2,53686272,53711120,32410656,32426768
hylia_labo_scene,53714944,53784720,32426768,32466400
hylia_labo_room_0,53788672,53818832,32466400,32477824
souko_scene,53821440,53849104,32477824,32493680
souko_room_0,53850112,53888320,32493680,32514416
souko_room_1,53891072,53933104,32514416,32536192
souko_room_2,53936128,53969280,32536192,32553632
miharigoya_scene,53972992,54023504,32553632,32583520
miharigoya_room_0,54026240,54042032,32583520,32589120
mahouya_scene,54042624,54086176,32589120,32617952
mahouya_room_0,54087680,54114960,32617952,32628464
takaraya_scene,54116352,54145456,32628464,32644304
takaraya_room_0,54149120,54189504,32644304,32666160
takaraya_room_1,54190080,54198272,32666160,32670048
takaraya_room_2,54198272,54206512,32670048,32673968
takaraya_room_3,54210560,54220832,32673968,32679520
takaraya_room_4,54222848,54235168,32679520,32686416
takaraya_room_5,54239232,54251520,32686416,32693264
takaraya_room_6,54251520,54262528,32693264,32699168
ganon_sonogo_scene,54263808,54296336,32699168,32717760
ganon_sonogo_room_0,54296576,54328960,32717760,32731776
ganon_sonogo_room_1,54329344,54361008,32731776,32745664
ganon_sonogo_room_2,54362112,54398112,32745664,32763920
ganon_sonogo_room_3,54398976,54421056,32763920,32773392
ganon_sonogo_room_4,54423552,54459632,32773392,32791056
ganon_demo_scene,54460416,54497392,32791056,32821040
ganon_demo_room_0,54501376,54518096,32821040,32830032
face_shop_scene,54521856,54522736,32830032,32830592
face_shop_room_0,54525952,54715968,32830592,32865152
kinsuta_scene,54718464,54724112,32865152,32868640
kinsuta_room_0,54726656,54784160,32868640,32908640
ganontikasonogo_scene,54788096,54807296,32908640,32919680
ganontikasonogo_room_0,54808576,54905728,32919680,32962816
ganontikasonogo_room_1,54906880,54947616,32962816,32979424
bump_texture_static,54947840,54948864,32979424,32980096
anime_model_1_static,54951936,54951952,32980096,32980128
anime_model_2_static,54956032,54956048,32980128,32980160
anime_model_3_static,54960128,54960144,32980160,32980192
anime_model_4_static,54964224,54964240,32980192,32980224
anime_model_5_static,54968320,54968336,32980224,32980256
anime_model_6_static,54972416,54972432,32980256,32980288
anime_texture_1_static,54976512,54976528,32980288,32980320
anime_texture_2_static,54980608,54980624,32980320,32980352
anime_texture_3_static,54984704,54984720,32980352,32980384
anime_texture_4_static,54988800,54988816,32980384,32980416
anime_texture_5_static,54992896,54992912,32980416,32980448
anime_texture_6_static,54996992,54997008,32980448,32980480
softsprite_matrix_static,55001088,55001152,32980480,32980512
