makerom,0,4192,0,0
boot,4192,110224,4192,0
dmadata,110224,135264,110224,0
Audiobank,135264,291920,135264,0
Audioseq,291920,624848,291920,0
Audiotable,624848,6164544,624848,0
kanji,6164544,6673216,6164544,0
link_animetion,6676480,9857024,6673216,0
icon_item_static_old,9859072,10473152,9859072,0
icon_item_24_static_old,10473472,10503936,10473472,0
icon_item_field_static,10506240,10590960,9853760,9895520
icon_item_dungeon_static,10592256,10611584,9895520,9900544
icon_item_gameover_static,10612736,10625792,9900544,9906432
icon_item_jpn_static,10629120,10660352,9906432,9919968
icon_item_vtx_static,10661888,10662624,9919968,9920208
map_i_static,10665984,10670864,9920208,0
map_grand_static,10670864,10708576,9925088,0
item_name_static,10708576,10765040,9962800,0
map_name_static,10765040,10771472,10019264,0
icon_item_static_test,10771472,11054784,10025696,0
icon_item_24_static_test,11054784,11073408,10309008,0
schedule_dma_static_old,11073408,11119008,11073408,0
schedule_dma_static_test,11120640,11147792,10327632,0
schedule_static,11147792,11174112,10354784,10363584
story_static,11177984,11332608,10363584,10475360
do_action_static,11333632,11349760,10475360,0
message_static,11350016,11370880,10491488,0
message_texture_static,11374592,11379200,10512352,0
nes_font_static,11382784,11402752,10516960,0
message_data_static,11403264,11836128,10536928,0
staff_message_data_static,11837440,11841120,10969792,0
code,11841536,13135152,10973472,11745520
ovl_title,13135152,13137328,11745520,11747152
ovl_select,13137328,13150864,11747152,11755152
ovl_opening,13150864,13151408,11755152,11755632
ovl_file_choose,13151408,13220240,11755632,11794496
ovl_daytelop,13220240,13224832,11794496,11796368
ovl_kaleido_scope,13224832,13308416,11796368,11846592
ovl_Player_Actor,13308416,13525664,11846592,11993104
ovl_En_Test,13525664,13528992,11993104,11995808
ovl_En_GirlA,13528992,13535904,11995808,11999072
ovl_En_Part,13535904,13537472,11999072,12000432
ovl_En_Light,13537472,13541168,12000432,12003008
ovl_En_Door,13541168,13546224,12003008,12006992
ovl_En_Box,13546224,13554864,12006992,12013296
ovl_En_Pametfrog,13554864,13571392,12013296,12024192
ovl_En_Okuta,13571392,13583568,12024192,12032704
ovl_En_Bom,13583568,13598064,12032704,12042080
ovl_En_Wallmas,13598064,13605840,12042080,12047584
ovl_En_Dodongo,13605840,13618256,12047584,12056352
ovl_En_Firefly,13618256,13626512,12056352,12062064
ovl_En_Horse,13626512,13686688,12062064,12097280
ovl_En_Arrow,13686688,13695600,12097280,12103616
ovl_En_Elf,13695600,13714880,12103616,12116768
ovl_En_Niw,13714880,13725008,12116768,12124288
ovl_En_Tite,13725008,13739152,12124288,12133824
ovl_En_Peehat,13739152,13749952,12133824,12141264
ovl_En_Holl,13749952,13753408,12141264,12143888
ovl_En_Dinofos,13753408,13770304,12143888,12155056
ovl_En_Hata,13770304,13771504,12155056,12156128
ovl_En_Zl1,13771504,13771648,12156128,12156224
ovl_En_Viewer,13771648,13773360,12156224,12157488
ovl_En_Bubble,13773360,13778496,12157488,12161392
ovl_Door_Shutter,13778496,13785632,12161392,12166544
ovl_En_Boom,13785632,13788928,12166544,12169360
ovl_En_Torch2,13788928,13790144,12169360,12170416
ovl_En_Minifrog,13790144,13796768,12170416,12175152
ovl_En_St,13796768,13807232,12175152,12182512
ovl_Obj_Wturn,13807232,13808512,12182512,12183520
ovl_En_River_Sound,13808512,13809136,12183520,12184096
ovl_En_Ossan,13809136,13827696,12184096,12195312
ovl_En_Famos,13827696,13835792,12195312,12200640
ovl_En_Bombf,13835792,13840864,12200640,12204624
ovl_En_Am,13840864,13846592,12204624,12208752
ovl_En_Dekubaba,13846592,13862720,12208752,12219312
ovl_En_M_Fire1,13862720,13863120,12219312,12219648
ovl_En_M_Thunder,13863120,13871216,12219648,12224912
ovl_Bg_Breakwall,13871216,13875616,12224912,12227968
ovl_Door_Warp1,13875616,13890832,12227968,12237888
ovl_Obj_Syokudai,13890832,13894368,12237888,12240752
ovl_Item_B_Heart,13894368,13895376,12240752,12241568
ovl_En_Dekunuts,13895376,13903632,12241568,12247072
ovl_En_Bbfall,13903632,13911328,12247072,12252960
ovl_Arms_Hook,13911328,13914672,12252960,12255616
ovl_En_Bb,13914672,13922112,12255616,12261168
ovl_Bg_Keikoku_Spr,13922112,13922544,12261168,12261536
ovl_En_Wood02,13922544,13927504,12261536,12265440
ovl_En_Death,13927504,13948288,12265440,12279888
ovl_En_Minideath,13948288,13956896,12279888,12285952
ovl_En_Vm,13956896,13962240,12285952,12290016
ovl_Demo_Effect,13962240,13965584,12290016,12292736
ovl_Demo_Kankyo,13965584,13974336,12292736,12298448
ovl_En_Floormas,13974336,13988576,12298448,12307440
ovl_En_Rd,13988576,14002704,12307440,12315856
ovl_Bg_F40_Flift,14002704,14003600,12315856,12316576
ovl_Obj_Mure,14003600,14007808,12316576,12319520
ovl_En_Sw,14007808,14021440,12319520,12329088
ovl_Object_Kankyo,14021440,14031472,12329088,12335936
ovl_En_Horse_Link_Child,14031472,14038608,12335936,12340176
ovl_Door_Ana,14038608,14040288,12340176,12341520
ovl_En_Encount1,14040288,14041840,12341520,12342800
ovl_Demo_Tre_Lgt,14041840,14043664,12342800,12344304
ovl_En_Encount2,14043664,14046352,12344304,12346544
ovl_En_Fire_Rock,14046352,14046496,12346544,12346640
ovl_Bg_Ctower_Rot,14046496,14047920,12346640,12347776
ovl_Mir_Ray,14047920,14054304,12347776,12352960
ovl_En_Sb,14054304,14058608,12352960,12355984
ovl_En_Bigslime,14058608,14108320,12355984,12387296
ovl_En_Karebaba,14108320,14116176,12387296,12392704
ovl_En_In,14116176,14133584,12392704,12403392
ovl_En_Bom_Chu,14133584,14139200,12403392,12407824
ovl_En_Horse_Game_Check,14139200,14144160,12407824,12411024
ovl_En_Rr,14144160,14154224,12411024,12418432
ovl_En_Fr,14154224,14154592,12418432,12418720
ovl_Obj_Oshihiki,14154592,14160912,12418720,12423120
ovl_Eff_Dust,14160912,14166016,12423120,12426320
ovl_Bg_Umajump,14166016,14168432,12426320,12428048
ovl_En_Insect,14168432,14174576,12428048,12432112
ovl_En_Butte,14174576,14180096,12432112,12436080
ovl_En_Fish,14180096,14190528,12436080,12443136
ovl_Item_Etcetera,14190528,14191632,12443136,12443968
ovl_Arrow_Fire,14191632,14200048,12443968,12451088
ovl_Arrow_Ice,14200048,14207920,12451088,12457344
ovl_Arrow_Light,14207920,14215760,12457344,12463680
ovl_Obj_Kibako,14215760,14220896,12463680,12467312
ovl_Obj_Tsubo,14220896,14229936,12467312,12472864
ovl_En_Ik,14229936,14241232,12472864,12480592
ovl_Demo_Shd,14241232,14241376,12480592,12480688
ovl_En_Dns,14241376,14247984,12480688,12485472
ovl_Elf_Msg,14247984,14249392,12485472,12486512
ovl_En_Honotrap,14249392,14258304,12486512,12492880
ovl_En_Tubo_Trap,14258304,14261760,12492880,12495392
ovl_Obj_Ice_Poly,14261760,14265648,12495392,12498448
ovl_En_Fz,14265648,14275200,12498448,12505104
ovl_En_Kusa,14275200,14283632,12505104,12511520
ovl_Obj_Bean,14283632,14293552,12511520,12518048
ovl_Obj_Bombiwa,14293552,14299728,12518048,12522624
ovl_Obj_Switch,14299728,14309936,12522624,12528816
ovl_Obj_Lift,14309936,14312720,12528816,12531136
ovl_Obj_Hsblock,14312720,14314128,12531136,12532272
ovl_En_Okarina_Tag,14314128,14315280,12532272,12533280
ovl_En_Goroiwa,14315280,14334752,12533280,12547232
ovl_En_Daiku,14334752,14338128,12547232,12549856
ovl_En_Nwc,14338128,14343008,12549856,12553600
ovl_Item_Inbox,14343008,14343360,12553600,12553872
ovl_En_Ge1,14343360,14347536,12553872,12556960
ovl_Obj_Blockstop,14347536,14348096,12556960,12557456
ovl_En_Sda,14348096,14353680,12557456,12561168
ovl_En_Clear_Tag,14353680,14378128,12561168,12576016
ovl_En_Gm,14378128,14396368,12576016,12587824
ovl_En_Ms,14396368,14397952,12587824,12589072
ovl_En_Hs,14397952,14401600,12589072,12591872
ovl_Bg_Ingate,14401600,14405392,12591872,12594816
ovl_En_Kanban,14405392,14419568,12594816,12603552
ovl_En_Attack_Niw,14419568,14424208,12603552,12606944
ovl_En_Mk,14424208,14428864,12606944,12610288
ovl_En_Owl,14428864,14441616,12610288,12618608
ovl_En_Ishi,14441616,14450880,12618608,12625376
ovl_Obj_Hana,14450880,14451104,12625376,12625568
ovl_Obj_Lightswitch,14451104,14455456,12625568,12628480
ovl_Obj_Mure2,14455456,14458000,12628480,12630368
ovl_En_Fu,14458000,14474240,12630368,12641152
ovl_En_Stream,14474240,14475616,12641152,12642336
ovl_En_Mm,14475616,14477760,12642336,12644080
ovl_En_Weather_Tag,14477760,14483328,12644080,12647584
ovl_En_Ani,14483328,14486880,12647584,12650176
ovl_En_Js,14486880,14497360,12650176,12656976
ovl_En_Okarina_Effect,14497360,14497984,12656976,12657456
ovl_En_Mag,14497984,14512656,12657456,12665312
ovl_Elf_Msg2,14512656,14513968,12665312,12666192
ovl_Bg_F40_Swlift,14513968,14515104,12666192,12667168
ovl_En_Kakasi,14515104,14526736,12667168,12674768
ovl_Obj_Makeoshihiki,14526736,14527552,12674768,12675520
ovl_Oceff_Spot,14527552,14531344,12675520,12678768
ovl_En_Torch,14531344,14531584,12678768,12678992
ovl_Shot_Sun,14531584,14533136,12678992,12680256
ovl_Obj_Roomtimer,14533136,14533808,12680256,12680800
ovl_En_Ssh,14533808,14543472,12680800,12687456
ovl_Oceff_Wipe,14543472,14546880,12687456,12690400
ovl_Effect_Ss_Dust,14546880,14548912,12690400,12692048
ovl_Effect_Ss_Kirakira,14548912,14550560,12692048,12693456
ovl_Effect_Ss_Bomb2,14550560,14552704,12693456,12695184
ovl_Effect_Ss_Blast,14552704,14553568,12695184,12696016
ovl_Effect_Ss_G_Spk,14553568,14554976,12696016,12697280
ovl_Effect_Ss_D_Fire,14554976,14556016,12697280,12698256
ovl_Effect_Ss_Bubble,14556016,14557408,12698256,12699456
ovl_Effect_Ss_G_Ripple,14557408,14558720,12699456,12700624
ovl_Effect_Ss_G_Splash,14558720,14559776,12700624,12701472
ovl_Effect_Ss_G_Fire,14559776,14560304,12701472,12701968
ovl_Effect_Ss_Lightning,14560304,14562064,12701968,12703568
ovl_Effect_Ss_Dt_Bubble,14562064,14563360,12703568,12704704
ovl_Effect_Ss_Hahen,14563360,14564800,12704704,12705840
ovl_Effect_Ss_Stick,14564800,14565504,12705840,12706496
ovl_Effect_Ss_Sibuki,14565504,14567136,12706496,12707952
ovl_Effect_Ss_Stone1,14567136,14568000,12707952,12708768
ovl_Effect_Ss_Hitmark,14568000,14569280,12708768,12709872
ovl_Effect_Ss_Fhg_Flash,14569280,14571968,12709872,12711552
ovl_Effect_Ss_K_Fire,14571968,14573056,12711552,12712592
ovl_Effect_Ss_Solder_Srch_Ball,14573056,14574160,12712592,12713568
ovl_Effect_Ss_Kakera,14574160,14578304,12713568,12716656
ovl_Effect_Ss_Ice_Piece,14578304,14579328,12716656,12717632
ovl_Effect_Ss_En_Ice,14579328,14581296,12717632,12719344
ovl_Effect_Ss_Fire_Tail,14581296,14583056,12719344,12720928
ovl_Effect_Ss_En_Fire,14583056,14584704,12720928,12722432
ovl_Effect_Ss_Extra,14584704,14585584,12722432,12723296
ovl_Effect_Ss_Dead_Db,14585584,14586624,12723296,12724272
ovl_Effect_Ss_Dead_Dd,14586624,14588048,12724272,12725568
ovl_Effect_Ss_Dead_Ds,14588048,14589200,12725568,12726640
ovl_Oceff_Storm,14589200,14596816,12726640,12733776
ovl_Obj_Demo,14596816,14597792,12733776,12734496
ovl_En_Minislime,14597792,14606832,12734496,12740640
ovl_En_Nutsball,14606832,14608416,12740640,12742096
ovl_Oceff_Wipe2,14608416,14614400,12742096,12745728
ovl_Oceff_Wipe3,14614400,14620368,12745728,12750448
ovl_En_Dg,14620368,14634928,12750448,12759712
ovl_En_Si,14634928,14635984,12759712,12760496
ovl_Obj_Comb,14635984,14642000,12760496,12764736
ovl_Obj_Kibako2,14642000,14644464,12764736,12766752
ovl_En_Hs2,14644464,14644688,12766752,12766928
ovl_Obj_Mure3,14644688,14646672,12766928,12768464
ovl_En_Tg,14646672,14649504,12768464,12770768
ovl_En_Wf,14649504,14667072,12770768,12781968
ovl_En_Skb,14667072,14680096,12781968,12790304
ovl_En_Gs,14680096,14692016,12790304,12798976
ovl_Obj_Sound,14692016,14692544,12798976,12799408
ovl_En_Crow,14692544,14698528,12799408,12803840
ovl_En_Cow,14698528,14703888,12803840,12807312
ovl_Oceff_Wipe4,14703888,14707984,12807312,12810384
ovl_En_Zo,14707984,14711984,12810384,12813472
ovl_Effect_Ss_Ice_Smoke,14711984,14712768,12813472,12814224
ovl_Obj_Makekinsuta,14712768,14713904,12814224,12815184
ovl_En_Ge3,14713904,14718112,12815184,12818304
ovl_Obj_Hamishi,14718112,14721328,12818304,12820928
ovl_En_Zl4,14721328,14722480,12820928,12821872
ovl_En_Mm2,14722480,14725344,12821872,12823488
ovl_Door_Spiral,14725344,14727520,12823488,12825232
ovl_Obj_Pzlblock,14727520,14731072,12825232,12827840
ovl_Obj_Toge,14731072,14734208,12827840,12830352
ovl_Obj_Armos,14734208,14738064,12830352,12833264
ovl_Obj_Boyo,14738064,14739456,12833264,12834480
ovl_En_Grasshopper,14739456,14751376,12834480,12842848
ovl_Obj_Grass,14751376,14758688,12842848,12848512
ovl_Obj_Grass_Carry,14758688,14762656,12848512,12851664
ovl_Obj_Grass_Unit,14762656,14764400,12851664,12852960
ovl_Bg_Fire_Wall,14764400,14766672,12852960,12854800
ovl_En_Bu,14766672,14767104,12854800,12855184
ovl_En_Encount3,14767104,14769568,12855184,12857328
ovl_En_Jso,14769568,14785040,12857328,12868096
ovl_Obj_Chikuwa,14785040,14788016,12868096,12870624
ovl_En_Knight,14788016,14840960,12870624,12905472
ovl_En_Warp_tag,14840960,14843344,12905472,12907408
ovl_En_Aob_01,14843344,14854816,12907408,12915376
ovl_En_Boj_01,14854816,14854960,12915376,12915472
ovl_En_Boj_02,14854960,14855104,12915472,12915568
ovl_En_Boj_03,14855104,14855248,12915568,12915664
ovl_En_Encount4,14855248,14857392,12915664,12917408
ovl_En_Bom_Bowl_Man,14857392,14864864,12917408,12922688
ovl_En_Syateki_Man,14864864,14878592,12922688,12931280
ovl_Bg_Icicle,14878592,14881040,12931280,12933248
ovl_En_Syateki_Crow,14881040,14884640,12933248,12936224
ovl_En_Boj_04,14884640,14884784,12936224,12936320
ovl_En_Cne_01,14884784,14888320,12936320,12939104
ovl_En_Bba_01,14888320,14891776,12939104,12941856
ovl_En_Bji_01,14891776,14896096,12941856,12944992
ovl_Bg_Spdweb,14896096,14901360,12944992,12948832
ovl_En_Mt_tag,14901360,14905936,12948832,12952272
ovl_Boss_01,14905936,14939952,12952272,12975456
ovl_Boss_02,14939952,14965120,12975456,12993008
ovl_Boss_03,14965120,14994016,12993008,13012912
ovl_Boss_04,14994016,15003376,13012912,13019904
ovl_Boss_05,15003376,15018784,13019904,13030512
ovl_Boss_06,15018784,15027568,13030512,13037152
ovl_Boss_07,15027568,15113776,13037152,13094896
ovl_Bg_Dy_Yoseizo,15113776,15121680,13094896,13100736
ovl_En_Boj_05,15121680,15121824,13100736,13100832
ovl_En_Sob1,15121824,15140192,13100832,13112624
ovl_En_Go,15140192,15164112,13112624,13129216
ovl_En_Raf,15164112,15174864,13129216,13136320
ovl_Obj_Funen,15174864,15175328,13136320,13136768
ovl_Obj_Raillift,15175328,15178384,13136768,13139248
ovl_Bg_Numa_Hana,15178384,15182176,13139248,13142048
ovl_Obj_Flowerpot,15182176,15191488,13142048,13148400
ovl_Obj_Spinyroll,15191488,15198080,13148400,13153184
ovl_Dm_Hina,15198080,15200704,13153184,13155200
ovl_En_Syateki_Wf,15200704,15205568,13155200,13158864
ovl_Obj_Skateblock,15205568,15212720,13158864,13164112
ovl_Effect_En_Ice_Block,15212720,15213568,13164112,13164896
ovl_Obj_Iceblock,15213568,15231120,13164896,13177184
ovl_En_Bigpamet,15231120,15240688,13177184,13183904
ovl_Bg_Dblue_Movebg,15240688,15249248,13183904,13190272
ovl_En_Syateki_Dekunuts,15249248,15253616,13190272,13193616
ovl_Elf_Msg3,15253616,15255008,13193616,13194656
ovl_En_Fg,15255008,15260416,13194656,13198640
ovl_Dm_Ravine,15260416,15260864,13198640,13199008
ovl_Dm_Sa,15260864,15261952,13199008,13199888
ovl_En_Slime,15261952,15275360,13199888,13208976
ovl_En_Pr,15275360,15281744,13208976,13213792
ovl_Obj_Toudai,15281744,15284816,13213792,13215808
ovl_Obj_Entotu,15284816,15288416,13215808,13217968
ovl_Obj_Bell,15288416,15291232,13217968,13219984
ovl_En_Syateki_Okuta,15291232,15299136,13219984,13224816
ovl_Obj_Shutter,15299136,15299840,13224816,13225456
ovl_Dm_Zl,15299840,15301904,13225456,13227088
ovl_En_Ru,15301904,15305248,13227088,13229680
ovl_En_Elfgrp,15305248,15310800,13229680,13233616
ovl_Dm_Tsg,15310800,15311856,13233616,13234576
ovl_En_Baguo,15311856,15317072,13234576,13238704
ovl_Obj_Vspinyroll,15317072,15321584,13238704,13242128
ovl_Obj_Smork,15321584,15322784,13242128,13242848
ovl_En_Test2,15322784,15323888,13242848,13243760
ovl_En_Test3,15323888,15337520,13243760,13253696
ovl_En_Test4,15337520,15343520,13253696,13257808
ovl_En_Bat,15343520,15349552,13257808,13262528
ovl_En_Sekihi,15349552,15351312,13262528,13263952
ovl_En_Wiz,15351312,15366800,13263952,13274928
ovl_En_Wiz_Brock,15366800,15368528,13274928,13276368
ovl_En_Wiz_Fire,15368528,15380288,13276368,13284608
ovl_Eff_Change,15380288,15381600,13284608,13285760
ovl_Dm_Statue,15381600,15381824,13285760,13285936
ovl_Obj_Fireshield,15381824,15385760,13285936,13289072
ovl_Bg_Ladder,15385760,15387008,13289072,13290080
ovl_En_Mkk,15387008,15394032,13290080,13295232
ovl_Demo_Getitem,15394032,15394944,13295232,13296000
ovl_En_Dnb,15394944,15398896,13296000,13299072
ovl_En_Dnh,15398896,15400864,13299072,13300704
ovl_En_Dnk,15400864,15405024,13300704,13303408
ovl_En_Dnq,15405024,15409792,13303408,13306704
ovl_Bg_Keikoku_Saku,15409792,15410832,13306704,13307584
ovl_Obj_Hugebombiwa,15410832,15420272,13307584,13313632
ovl_En_Firefly2,15420272,15420416,13313632,13313728
ovl_En_Rat,15420416,15430224,13313728,13320976
ovl_En_Water_Effect,15430224,15440912,13320976,13328224
ovl_En_Kusa2,15440912,15457392,13328224,13339776
ovl_Bg_Spout_Fire,15457392,15459328,13339776,13341424
ovl_En_Dy_Extra,15459328,15460704,13341424,13342624
ovl_En_Bal,15460704,15472112,13342624,13350368
ovl_En_Ginko_Man,15472112,15479504,13350368,13354784
ovl_En_Warp_Uzu,15479504,15480512,13354784,13355584
ovl_Obj_Driftice,15480512,15485440,13355584,13359232
ovl_En_Look_Nuts,15485440,15489264,13359232,13362048
ovl_En_Mushi2,15489264,15503584,13362048,13371600
ovl_En_Fall,15503584,15514336,13371600,13378720
ovl_En_Mm3,15514336,15519968,13378720,13382464
ovl_Bg_Crace_Movebg,15519968,15522720,13382464,13384448
ovl_En_Dno,15522720,15534304,13384448,13392032
ovl_En_Pr2,15534304,15542016,13392032,13397680
ovl_En_Prz,15542016,15547648,13397680,13402048
ovl_En_Jso2,15547648,15566256,13402048,13414864
ovl_Obj_Etcetera,15566256,15569616,13414864,13417424
ovl_En_Egol,15569616,15588112,13417424,13430176
ovl_Obj_Mine,15588112,15602448,13430176,13440112
ovl_Obj_Purify,15602448,15604832,13440112,13441840
ovl_En_Tru,15604832,15629744,13441840,13457520
ovl_En_Trt,15629744,15649264,13457520,13469984
ovl_En_Test5,15649264,15650160,13469984,13470752
ovl_En_Test6,15650160,15667024,13470752,13482240
ovl_En_Az,15667024,15688608,13482240,13496032
ovl_En_Estone,15688608,15692240,13496032,13498992
ovl_Bg_Hakugin_Post,15692240,15704768,13498992,13508016
ovl_Dm_Opstage,15704768,15705888,13508016,13508864
ovl_Dm_Stk,15705888,15728368,13508864,13521440
ovl_Dm_Char00,15728368,15739728,13521440,13527424
ovl_Dm_Char01,15739728,15751056,13527424,13534048
ovl_Dm_Char02,15751056,15752704,13534048,13535344
ovl_Dm_Char03,15752704,15754656,13535344,13536832
ovl_Dm_Char04,15754656,15757056,13536832,13538816
ovl_Dm_Char05,15757056,15765472,13538816,13543264
ovl_Dm_Char06,15765472,15766304,13543264,13543968
ovl_Dm_Char07,15766304,15767984,13543968,13545024
ovl_Dm_Char08,15767984,15779696,13545024,13552944
ovl_Dm_Char09,15779696,15782128,13552944,13555024
ovl_Obj_Tokeidai,15782128,15791728,13555024,13561296
ovl_En_Mnk,15791728,15814912,13561296,13574704
ovl_En_Egblock,15814912,15817280,13574704,13576624
ovl_En_Guard_Nuts,15817280,15821088,13576624,13579616
ovl_Bg_Hakugin_Bombwall,15821088,15825712,13579616,13582912
ovl_Obj_Tokei_Tobira,15825712,15827344,13582912,13584368
ovl_Bg_Hakugin_Elvpole,15827344,15828480,13584368,13585296
ovl_En_Ma4,15828480,15839632,13585296,13592352
ovl_En_Twig,15839632,15842192,13592352,13594496
ovl_En_Po_Fusen,15842192,15845360,13594496,13597040
ovl_En_Door_Etc,15845360,15847440,13597040,13598736
ovl_En_Bigokuta,15847440,15856144,13598736,13604960
ovl_Bg_Icefloe,15856144,15858048,13604960,13606432
ovl_fbdemo_triforce,15858048,15859904,13606432,13607744
ovl_fbdemo_wipe1,15859904,15863888,13607744,13610448
ovl_fbdemo_wipe3,15863888,15871296,13610448,13613280
ovl_fbdemo_wipe4,15871296,15872000,13613280,13613856
ovl_fbdemo_wipe5,15872000,15873120,13613856,13614784
ovl_Effect_Ss_Sbn,15873120,15875536,13614784,13616688
ovl_Obj_Ocarinalift,15875536,15878064,13616688,13618576
ovl_En_Time_Tag,15878064,15881248,13618576,13620864
ovl_Bg_Open_Shutter,15881248,15882992,13620864,13622336
ovl_Bg_Open_Spot,15882992,15883536,13622336,13622800
ovl_Bg_Fu_Kaiten,15883536,15884208,13622800,13623392
ovl_Obj_Aqua,15884208,15887744,13623392,13626112
ovl_En_Elforg,15887744,15893984,13626112,13630528
ovl_En_Elfbub,15893984,15895616,13630528,13632048
ovl_En_Fu_Mato,15895616,15900816,13632048,13636272
ovl_En_Fu_Kago,15900816,15905088,13636272,13639600
ovl_En_Osn,15905088,15914112,13639600,13645408
ovl_Bg_Ctower_Gear,15914112,15916176,13645408,13647024
ovl_En_Trt2,15916176,15926464,13647024,13654016
ovl_Obj_Tokei_Step,15926464,15929456,13654016,13656384
ovl_Bg_Lotus,15929456,15931104,13656384,13657712
ovl_En_Kame,15931104,15940432,13657712,13664208
ovl_Obj_Takaraya_Wall,15940432,15945056,13664208,13667888
ovl_Bg_Fu_Mizu,15945056,15945792,13667888,13668544
ovl_En_Sellnuts,15945792,15959200,13668544,13677232
ovl_Bg_Dkjail_Ivy,15959200,15961312,13677232,13678992
ovl_Obj_Visiblock,15961312,15961600,13678992,13679232
ovl_En_Takaraya,15961600,15965968,13679232,13682512
ovl_En_Tsn,15965968,15972544,13682512,13686864
ovl_En_Ds2n,15972544,15973856,13686864,13687936
ovl_En_Fsn,15973856,15991712,13687936,13699392
ovl_En_Shn,15991712,15996432,13699392,13702720
ovl_En_Stop_heishi,15996432,16002528,13702720,13707216
ovl_Obj_Bigicicle,16002528,16006288,13707216,13710064
ovl_En_Lift_Nuts,16006288,16017104,13710064,13716704
ovl_En_Tk,16017104,16032448,13716704,13726944
ovl_Bg_Market_Step,16032448,16032720,13726944,13727184
ovl_Obj_Lupygamelift,16032720,16034432,13727184,13728640
ovl_En_Test7,16034432,16046864,13728640,13737440
ovl_Obj_Lightblock,16046864,16048496,13737440,13738768
ovl_Mir_Ray2,16048496,16049648,13738768,13739760
ovl_En_Wdhand,16049648,16058720,13739760,13746304
ovl_En_Gamelupy,16058720,16060384,13746304,13747696
ovl_Bg_Danpei_Movebg,16060384,16062528,13747696,13749408
ovl_En_Snowwd,16062528,16063808,13749408,13750528
ovl_En_Pm,16063808,16083808,13750528,13763088
ovl_En_Gakufu,16083808,16086400,13763088,13765216
ovl_Elf_Msg4,16086400,16087952,13765216,13766368
ovl_Elf_Msg5,16087952,16088640,13766368,13766832
ovl_En_Col_Man,16088640,16091808,13766832,13769280
ovl_En_Talk_Gibud,16091808,16104336,13769280,13777568
ovl_En_Giant,16104336,16109264,13777568,13781024
ovl_Obj_Snowball,16109264,16118928,13781024,13788096
ovl_Boss_Hakugin,16118928,16160736,13788096,13817312
ovl_En_Gb2,16160736,16171104,13817312,13824080
ovl_En_Onpuman,16171104,16172592,13824080,13825280
ovl_Bg_Tobira01,16172592,16173680,13825280,13826192
ovl_En_Tag_Obj,16173680,16173952,13826192,13826416
ovl_Obj_Dhouse,16173952,16180096,13826416,13830736
ovl_Obj_Hakaisi,16180096,16185744,13830736,13834784
ovl_Bg_Hakugin_Switch,16185744,16190704,13834784,13837968
ovl_En_Snowman,16190704,16204112,13837968,13847696
ovl_TG_Sw,16204112,16205216,13847696,13848576
ovl_En_Po_Sisters,16205216,16220320,13848576,13858992
ovl_En_Pp,16220320,16235760,13858992,13869664
ovl_En_Hakurock,16235760,16240112,13869664,13872848
ovl_En_Hanabi,16240112,16244544,13872848,13876432
ovl_Obj_Dowsing,16244544,16244928,13876432,13876704
ovl_Obj_Wind,16244928,16246816,13876704,13878144
ovl_En_Racedog,16246816,16254096,13878144,13883616
ovl_En_Kendo_Js,16254096,16261744,13883616,13888736
ovl_Bg_Botihasira,16261744,16262496,13888736,13889408
ovl_En_Fish2,16262496,16276000,13889408,13899168
ovl_En_Pst,16276000,16279776,13899168,13901632
ovl_En_Poh,16279776,16293120,13901632,13910496
ovl_Obj_Spidertent,16293120,16299904,13910496,13915184
ovl_En_Zoraegg,16299904,16310048,13915184,13921984
ovl_En_Kbt,16310048,16314720,13921984,13925344
ovl_En_Gg,16314720,16323184,13925344,13931360
ovl_En_Maruta,16323184,16330768,13931360,13936416
ovl_Obj_Snowball2,16330768,16338496,13936416,13942128
ovl_En_Gg2,16338496,16344144,13942128,13946272
ovl_Obj_Ghaka,16344144,16346128,13946272,13947856
ovl_En_Dnp,16346128,16351712,13947856,13951792
ovl_En_Dai,16351712,16360048,13951792,13957600
ovl_Bg_Goron_Oyu,16360048,16361968,13957600,13959056
ovl_En_Kgy,16361968,16374688,13959056,13966848
ovl_En_Invadepoh,16374688,16426128,13966848,13997312
ovl_En_Gk,16426128,16439488,13997312,14006288
ovl_En_An,16439488,16467872,14006288,14023296
ovl_En_Bee,16467872,16470880,14023296,14025744
ovl_En_Ot,16470880,16484608,14025744,14035456
ovl_En_Dragon,16484608,16493376,14035456,14041696
ovl_Obj_Dora,16493376,16496208,14041696,14043840
ovl_En_Bigpo,16496208,16512304,14043840,14055296
ovl_Obj_Kendo_Kanban,16512304,16517776,14055296,14059392
ovl_Obj_Hariko,16517776,16518560,14059392,14060032
ovl_En_Sth,16518560,16545488,14060032,14078832
ovl_Bg_Sinkai_Kabe,16545488,16546896,14078832,14080032
ovl_Bg_Haka_Curtain,16546896,16547984,14080032,14080800
ovl_Bg_Kin2_Bombwall,16547984,16550032,14080800,14082480
ovl_Bg_Kin2_Fence,16550032,16551952,14082480,14083904
ovl_Bg_Kin2_Picture,16551952,16554912,14083904,14086320
ovl_Bg_Kin2_Shelf,16554912,16558384,14086320,14088704
ovl_En_Rail_Skb,16558384,16571136,14088704,14097184
ovl_En_Jg,16571136,16580768,14097184,14103648
ovl_En_Tru_Mt,16580768,16586720,14103648,14108208
ovl_Obj_Um,16586720,16607472,14108208,14122416
ovl_En_Neo_Reeba,16607472,16615824,14122416,14128032
ovl_Bg_Mbar_Chair,16615824,16616128,14128032,14128272
ovl_Bg_Ikana_Block,16616128,16619408,14128272,14130752
ovl_Bg_Ikana_Mirror,16619408,16622400,14130752,14132784
ovl_Bg_Ikana_Rotaryroom,16622400,16630800,14132784,14138464
ovl_Bg_Dblue_Balance,16630800,16637136,14138464,14143232
ovl_Bg_Dblue_Waterfall,16637136,16643552,14143232,14147872
ovl_En_Kaizoku,16643552,16667424,14147872,14163360
ovl_En_Ge2,16667424,16674944,14163360,14168448
ovl_En_Ma_Yts,16674944,16680304,14168448,14172000
ovl_En_Ma_Yto,16680304,16694544,14172000,14179360
ovl_Obj_Tokei_Turret,16694544,16695152,14179360,14179888
ovl_Bg_Dblue_Elevator,16695152,16698208,14179888,14182240
ovl_Obj_Warpstone,16698208,16700256,14182240,14183856
ovl_En_Zog,16700256,16711264,14183856,14191792
ovl_Obj_Rotlift,16711264,16712224,14191792,14192704
ovl_Obj_Jg_Gakki,16712224,16712784,14192704,14193216
ovl_Bg_Inibs_Movebg,16712784,16713232,14193216,14193632
ovl_En_Zot,16713232,16728432,14193632,14202976
ovl_Obj_Tree,16728432,16729872,14202976,14204176
ovl_Obj_Y2lift,16729872,16730688,14204176,14204896
ovl_Obj_Y2shutter,16730688,16732176,14204896,14206144
ovl_Obj_Boat,16732176,16734112,14206144,14207760
ovl_Obj_Taru,16734112,16737552,14207760,14210448
ovl_Obj_Hunsui,16737552,16744336,14210448,14215392
ovl_En_Jc_Mato,16744336,16745328,14215392,14216240
ovl_Mir_Ray3,16745328,16750112,14216240,14220112
ovl_En_Zob,16750112,16758352,14220112,14225200
ovl_Elf_Msg6,16758352,16762064,14225200,14227552
ovl_Obj_Nozoki,16762064,16766816,14227552,14231056
ovl_En_Toto,16766816,16774304,14231056,14236272
ovl_En_Railgibud,16774304,16787648,14236272,14245408
ovl_En_Baba,16787648,16795504,14245408,14251216
ovl_En_Suttari,16795504,16814096,14251216,14263472
ovl_En_Zod,16814096,16820608,14263472,14268256
ovl_En_Kujiya,16820608,16824176,14268256,14270416
ovl_En_Geg,16824176,16836512,14270416,14278720
ovl_Obj_Kinoko,16836512,16837520,14278720,14279664
ovl_Obj_Yasi,16837520,16838304,14279664,14280384
ovl_En_Tanron1,16838304,16844912,14280384,14284592
ovl_En_Tanron2,16844912,16852208,14284592,14289904
ovl_En_Tanron3,16852208,16857136,14289904,14293728
ovl_Obj_Chan,16857136,16862176,14293728,14297952
ovl_En_Zos,16862176,16869824,14297952,14302832
ovl_En_S_Goro,16869824,16882928,14302832,14310832
ovl_En_Nb,16882928,16889920,14310832,14315680
ovl_En_Ja,16889920,16898240,14315680,14321344
ovl_Bg_F40_Block,16898240,16901872,14321344,14323760
ovl_Bg_F40_Switch,16901872,16903776,14323760,14325264
ovl_En_Po_Composer,16903776,16911136,14325264,14330176
ovl_En_Guruguru,16911136,16914944,14330176,14333152
ovl_Oceff_Wipe5,16914944,16920976,14333152,14339072
ovl_En_Stone_heishi,16920976,16925888,14339072,14342784
ovl_Oceff_Wipe6,16925888,16927504,14342784,14344096
ovl_En_Scopenuts,16927504,16936736,14344096,14350480
ovl_En_Scopecrow,16936736,16939984,14350480,14353008
ovl_Oceff_Wipe7,16939984,16943664,14353008,14354880
ovl_Eff_Kamejima_Wave,16943664,16945360,14354880,14356192
ovl_En_Hg,16945360,16949680,14356192,14359184
ovl_En_Hgo,16949680,16953568,14359184,14362000
ovl_En_Zov,16953568,16959792,14362000,14366352
ovl_En_Ah,16959792,16965520,14366352,14370240
ovl_Obj_Hgdoor,16965520,16967200,14370240,14371504
ovl_Bg_Ikana_Bombwall,16967200,16970432,14371504,14373760
ovl_Bg_Ikana_Ray,16970432,16971152,14373760,14374320
ovl_Bg_Ikana_Shutter,16971152,16973056,14374320,14375440
ovl_Bg_Haka_Bombwall,16973056,16974976,14375440,14376992
ovl_Bg_Haka_Tomb,16974976,16975888,14376992,14377696
ovl_En_Sc_Ruppe,16975888,16977424,14377696,14378960
ovl_Bg_Iknv_Doukutu,16977424,16980400,14378960,14381120
ovl_Bg_Iknv_Obj,16980400,16982448,14381120,14382608
ovl_En_Pamera,16982448,16992560,14382608,14388704
ovl_Obj_HsStump,16992560,16994112,14388704,14390064
ovl_En_Hidden_Nuts,16994112,16998768,14390064,14393360
ovl_En_Zow,16998768,17006304,14393360,14398512
ovl_En_Talk,17006304,17006752,14398512,14398864
ovl_En_Al,17006752,17015776,14398864,14404832
ovl_En_Tab,17015776,17021824,14404832,14409136
ovl_En_Nimotsu,17021824,17022768,14409136,14409984
ovl_En_Hit_Tag,17022768,17023328,14409984,14410464
ovl_En_Ruppecrow,17023328,17029760,14410464,14414848
ovl_En_Tanron4,17029760,17033264,14414848,14417264
ovl_En_Tanron5,17033264,17039168,14417264,14421504
ovl_En_Tanron6,17039168,17039568,14421504,14421856
ovl_En_Daiku2,17039568,17046016,14421856,14426608
ovl_En_Muto,17046016,17048560,14426608,14428704
ovl_En_Baisen,17048560,17051168,14428704,14430800
ovl_En_Heishi,17051168,17052688,14430800,14432112
ovl_En_Demo_heishi,17052688,17054240,14432112,14433456
ovl_En_Dt,17054240,17060896,14433456,14438368
ovl_En_Cha,17060896,17061952,14438368,14439264
ovl_Obj_Dinner,17061952,17062336,14439264,14439600
ovl_Eff_Lastday,17062336,17064256,14439600,14440784
ovl_Bg_Ikana_Dharma,17064256,17066704,14440784,14442912
ovl_En_Akindonuts,17066704,17083520,14442912,14452976
ovl_Eff_Stk,17083520,17084480,14452976,14453840
ovl_En_Ig,17084480,17094672,14453840,14460784
ovl_En_Rg,17094672,17103616,14460784,14467584
ovl_En_Osk,17103616,17109952,14467584,14471360
ovl_En_Sth2,17109952,17121248,14471360,14478352
ovl_En_Yb,17121248,17126240,14478352,14481952
ovl_En_Rz,17126240,17133184,14481952,14486640
ovl_En_Scopecoin,17133184,17134016,14486640,14487328
ovl_En_Bjt,17134016,17137744,14487328,14490000
ovl_En_Bomjima,17137744,17149312,14490000,14497888
ovl_En_Bomjimb,17149312,17159184,14497888,14504832
ovl_En_Bombers,17159184,17164304,14504832,14508720
ovl_En_Bombers2,17164304,17168720,14508720,14512112
ovl_En_Bombal,17168720,17171440,14512112,14514368
ovl_Obj_Moon_Stone,17171440,17172864,14514368,14515536
ovl_Obj_Mu_Pict,17172864,17174512,14515536,14516704
ovl_Bg_Ikninside,17174512,17176096,14516704,14518064
ovl_Eff_Zoraband,17176096,17177088,14518064,14518928
ovl_Obj_Kepn_Koya,17177088,17177440,14518928,14519232
ovl_Obj_Usiyane,17177440,17180224,14519232,14521648
ovl_En_Nnh,17180224,17181024,14521648,14522288
ovl_Obj_Kzsaku,17181024,17181984,14522288,14523056
ovl_Obj_Milk_Bin,17181984,17182640,14523056,14523616
ovl_En_Kitan,17182640,17186224,14523616,14526240
ovl_Bg_Astr_Bombwall,17186224,17188384,14526240,14528000
ovl_Bg_Iknin_Susceil,17188384,17191280,14528000,14530000
ovl_En_Bsb,17191280,17211056,14530000,14543696
ovl_En_Recepgirl,17211056,17213008,14543696,14545200
ovl_En_Thiefbird,17213008,17225728,14545200,14554256
ovl_En_Jgame_Tsn,17225728,17232320,14554256,14558784
ovl_Obj_Jgame_Light,17232320,17236144,14558784,14561136
ovl_Obj_Yado,17236144,17236800,14561136,14561680
ovl_Demo_Syoten,17236800,17242320,14561680,14565568
ovl_Demo_Moonend,17242320,17244128,14565568,14566912
ovl_Bg_Lbfshot,17244128,17244416,14566912,14567152
ovl_Bg_Last_Bwall,17244416,17246800,14567152,14569056
ovl_En_And,17246800,17248608,14569056,14570512
ovl_En_Invadepoh_Demo,17248608,17255424,14570512,14574624
ovl_Obj_Danpeilift,17255424,17257600,14574624,14576400
ovl_En_Fall2,17257600,17259472,14576400,14577872
ovl_Dm_Al,17259472,17261136,14577872,14579200
ovl_Dm_An,17261136,17265232,14579200,14582224
ovl_Dm_Ah,17265232,17267984,14582224,14584304
ovl_Dm_Nb,17267984,17268944,14584304,14585136
ovl_En_Drs,17268944,17269968,14585136,14586000
ovl_En_Ending_Hero,17269968,17270816,14586000,14586784
ovl_Dm_Bal,17270816,17273360,14586784,14588672
ovl_En_Paper,17273360,17275696,14588672,14590592
ovl_En_Hint_Skb,17275696,17285520,14590592,14597040
ovl_Dm_Tag,17285520,17288064,14597040,14598864
ovl_En_Bh,17288064,17289328,14598864,14599920
ovl_En_Ending_Hero2,17289328,17289888,14599920,14600432
ovl_En_Ending_Hero3,17289888,17290448,14600432,14600944
ovl_En_Ending_Hero4,17290448,17291008,14600944,14601456
ovl_En_Ending_Hero5,17291008,17291984,14601456,14602304
ovl_En_Ending_Hero6,17291984,17293728,14602304,14603808
ovl_Dm_Gm,17293728,17297824,14603808,14606832
ovl_Obj_Swprize,17297824,17299168,14606832,14607856
ovl_En_Invisible_Ruppe,17299168,17299968,14607856,14608432
ovl_Obj_Ending,17299968,17300352,14608432,14608736
ovl_En_Rsn,17300352,17301216,14608736,14609424
gameplay_keep,17301504,17901104,14609424,14922400
gameplay_field_keep,17903616,17941136,14922400,14949424
gameplay_dangeon_keep,17944576,18088576,14949424,15031872
gameplay_object_exchange_static,18092032,18092048,18092032,0
object_link_boy,18096128,18151568,15031872,15057840
object_link_child,18153472,18276960,15057840,15116496
object_link_goron,18280448,18377360,15116496,15165568
object_link_zora,18378752,18455616,15165568,15200512
object_link_nuts,18456576,18504240,15200512,15225056
object_mask_ki_tan,18505728,18508496,15225056,15226800
object_mask_rabit,18509824,18514848,15226800,15228944
object_mask_skj,18518016,18523872,15228944,15233056
object_mask_truth,18526208,18530976,15233056,15235648
object_mask_gibudo,18534400,18537888,15235648,15239184
object_mask_json,18538496,18543456,15239184,15242400
object_mask_kerfay,18546688,18552256,15242400,15245776
object_mask_bigelf,18554880,18568368,15245776,15252816
object_mask_kyojin,18571264,18574496,15252816,15254976
object_mask_romerny,18575360,18582032,15254976,15259024
object_mask_posthat,18583552,18586448,15259024,15260784
object_mask_zacho,18587648,18593424,15260784,15264112
object_mask_stone,18595840,18600000,15264112,15266688
object_mask_bree,18604032,18611616,15266688,15271152
object_mask_gero,18612224,18624144,15271152,15277616
object_mask_yofukasi,18624512,18631328,15277616,15280880
object_mask_meoto,18632704,18640096,15280880,15283984
object_mask_dancer,18640896,18647888,15283984,15288208
object_mask_bakuretu,18649088,18653696,15288208,15291232
object_mask_bu_san,18657280,18662384,15291232,15294400
object_mask_goron,18665472,18671536,15294400,15298128
object_mask_zora,18673664,18677904,15298128,15300944
object_mask_nuts,18681856,18690272,15300944,15305888
object_mask_boy,18694144,18702544,15305888,15311296
object_box,18706432,18739488,15311296,15327616
object_okuta,18743296,18761344,15327616,15337440
object_wallmaster,18763776,18804848,15337440,15364336
object_dy_obj,18808832,18925760,15364336,15440816
object_firefly,18927616,18933952,15440816,15444544
object_dodongo,18935808,18975040,15444544,15472256
object_niw,18976768,18986304,15472256,15477104
object_tite,18989056,19003952,15477104,15487136
object_ph,19005440,19012752,15487136,15490656
object_dinofos,19013632,19068480,15490656,15532352
object_zl1,19070976,19153856,15532352,15576496
object_bubble,19156992,19161280,15576496,15578384
object_test3,19165184,19228672,15578384,15605392
object_famos,19230720,19246656,15605392,15614576
object_st,19247104,19270576,15614576,15627632
object_thiefbird,19271680,19297248,15627632,15642784
object_bombf,19300352,19307008,15642784,15646784
object_am,19308544,19332400,15646784,15659120
object_dekubaba,19333120,19347904,15659120,15669344
object_warp1,19349504,19385344,15669344,15697712
object_b_heart,19386368,19387968,15697712,15698896
object_dekunuts,19390464,19404688,15698896,15707792
object_bb,19406848,19413568,15707792,15711648
object_death,19415040,19467216,15711648,15747728
object_hata,19468288,19480544,15747728,15753712
object_wood02,19480576,19519424,15753712,15777984
object_trap,19521536,19530720,15777984,15785008
object_vm,19533824,19550064,15785008,15793344
object_efc_star_field,19550208,19556304,15793344,15797520
object_rd,19558400,19632512,15797520,15845104
object_yukimura_obj,19636224,19644576,15845104,15850464
object_horse_link_child,19648512,19707120,15850464,15894400
object_syokudai,19709952,19725456,15894400,15903216
object_efc_tw,19726336,19731184,15903216,15908240
object_gi_key,19734528,19737120,15908240,15909472
object_mir_ray,19738624,19742048,15909472,15912080
object_ctower_rot,19742720,19842496,15912080,15971488
object_bdoor,19845120,19876768,15971488,15991632
object_sb,19877888,19889312,15991632,15997232
object_gi_melody,19890176,19893536,15997232,15998720
object_gi_heart,19894272,19894768,15998720,15999120
object_gi_compass,19898368,19901712,15999120,16000800
object_gi_bosskey,19902464,19906576,16000800,16002672
object_gi_nuts,19910656,19915200,16002672,16005616
object_gi_hearts,19918848,19924912,16005616,16008016
object_gi_arrowcase,19927040,19930288,16008016,16009696
object_gi_bombpouch,19931136,19934816,16009696,16011392
object_in,19935232,20053936,16011392,16081312
object_os_anime,20054016,20065424,16081312,16090384
object_gi_bottle,20066304,20068592,16090384,16091680
object_gi_stick,20070400,20072128,16091680,16092992
object_gi_map,20074496,20078944,16092992,16096320
object_oF1d_map,20082688,20168080,16096320,16147824
object_ru2,20168704,20232400,16147824,16181856
object_gi_magicpot,20234240,20238800,16181856,16184000
object_gi_bomb_1,20242432,20245680,16184000,16185552
object_ma2,20246528,20338480,16185552,16248720
object_gi_purse,20340736,20347760,16248720,16255104
object_rr,20348928,20352512,16255104,16257584
object_gi_arrow,20353024,20359952,16257584,16260288
object_gi_bomb_2,20361216,20362912,16260288,16261488
object_gi_shield_2,20365312,20373184,16261488,16265376
object_gi_hookshot,20373504,20378704,16265376,16269056
object_gi_ocarina,20381696,20384688,16269056,16270896
object_gi_milk,20385792,20391024,16270896,16273312
object_ma1,20393984,20506496,16273312,16351872
object_ny,20508672,20517680,16351872,16356128
object_fr,20520960,20567376,16356128,16374080
object_gi_bow,20570112,20574960,16374080,16376928
object_gi_glasses,20578304,20582784,16376928,16378992
object_gi_liquid,20586496,20592848,16378992,16381696
object_ani,20594688,20641984,16381696,16414720
object_gi_shield_3,20643840,20651008,16414720,16419840
object_gi_bean,20652032,20654272,16419840,16421344
object_gi_fish,20656128,20658512,16421344,16422816
object_gi_longsword,20660224,20662464,16422816,16424256
object_zo,20664320,20735040,16424256,16469456
object_umajump,20738048,20743568,16469456,16472448
object_mastergolon,20746240,20746512,16472448,16472672
object_masterzoora,20750336,20752288,16472672,16474768
object_aob,20754432,20785008,16474768,16489296
object_ik,20787200,20866736,16489296,16540816
object_ahg,20869120,20892080,16540816,16552128
object_cne,20893696,20904400,16552128,16556752
object_bji,20905984,20929392,16556752,16568448
object_bba,20930560,20971680,16568448,16590688
object_an1,20975616,21057072,16590688,16648992
object_boj,21057536,21137344,16648992,16715072
object_fz,21139456,21152976,16715072,16719696
object_bob,21155840,21176096,16719696,16727264
object_ge1,21176320,21225952,16727264,16753552
object_yabusame_point,21229568,21233232,16753552,16755024
object_d_hsblock,21233664,21239648,16755024,16759808
object_d_lift,21241856,21250864,16759808,16767776
object_mamenoki,21254144,21264032,16767776,16775840
object_goroiwa,21266432,21308832,16775840,16797904
object_toryo,21311488,21340512,16797904,16811824
object_daiku,21344256,21398336,16811824,16848336
object_nwc,21401600,21408928,16848336,16853040
object_gm,21409792,21409808,16853040,16853072
object_ms,21413888,21429712,16853072,16861424
object_hs,21430272,21455472,16861424,16874592
object_lightswitch,21458944,21468192,16874592,16879856
object_kusa,21471232,21472128,16879856,16880448
object_tsubo,21475328,21481968,16880448,16886128
object_kanban,21483520,21489584,16886128,16887808
object_owl,21491712,21558736,16887808,16919216
object_mk,21561344,21589168,16919216,16934992
object_fu,21590016,21617824,16934992,16949440
object_gi_ki_tan_mask,21618688,21622256,16949440,16951440
object_gi_mask18,21622784,21629120,16951440,16955952
object_gi_rabit_mask,21630976,21634816,16955952,16957984
object_gi_truth_mask,21635072,21641312,16957984,16961152
object_stream,21643264,21645952,16961152,16962608
object_mm,21647360,21703264,16962608,16999584
object_js,21704704,21731872,16999584,17015056
object_cs,21733376,21801856,17015056,17056912
object_gi_soldout,21803008,21804240,17056912,17057568
object_mag,21807104,21938896,17057568,17108560
object_gi_golonmask,21942272,21949728,17108560,17111968
object_gi_zoramask,21950464,21956448,17111968,17114928
object_ka,21958656,21991872,17114928,17130432
object_zg,21995520,22000128,17130432,17131152
object_gi_m_arrow,22003712,22007424,17131152,17132880
object_ds2,22007808,22024816,17132880,17141392
object_fish,22028288,22115824,17141392,17186192
object_gi_sutaru,22118400,22120016,17186192,17187104
object_ssh,22122496,22150544,17187104,17202032
object_bigslime,22151168,22230016,17202032,17259184
object_bg,22233088,22305648,17259184,17296464
object_bombiwa,22306816,22334064,17296464,17319072
object_hintnuts,22335488,22348096,17319072,17327792
object_rs,22351872,22389296,17327792,17350720
object_gla,22392832,22434656,17350720,17376448
object_geldb,22437888,22483200,17376448,17403632
object_dog,22487040,22520064,17403632,17420592
object_kibako2,22523904,22528448,17420592,17424288
object_dns,22532096,22545664,17424288,17433936
object_dnk,22548480,22559616,17433936,17441040
object_gi_insect,22560768,22563824,17441040,17442896
object_gi_ghost,22564864,22568368,17442896,17445344
object_gi_soul,22568960,22572976,17445344,17447424
object_f40_obj,22573056,22591088,17447424,17460736
object_gi_rupy,22593536,22595648,17460736,17461808
object_po_composer,22597632,22636864,17461808,17489216
object_mu,22638592,22686432,17489216,17524576
object_wf,22687744,22729696,17524576,17549408
object_skb,22732800,22760864,17549408,17570592
object_gs,22761472,22764160,17570592,17573392
object_ps,22765568,22796560,17573392,17589152
object_omoya_obj,22798336,22805248,17589152,17593952
object_crow,22806528,22810832,17593952,17595920
object_cow,22814720,22834864,17595920,17606512
object_gi_sword_1,22835200,22839840,17606512,17609360
object_zl4,22843392,22994784,17609360,17716400
object_grasshopper,22994944,23016032,17716400,17730800
object_boyo,23019520,23023248,17730800,17733392
object_fwall,23023616,23047328,17733392,17741984
object_jso,23048192,23094784,17741984,17774112
object_knight,23097344,23239872,17774112,17891312
object_icicle,23240704,23245504,17891312,17896288
object_spdweb,23248896,23258800,17896288,17901632
object_boss01,23261184,23401824,17901632,18004976
object_boss02,23404544,23484832,18004976,18036656
object_boss03,23486464,23542464,18036656,18066464
object_boss04,23543808,23561728,18066464,18076352
object_boss05,23564288,23595296,18076352,18097264
object_boss07,23597056,23886640,18097264,18285456
object_raf,23887872,23901248,18285456,18292208
object_funen,23904256,23905728,18292208,18293296
object_raillift,23908352,23940784,18293296,18313648
object_numa_obj,23941120,24023472,18313648,18357232
object_flowerpot,24027136,24032832,18357232,18361200
object_spinyroll,24035328,24039344,18361200,18364256
object_ice_block,24039424,24046304,18364256,18368720
object_keikoku_demo,24047616,24101680,18368720,18409360
object_slime,24104960,24112240,18409360,18414256
object_pr,24113152,24130384,18414256,18425104
object_f52_obj,24133632,24140768,18425104,18429696
object_f53_obj,24141824,24156784,18429696,18440464
object_kibako,24158208,24165120,18440464,18444368
object_sek,24166400,24185456,18444368,18461088
object_gmo,24186880,24195312,18461088,18466304
object_bat,24199168,24202400,18466304,18467312
object_sekihil,24203264,24216624,18467312,18475408
object_sekihig,24219648,24232976,18475408,18483616
object_sekihin,24236032,24249360,18483616,18491840
object_sekihiz,24252416,24256576,18491840,18495312
object_wiz,24260608,24306480,18495312,18525328
object_ladder,24309760,24314016,18525328,18527232
object_mkk,24317952,24319248,18527232,18527808
object_keikoku_obj,24322048,24343072,18527808,18541712
object_sichitai_obj,24346624,24357136,18541712,18550544
object_dekucity_ana_obj,24358912,24363264,18550544,18554624
object_rat,24367104,24373360,18554624,18557952
object_water_effect,24375296,24392720,18557952,18568960
object_dblue_object,24395776,24497760,18568960,18618352
object_bal,24498176,24552896,18618352,18653792
object_warp_uzu,24555520,24564816,18653792,18658608
object_driftice,24567808,24574688,18658608,18662864
object_fall,24576000,24619840,18662864,18690464
object_hanareyama_obj,24621056,24640960,18690464,18697520
object_crace_object,24641536,24645168,18697520,18700528
object_dnq,24645632,24708384,18700528,18746576
object_obj_tokeidai,24711168,24784000,18746576,18795872
object_eg,24784896,24863216,18795872,18851552
object_tru,24866816,24978912,18851552,18940064
object_trt,24981504,25046784,18940064,18978448
object_hakugin_obj,25047040,25113664,18978448,19033952
object_horse_game_check,25116672,25131344,19033952,19043888
object_stk,25133056,25252832,19043888,19125936
object_mnk,25255936,25376048,19125936,19206384
object_gi_bottle_red,25378816,25382864,19206384,19208880
object_tokei_tobira,25382912,25388480,19208880,19213696
object_az,25391104,25501136,19213696,19265760
object_twig,25501696,25510096,19265760,19271664
object_dekucity_obj,25513984,25532096,19271664,19286448
object_po_fusen,25534464,25543936,19286448,19291136
object_racetsubo,25546752,25553056,19291136,19295104
object_ha,25554944,25641200,19295104,19339920
object_bigokuta,25645056,25672656,19339920,19355408
object_open_obj,25673728,25744496,19355408,19397264
object_fu_kaiten,25747456,25761840,19397264,19407184
object_fu_mato,25763840,25776720,19407184,19413440
object_mtoride,25780224,25850016,19413440,19456848
object_osn,25853952,25986400,19456848,19548016
object_tokei_step,25989120,25991584,19548016,19549984
object_lotus,25993216,25995856,19549984,19552064
object_tl,25997312,26030672,19552064,19576080
object_dkjail_obj,26034176,26038752,19576080,19579136
object_visiblock,26042368,26045184,19579136,19580912
object_tsn,26046464,26084112,19580912,19600928
object_ds2n,26087424,26120576,19600928,19615872
object_fsn,26124288,26207008,19615872,19660320
object_shn,26210304,26280480,19660320,19697328
object_bigicicle,26284032,26295664,19697328,19701952
object_gi_bottle_15,26296320,26304512,19701952,19706624
object_tk,26304512,26352128,19706624,19735040
object_market_obj,26353664,26488272,19735040,19821744
object_gi_reserve00,26488832,26496112,19821744,19826640
object_gi_reserve01,26497024,26502672,19826640,19831216
object_lightblock,26505216,26508208,19831216,19833904
object_takaraya_objects,26509312,26512976,19833904,19835392
object_wdhand,26513408,26521136,19835392,19840928
object_sdn,26521600,26578064,19840928,19883168
object_snowwd,26578944,26589856,19883168,19889392
object_giant,26591232,26687840,19889392,19972112
object_comb,26689536,26693840,19972112,19975056
object_hana,26697728,26699600,19975056,19975600
object_boss_hakugin,26701824,26788928,19975600,20023888
object_meganeana_obj,26791936,26797520,20023888,20029008
object_gi_nutsmask,26800128,26807344,20029008,20033328
object_stk2,26808320,27048208,20033328,20266064
object_spot11_obj,27049984,27057904,20266064,20273152
object_danpei_object,27058176,27074064,20273152,20282416
object_dhouse,27074560,27108032,20282416,20302704
object_hakaisi,27111424,27123696,20302704,20309552
object_po,27123712,27144416,20309552,20322832
object_snowman,27148288,27178800,20322832,20338192
object_po_sisters,27181056,27207120,20338192,20354816
object_pp,27209728,27286272,20354816,20392112
object_goronswitch,27287552,27298224,20392112,20400576
object_delf,27299840,27386160,20400576,20455648
object_botihasira,27389952,27397136,20455648,20460352
object_gi_bigbomb,27398144,27404592,20460352,20463824
object_pst,27406336,27413136,20463824,20469024
object_bsmask,27414528,27466640,20469024,20500208
object_spidertent,27467776,27476928,20500208,20504112
object_zoraegg,27480064,27503024,20504112,20519440
object_kbt,27504640,27566304,20519440,20557168
object_gg,27570176,27635936,20557168,20595344
object_maruta,27639808,27652064,20595344,20601040
object_ghaka,27652096,27667712,20601040,20610224
object_oyu,27668480,27670976,20610224,20612352
object_dnp,27672576,27747392,20612352,20673856
object_dai,27750400,27828448,20673856,20723456
object_kgy,27832320,27900832,20723456,20769952
object_fb,27901952,27930288,20769952,20788736
object_taisou,27930624,27961216,20788736,20819648
object_gk,27963392,28034848,20819648,20867520
object_haka_obj,28037120,28067904,20867520,20889920
object_dnt,28069888,28115664,20889920,20922320
object_yukiyama,28119040,28145776,20922320,20941488
object_icefloe,28147712,28150976,20941488,20943696
object_gi_gold_dust,28151808,28156224,20943696,20947008
object_gi_bottle_16,28160000,28164896,20947008,20950336
object_gi_bottle_22,28168192,28175040,20950336,20954800
object_bee,28176384,28181408,20954800,20956992
object_ot,28184576,28203840,20956992,20966848
object_utubo,28205056,28224208,20966848,20976864
object_dora,28225536,28246544,20976864,20991664
object_gi_loach,28250112,28255296,20991664,20995136
object_gi_seahorse,28258304,28264400,20995136,20998816
object_bigpo,28266496,28290080,20998816,21014832
object_hariko,28291072,28292128,21014832,21015600
object_dno,28295168,28353040,21015600,21060672
object_sinkai_kabe,28356608,28356736,21060672,21060768
object_kin2_obj,28360704,28394432,21060768,21079584
object_ishi,28397568,28400224,21079584,21081568
object_hakugin_demo,28401664,28414864,21081568,21095328
object_jg,28418048,28529184,21095328,21176656
object_gi_sword_2,28532736,28538208,21176656,21179776
object_gi_sword_3,28540928,28545696,21179776,21182848
object_gi_sword_4,28549120,28554336,21182848,21186544
object_um,28557312,28663328,21186544,21237808
object_rb,28663808,28671728,21237808,21242960
object_mbar_obj,28672000,28678624,21242960,21247904
object_ikana_obj,28680192,28769184,21247904,21292432
object_kz,28770304,28834048,21292432,21338816
object_tokei_turret,28835840,28848448,21338816,21345568
object_zog,28852224,29020544,21345568,21475504
object_rotlift,29024256,29044256,21475504,21489280
object_posthouse_obj,29044736,29055360,21489280,21494192
object_gi_mask09,29057024,29063008,21494192,21497792
object_gi_mask14,29065216,29073280,21497792,21502896
object_gi_mask15,29073408,29080416,21502896,21508080
object_inibs_object,29081600,29142752,21508080,21542240
object_tree,29143040,29150048,21542240,21546864
object_kaizoku_obj,29151232,29198496,21546864,21575072
object_gi_reserve_b_00,29200384,29204528,21575072,21577632
object_gi_reserve_c_00,29208576,29212896,21577632,21579920
object_zob,29216768,29286752,21579920,21622928
object_milkbar,29290496,29362352,21622928,21671504
object_dmask,29364224,29381312,21671504,21682016
object_gi_reserve_c_01,29384704,29388544,21682016,21684432
object_zod,29388800,29444544,21684432,21712192
object_kumo30,29446144,29459312,21712192,21722848
object_obj_yasi,29462528,29467744,21722848,21726688
object_tanron1,29470720,29470736,21726688,21726720
object_tanron2,29474816,29479584,21726720,21728736
object_tanron3,29483008,29487776,21728736,21730752
object_gi_magicmushroom,29491200,29494752,21730752,21733264
object_obj_chan,29495296,29508848,21733264,21741984
object_gi_mask10,29511680,29519040,21741984,21746176
object_zos,29519872,29612432,21746176,21812928
object_an2,29614080,29631200,21812928,21828304
object_an3,29634560,29645408,21828304,21838240
object_f40_switch,29646848,29650416,21838240,21840512
object_lodmoon,29650944,29666848,21840512,21850416
object_tro,29667328,29677920,21850416,21853600
object_gi_mask12,29679616,29683456,21853600,21856096
object_gi_mask23,29683712,29689104,21856096,21859280
object_gi_bottle_21,29691904,29699232,21859280,21863808
object_gi_camera,29700096,29706336,21863808,21868080
object_kamejima,29708288,29793952,21868080,21928256
object_nb,29794304,29830224,21928256,21948832
object_harfgibud,29831168,29922816,21948832,22010592
object_zov,29925376,30016112,22010592,22073216
object_ah,30019584,30060160,22073216,22094736
object_hgdoor,30060544,30068032,22094736,22100320
object_dor01,30068736,30074448,22100320,22103504
object_dor02,30076928,30082576,22103504,22107968
object_dor03,30085120,30090448,22107968,22111952
object_dor04,30093312,30099040,22111952,22115904
object_last_obj,30101504,30120736,22115904,22131408
object_redead_obj,30121984,30124976,22131408,22134096
object_ikninside_obj,30126080,30183040,22134096,22174672
object_iknv_obj,30183424,30261648,22174672,22223600
object_pamera,30265344,30323072,22223600,22256192
object_hsstump,30326784,30331360,22256192,22260176
object_zm,30334976,30386320,22260176,22297200
object_al,30388224,30444528,22297200,22331952
object_tab,30445568,30480064,22331952,22351024
object_secom_obj,30482432,30493936,22351024,22358976
object_dt,30494720,30541072,22358976,22383712
object_gi_mask03,30543872,30551728,22383712,22388560
object_cha,30552064,30559760,22388560,22394752
object_obj_dinner,30560256,30570048,22394752,22400368
object_gi_reserve_b_01,30572544,30578400,22400368,22404352
object_lastday,30580736,30591504,22404352,22412864
object_bai,30593024,30626224,22412864,22431904
object_ikn_demo,30629888,30686400,22431904,22474208
object_gi_fieldmap,30687232,30693408,22474208,22479024
object_big_fwall,30695424,30698176,22479024,22481184
object_hunsui,30699520,30705984,22481184,22483392
object_uch,30707712,30727776,22483392,22494512
object_tanron4,30728192,30731904,22494512,22495904
object_tanron5,30732288,30737056,22495904,22497920
object_in2,30740480,30789712,22497920,22531040
object_yb,30793728,30818144,22531040,22541728
object_rz,30818304,30873840,22541728,22573184
object_bjt,30875648,30884768,22573184,22579264
object_taru,30887936,30895328,22579264,22584000
object_moonston,30896128,30900784,22584000,22588368
object_gi_schedule,30904320,30910656,22588368,22592720
object_gi_stonemask,30912512,30917456,22592720,22595728
object_zoraband,30920704,30924608,22595728,22599072
object_kepn_koya,30924800,30957712,22599072,22619792
object_obj_usiyane,30961664,30970592,22619792,22625280
object_gi_mask05,30973952,30980800,22625280,22629216
object_gi_mask11,30982144,30989968,22629216,22633504
object_gi_mask20,30990336,30996544,22633504,22637440
object_nnh,30998528,31010464,22637440,22644448
object_kzsaku,31010816,31015248,22644448,22645872
object_obj_milk_bin,31019008,31025664,22645872,22649472
object_random_obj,31027200,31032048,22649472,22652448
object_kujiya,31035392,31060400,22652448,22665824
object_kitan,31064064,31096768,22665824,22682400
object_gi_mask06,31096832,31103200,22682400,22685648
object_gi_mask16,31105024,31113168,22685648,22690080
object_astr_obj,31113216,31122640,22690080,22695424
object_bsb,31125504,31179744,22695424,22742384
object_fall2,31182848,31217824,22742384,22761776
object_sth,31219712,31232528,22761776,22767296
object_gi_mssa,31236096,31241328,22767296,22770416
object_smtower,31244288,31250320,22770416,22775632
object_gi_mask21,31252480,31257520,22775632,22777888
object_yado_obj,31260672,31265520,22777888,22781424
object_syoten,31268864,31288736,22781424,22792288
object_moonend,31289344,31365632,22792288,22836992
object_ob,31367168,31465136,22836992,22894752
object_gi_bottle_04,31465472,31470176,22894752,22897520
object_and,31473664,31548128,22897520,22938416
object_obj_danpeilift,31551488,31554512,22938416,22940608
object_drs,31555584,31578768,22940608,22954656
object_msmo,31580160,31585952,22954656,22957776
object_an4,31588352,31623376,22957776,22991440
object_wdor01,31625216,31631024,22991440,22995456
object_wdor02,31633408,31639216,22995456,22999920
object_wdor03,31641600,31647408,22999920,23003328
object_wdor04,31649792,31655536,23003328,23007424
object_wdor05,31657984,31663728,23007424,23011024
object_stk3,31666176,31690592,23011024,23036032
object_kinsta1_obj,31690752,31695600,23036032,23039808
object_kinsta2_obj,31698944,31704304,23039808,23043296
object_bh,31707136,31714928,23043296,23047264
object_gi_mask17,31715328,31722576,23047264,23051552
object_gi_mask22,31723520,31729376,23051552,23055408
object_lbfshot,31731712,31737104,23055408,23059664
object_fusen,31739904,31749200,23059664,23065648
object_ending_obj,31752192,31786976,23065648,23088144
object_gi_mask13,31789056,31794688,23088144,23090672
scene_texture_01,31797248,31816960,23090672,23104640
scene_texture_02,31817728,31825152,23104640,23109616
scene_texture_03,31825920,31844352,23109616,23119872
scene_texture_04,31846400,31867392,23119872,23132368
scene_texture_05,31870976,31897600,23132368,23148720
scene_texture_06,31899648,31921248,23148720,23161888
scene_texture_07,31924224,31924240,23161888,23161920
scene_texture_08,31928320,31961088,23161920,23180768
nintendo_rogo_static,31961088,31972800,23180768,23186768
title_static,31973376,32165680,23186768,23315360
parameter_static,32165888,32213792,23315360,23331184
week_static,32215040,32218928,23331184,0
daytelop_static,32219136,32258816,23335072,23342976
ger_daytelop_static,32260096,32299776,23342976,23352384
fra_daytelop_static,32301056,32340736,23352384,23360016
esp_daytelop_static,32342016,32381696,23360016,23367840
d2_fine_static,32382976,32432128,23367840,23376592
d2_cloud_static,32432128,32481280,23376592,23398928
d2_fine_pal_static,32481280,32481792,23398928,23399328
elf_message_field,32485376,32485488,23399328,23399472
elf_message_ydan,32489472,32489488,23399472,23399504
Z2_20SICHITAI2,32493568,32560688,23399504,23452000
Z2_20SICHITAI2_room_00,32563200,32674368,23452000,23512864
Z2_20SICHITAI2_room_01,32677888,32753184,23512864,23557104
Z2_20SICHITAI2_room_02,32755712,32809120,23557104,23588752
Z2_WITCH_SHOP,32813056,32857024,23588752,23616960
Z2_WITCH_SHOP_room_00,32858112,32897632,23616960,23632672
Z2_LAST_BS,32899072,32929920,23632672,23651264
Z2_LAST_BS_room_00,32931840,32967264,23651264,23664480
Z2_HAKASHITA,32968704,33019520,23664480,23700112
Z2_HAKASHITA_room_00,33021952,33054784,23700112,23715552
Z2_HAKASHITA_room_01,33058816,33089072,23715552,23731200
Z2_HAKASHITA_room_02,33091584,33120224,23731200,23743920
Z2_HAKASHITA_room_03,33120256,33138288,23743920,23753168
Z2_HAKASHITA_room_04,33140736,33163712,23753168,23765616
Z2_AYASHIISHOP,33165312,33178784,23765616,23774992
Z2_AYASHIISHOP_room_00,33181696,33254016,23774992,23808576
Z2_AYASHIISHOP_room_01,33255424,33277216,23808576,23816656
Z2_OMOYA,33280000,33327120,23816656,23849984
Z2_OMOYA_room_00,33329152,33367520,23849984,23865760
Z2_OMOYA_room_01,33370112,33435728,23865760,23895408
Z2_OMOYA_room_02,33439744,33480624,23895408,23914944
Z2_BOWLING,33480704,33497248,23914944,23927136
Z2_BOWLING_room_00,33501184,33520976,23927136,23934576
Z2_SONCHONOIE,33521664,33551616,23934576,23952992
Z2_SONCHONOIE_room_00,33554432,33592784,23952992,23969024
Z2_SONCHONOIE_room_01,33595392,33623936,23969024,23983248
Z2_SONCHONOIE_room_02,33624064,33665392,23983248,24003168
Z2_SONCHONOIE_room_03,33669120,33709424,24003168,24020752
Z2_IKANA,33710080,33833856,24020752,24082480
Z2_IKANA_room_00,33837056,34006592,24082480,24193504
Z2_IKANA_room_01,34009088,34010256,24193504,24194032
Z2_IKANA_room_02,34013184,34028336,24194032,24203632
Z2_IKANA_room_03,34029568,34041184,24203632,24211744
Z2_IKANA_room_04,34041856,34076784,24211744,24233920
Z2_KAIZOKU,34078720,34151712,24233920,24282448
Z2_KAIZOKU_room_00,34152448,34234176,24282448,24305376
Z2_MILK_BAR,34234368,34288592,24305376,24338624
Z2_MILK_BAR_room_00,34291712,34336640,24338624,24355664
Z2_INISIE_N,34336768,34412080,24355664,24399504
Z2_INISIE_N_room_00,34414592,34474560,24399504,24426160
Z2_INISIE_N_room_01,34476032,34518272,24426160,24445360
Z2_INISIE_N_room_02,34521088,34551536,24445360,24456640
Z2_INISIE_N_room_03,34553856,34596928,24456640,24473856
Z2_INISIE_N_room_04,34598912,34628912,24473856,24485616
Z2_INISIE_N_room_05,34631680,34632112,24485616,24485888
Z2_INISIE_N_room_06,34635776,34636208,24485888,24486160
Z2_INISIE_N_room_07,34639872,34654992,24486160,24492512
Z2_INISIE_N_room_08,34656256,34675792,24492512,24500512
Z2_INISIE_N_room_09,34676736,34710160,24500512,24516704
Z2_INISIE_N_room_10,34713600,34732592,24516704,24526720
Z2_INISIE_N_room_11,34734080,34734544,24526720,24527040
Z2_TAKARAYA,34738176,34777216,24527040,24552256
Z2_TAKARAYA_room_00,34779136,34811520,24552256,24564896
Z2_INISIE_R,34811904,34885760,24564896,24606176
Z2_INISIE_R_room_00,34889728,34944112,24606176,24630624
Z2_INISIE_R_room_01,34947072,34985552,24630624,24648208
Z2_INISIE_R_room_02,34988032,35021840,24648208,24660800
Z2_INISIE_R_room_03,35024896,35069552,24660800,24679200
Z2_INISIE_R_room_04,35069952,35096224,24679200,24690592
Z2_INISIE_R_room_05,35098624,35099232,24690592,24691008
Z2_INISIE_R_room_06,35102720,35103296,24691008,24691376
Z2_INISIE_R_room_07,35106816,35107280,24691376,24691680
Z2_INISIE_R_room_08,35110912,35128368,24691680,24697952
Z2_INISIE_R_room_09,35131392,35131856,24697952,24698288
Z2_INISIE_R_room_10,35135488,35157968,24698288,24709520
Z2_INISIE_R_room_11,35160064,35177216,24709520,24717024
Z2_OKUJOU,35180544,35291040,24717024,24766256
Z2_OKUJOU_room_00,35291136,35303296,24766256,24770832
Z2_OPENINGDAN,35303424,35348064,24770832,24794800
Z2_OPENINGDAN_room_00,35348480,35395792,24794800,24820208
Z2_OPENINGDAN_room_01,35397632,35423920,24820208,24833168
Z2_MITURIN,35426304,35521424,24833168,24892208
Z2_MITURIN_room_00,35524608,35564624,24892208,24909696
Z2_MITURIN_room_01,35565568,35600496,24909696,24925360
Z2_MITURIN_room_02,35602432,35630304,24925360,24939184
Z2_MITURIN_room_03,35631104,35671488,24939184,24956160
Z2_MITURIN_room_04,35672064,35681360,24956160,24961264
Z2_MITURIN_room_05,35684352,35708992,24961264,24971696
Z2_MITURIN_room_06,35713024,35725328,24971696,24978448
Z2_MITURIN_room_07,35729408,35743584,24978448,24986016
Z2_MITURIN_room_08,35745792,35772208,24986016,25000000
Z2_MITURIN_room_09,35774464,35818976,25000000,25020880
Z2_MITURIN_room_10,35819520,35839664,25020880,25028512
Z2_MITURIN_room_11,35840000,35868064,25028512,25043040
Z2_MITURIN_room_12,35868672,35884176,25043040,25055376
Z2_13HUBUKINOMITI,35885056,35917296,25055376,25082768
Z2_13HUBUKINOMITI_room_00,35917824,35935520,25082768,25094528
Z2_CASTLE,35938304,36001904,25094528,25134832
Z2_CASTLE_room_00,36003840,36102208,25134832,25190464
Z2_CASTLE_room_01,36106240,36131424,25190464,25203264
Z2_CASTLE_room_02,36134912,36157248,25203264,25217728
Z2_CASTLE_room_03,36159488,36181360,25217728,25230256
Z2_CASTLE_room_04,36184064,36218592,25230256,25248624
Z2_CASTLE_room_05,36220928,36237424,25248624,25256768
Z2_CASTLE_room_06,36241408,36251072,25256768,25261632
Z2_CASTLE_room_07,36253696,36263536,25261632,25266160
Z2_CASTLE_room_08,36265984,36269840,25266160,25268320
Z2_CASTLE_room_09,36270080,36273936,25268320,25270464
Z2_DEKUTES,36274176,36310672,25270464,25296976
Z2_DEKUTES_room_00,36311040,36328288,25296976,25303728
Z2_MITURIN_BS,36331520,36344240,25303728,25316016
Z2_MITURIN_BS_room_00,36347904,36355248,25316016,25318352
Z2_SYATEKI_MIZU,36356096,36394688,25318352,25343840
Z2_SYATEKI_MIZU_room_00,36397056,36421968,25343840,25353216
Z2_HAKUGIN,36425728,36538832,25353216,25428368
Z2_HAKUGIN_room_00,36540416,36574256,25428368,25451840
Z2_HAKUGIN_room_01,36577280,36605200,25451840,25473856
Z2_HAKUGIN_room_02,36605952,36656288,25473856,25507568
Z2_HAKUGIN_room_03,36659200,36681808,25507568,25523232
Z2_HAKUGIN_room_04,36683776,36820896,25523232,25604992
Z2_HAKUGIN_room_05,36823040,36853408,25604992,25624752
Z2_HAKUGIN_room_06,36855808,36870736,25624752,25636432
Z2_HAKUGIN_room_07,36872192,36899504,25636432,25658096
Z2_HAKUGIN_room_08,36900864,36921296,25658096,25671552
Z2_HAKUGIN_room_09,36921344,36955200,25671552,25694080
Z2_HAKUGIN_room_10,36958208,36971648,25694080,25703152
Z2_HAKUGIN_room_11,36974592,36986672,25703152,25711536
Z2_HAKUGIN_room_12,36986880,37006608,25711536,25725904
Z2_HAKUGIN_room_13,37007360,37024512,25725904,25740272
Z2_ROMANYMAE,37027840,37041840,25740272,25750528
Z2_ROMANYMAE_room_00,37044224,37057376,25750528,25758112
Z2_PIRATE,37060608,37144144,25758112,25807696
Z2_PIRATE_room_00,37146624,37158848,25807696,25812640
Z2_PIRATE_room_01,37158912,37178880,25812640,25820048
Z2_PIRATE_room_02,37179392,37201024,25820048,25827344
Z2_PIRATE_room_03,37203968,37300576,25827344,25866144
Z2_PIRATE_room_04,37302272,37314912,25866144,25871936
Z2_PIRATE_room_05,37318656,37382944,25871936,25890288
Z2_PIRATE_room_06,37384192,37399808,25890288,25897968
Z2_PIRATE_room_07,37400576,37472768,25897968,25926688
Z2_PIRATE_room_08,37474304,37488608,25926688,25933280
Z2_PIRATE_room_09,37490688,37530928,25933280,25951248
Z2_PIRATE_room_10,37531648,37575776,25951248,25970416
Z2_PIRATE_room_11,37576704,37616752,25970416,25988096
Z2_PIRATE_room_12,37617664,37672496,25988096,26010272
Z2_PIRATE_room_13,37675008,37691888,26010272,26017936
Z2_PIRATE_room_14,37695488,37700928,26017936,26021408
Z2_SYATEKI_MORI,37703680,37776592,26021408,26069632
Z2_SYATEKI_MORI_room_00,37777408,37802064,26069632,26080768
Z2_SINKAI,37806080,37846688,26080768,26114592
Z2_SINKAI_room_00,37847040,37878864,26114592,26132608
Z2_YOUSEI_IZUMI,37879808,38024128,26132608,26196096
Z2_YOUSEI_IZUMI_room_00,38027264,38047968,26196096,26205040
Z2_YOUSEI_IZUMI_room_01,38051840,38072416,26205040,26213888
Z2_YOUSEI_IZUMI_room_02,38076416,38097024,26213888,26222720
Z2_YOUSEI_IZUMI_room_03,38100992,38121568,26222720,26231584
Z2_YOUSEI_IZUMI_room_04,38125568,38146192,26231584,26240464
Z2_KINSTA1,38150144,38194272,26240464,26268608
Z2_KINSTA1_room_00,38195200,38203936,26268608,26271968
Z2_KINSTA1_room_01,38207488,38248704,26271968,26288512
Z2_KINSTA1_room_02,38252544,38274592,26288512,26299920
Z2_KINSTA1_room_03,38277120,38295248,26299920,26307680
Z2_KINSTA1_room_04,38297600,38334544,26307680,26321472
Z2_KINSTA1_room_05,38338560,38346544,26321472,26325760
Z2_KINDAN2,38346752,38411840,26325760,26366176
Z2_KINDAN2_room_00,38412288,38439488,26366176,26381328
Z2_KINDAN2_room_01,38440960,38490896,26381328,26399632
Z2_KINDAN2_room_02,38494208,38536000,26399632,26417216
Z2_KINDAN2_room_03,38539264,38577184,26417216,26432736
Z2_KINDAN2_room_04,38580224,38599360,26432736,26440880
Z2_KINDAN2_room_05,38600704,38632944,26440880,26455872
Z2_TENMON_DAI,38633472,38668160,26455872,26478528
Z2_TENMON_DAI_room_00,38670336,38744864,26478528,26510160
Z2_TENMON_DAI_room_01,38748160,38849200,26510160,26558528
Z2_LAST_DEKU,38850560,38866832,26558528,26570000
Z2_LAST_DEKU_room_00,38866944,38923008,26570000,26610992
Z2_LAST_DEKU_room_01,38924288,38942624,26610992,26625056
Z2_22DEKUCITY,38944768,38998560,26625056,26661664
Z2_22DEKUCITY_room_00,39002112,39074384,26661664,26694176
Z2_22DEKUCITY_room_01,39075840,39135568,26694176,26719424
Z2_22DEKUCITY_room_02,39137280,39212272,26719424,26753264
Z2_KAJIYA,39215104,39246288,26753264,26775728
Z2_KAJIYA_room_00,39247872,39303456,26775728,26797232
Z2_00KEIKOKU,39305216,39536000,26797232,26939440
Z2_00KEIKOKU_room_00,39538688,39704672,26939440,27014096
Z2_POSTHOUSE,39706624,39745456,27014096,27040368
Z2_POSTHOUSE_room_00,39747584,39782672,27040368,27053488
Z2_LABO,39784448,39840832,27053488,27090784
Z2_LABO_room_00,39841792,39876256,27090784,27105776
Z2_DANPEI2TEST,39878656,39902288,27105776,27124064
Z2_DANPEI2TEST_room_00,39903232,39996512,27124064,27164752
Z2_DANPEI2TEST_room_01,39997440,40021168,27164752,27173280
Z2_16GORON_HOUSE,40022016,40075712,27173280,27211472
Z2_16GORON_HOUSE_room_00,40079360,40130000,27211472,27234672
Z2_16GORON_HOUSE_room_01,40132608,40162160,27234672,27248576
Z2_33ZORACITY,40165376,40224624,27248576,27297392
Z2_33ZORACITY_room_00,40226816,40267856,27297392,27317088
Z2_8ITEMSHOP,40271872,40313456,27317088,27344768
Z2_8ITEMSHOP_room_00,40316928,40368688,27344768,27364112
Z2_F01,40370176,40485984,27364112,27443440
Z2_F01_room_00,40488960,40542912,27443440,27470528
Z2_INISIE_BS,40546304,40557584,27470528,27477776
Z2_INISIE_BS_room_00,40558592,40559024,27477776,27478032
Z2_30GYOSON,40562688,40689104,27478032,27566064
Z2_30GYOSON_room_00,40689664,40809216,27566064,27621392
Z2_31MISAKI,40812544,40914832,27621392,27695728
Z2_31MISAKI_room_00,40914944,41010288,27695728,27742064
Z2_TAKARAKUJI,41013248,41022992,27742064,27750192
Z2_TAKARAKUJI_room_00,41025536,41037392,27750192,27754720
Z2_TORIDE,41037824,41087056,27754720,27794544
Z2_TORIDE_room_00,41091072,41144832,27794544,27817072
Z2_FISHERMAN,41148416,41185616,27817072,27845632
Z2_FISHERMAN_room_00,41189376,41223488,27845632,27859840
Z2_GORONSHOP,41226240,41276208,27859840,27895424
Z2_GORONSHOP_room_00,41279488,41317792,27895424,27911184
Z2_DEKU_KING,41320448,41393088,27911184,27956368
Z2_DEKU_KING_room_00,41394176,41432288,27956368,27973216
Z2_LAST_GORON,41435136,41473472,27973216,27996464
Z2_LAST_GORON_room_00,41476096,41565840,27996464,28048112
Z2_LAST_GORON_room_01,41566208,41583808,28048112,28062160
Z2_24KEMONOMITI,41586688,41618256,28062160,28086256
Z2_24KEMONOMITI_room_00,41619456,41644512,28086256,28099760
Z2_F01_B,41648128,41695520,28099760,28138464
Z2_F01_B_room_00,41697280,41726592,28138464,28151104
Z2_F01C,41730048,41788080,28151104,28191120
Z2_F01C_room_00,41791488,41814576,28191120,28200576
Z2_BOTI,41816064,41873872,28200576,28245920
Z2_BOTI_room_00,41877504,41927136,28245920,28272640
Z2_BOTI_room_01,41930752,41966368,28272640,28294976
Z2_HAKUGIN_BS,41967616,42000304,28294976,28319824
Z2_HAKUGIN_BS_room_00,42000384,42025552,28319824,28330528
Z2_20SICHITAI,42029056,42100064,28330528,28386288
Z2_20SICHITAI_room_00,42102784,42224528,28386288,28456208
Z2_20SICHITAI_room_01,42225664,42308864,28456208,28506928
Z2_20SICHITAI_room_02,42311680,42370272,28506928,28544000
Z2_21MITURINMAE,42373120,42418160,28544000,28575856
Z2_21MITURINMAE_room_00,42418176,42482752,28575856,28600000
Z2_LAST_ZORA,42483712,42567712,28600000,28664976
Z2_LAST_ZORA_room_00,42569728,42628960,28664976,28686272
Z2_11GORONNOSATO2,42631168,42657536,28686272,28707200
Z2_11GORONNOSATO2_room_00,42659840,42751728,28707200,28765968
Z2_11GORONNOSATO2_room_01,42754048,42763936,28765968,28771536
Z2_SEA,42766336,42882880,28771536,28846288
Z2_SEA_room_00,42885120,42945120,28846288,28870480
Z2_SEA_room_01,42946560,42980256,28870480,28883104
Z2_SEA_room_02,42983424,42991808,28883104,28886896
Z2_SEA_room_03,42995712,43004992,28886896,28890672
Z2_SEA_room_04,43008000,43043728,28890672,28906624
Z2_SEA_room_05,43044864,43066096,28906624,28918048
Z2_SEA_room_06,43069440,43117968,28918048,28940560
Z2_SEA_room_07,43118592,43139264,28940560,28951712
Z2_SEA_room_08,43143168,43185152,28951712,28967728
Z2_SEA_room_09,43188224,43207408,28967728,28974672
Z2_SEA_room_10,43208704,43244320,28974672,28989504
Z2_SEA_room_11,43245568,43289328,28989504,29008592
Z2_SEA_room_12,43290624,43324784,29008592,29022288
Z2_SEA_room_13,43327488,43341712,29022288,29029248
Z2_SEA_room_14,43343872,43350848,29029248,29033120
Z2_SEA_room_15,43352064,43358576,29033120,29035424
Z2_35TAKI,43360256,43460608,29035424,29119104
Z2_35TAKI_room_00,43462656,43564304,29119104,29172624
Z2_REDEAD,43565056,43618352,29172624,29206048
Z2_REDEAD_room_00,43622400,43643632,29206048,29214672
Z2_REDEAD_room_01,43646976,43682704,29214672,29228656
Z2_REDEAD_room_02,43683840,43716736,29228656,29241440
Z2_REDEAD_room_03,43720704,43751728,29241440,29253312
Z2_REDEAD_room_04,43753472,43783232,29253312,29265760
Z2_REDEAD_room_05,43786240,43824032,29265760,29279936
Z2_REDEAD_room_06,43827200,43855520,29279936,29291680
Z2_REDEAD_room_07,43855872,43880640,29291680,29301152
Z2_REDEAD_room_08,43884544,43894368,29301152,29305088
Z2_REDEAD_room_09,43896832,43907120,29305088,29309248
Z2_REDEAD_room_10,43909120,43919872,29309248,29313568
Z2_REDEAD_room_11,43921408,43960192,29313568,29336544
Z2_REDEAD_room_12,43962368,43966352,29336544,29338032
Z2_REDEAD_room_13,43966464,43972752,29338032,29340352
Z2_BANDROOM,43974656,44021936,29340352,29372048
Z2_BANDROOM_room_00,44023808,44097488,29372048,29417088
Z2_BANDROOM_room_01,44097536,44144416,29417088,29444176
Z2_BANDROOM_room_02,44146688,44205488,29444176,29477200
Z2_BANDROOM_room_03,44208128,44250992,29477200,29504464
Z2_BANDROOM_room_04,44253184,44291664,29504464,29526128
Z2_11GORONNOSATO,44294144,44316416,29526128,29543264
Z2_11GORONNOSATO_room_00,44318720,44399712,29543264,29591488
Z2_11GORONNOSATO_room_01,44400640,44411488,29591488,29598112
Z2_GORON_HAKA,44412928,44447632,29598112,29622736
Z2_GORON_HAKA_room_00,44449792,44481968,29622736,29637296
Z2_SECOM,44482560,44509712,29637296,29653856
Z2_SECOM_room_00,44511232,44524272,29653856,29661552
Z2_SECOM_room_01,44527616,44591536,29661552,29689536
Z2_10YUKIYAMANOMURA,44593152,44652112,29689536,29730048
Z2_10YUKIYAMANOMURA_room_00,44654592,44701376,29730048,29753280
Z2_TOUGITES,44703744,44730304,29753280,29771952
Z2_TOUGITES_room_00,44732416,44750288,29771952,29780240
Z2_DANPEI,44752896,44821248,29780240,29826272
Z2_DANPEI_room_00,44822528,44866496,29826272,29848128
Z2_DANPEI_room_01,44867584,44900992,29848128,29863296
Z2_DANPEI_room_02,44904448,44955856,29863296,29886864
Z2_DANPEI_room_03,44957696,44998416,29886864,29908928
Z2_DANPEI_room_04,44998656,45020336,29908928,29919696
Z2_DANPEI_room_05,45023232,45063792,29919696,29939088
Z2_DANPEI_room_06,45064192,45109840,29939088,29958304
Z2_DANPEI_room_07,45113344,45169424,29958304,29983904
Z2_DANPEI_room_08,45170688,45196304,29983904,29998480
Z2_IKANAMAE,45199360,45232272,29998480,30025760
Z2_IKANAMAE_room_00,45236224,45255632,30025760,30036064
Z2_DOUJOU,45256704,45286704,30036064,30058480
Z2_DOUJOU_room_00,45289472,45315296,30058480,30068896
Z2_MUSICHOUSE,45318144,45422592,30068896,30138256
Z2_MUSICHOUSE_room_00,45424640,45476448,30138256,30159312
Z2_IKNINSIDE,45477888,45522960,30159312,30187584
Z2_IKNINSIDE_room_00,45527040,45537760,30187584,30191488
Z2_IKNINSIDE_room_01,45539328,45570112,30191488,30205696
Z2_MAP_SHOP,45572096,45600800,30205696,30226688
Z2_MAP_SHOP_room_00,45604864,45627488,30226688,30234704
Z2_F40,45629440,45712128,30234704,30297216
Z2_F40_room_00,45715456,45764208,30297216,30320768
Z2_F41,45764608,45845232,30320768,30381920
Z2_F41_room_00,45846528,45893984,30381920,30404576
Z2_10YUKIYAMANOMURA2,45895680,45924448,30404576,30423424
Z2_10YUKIYAMANOMURA2_room_00,45928448,46052496,30423424,30498352
Z2_10YUKIYAMANOMURA2_room_01,46055424,46063152,30498352,30502688
Z2_14YUKIDAMANOMITI,46063616,46087408,30502688,30520416
Z2_14YUKIDAMANOMITI_room_00,46088192,46106032,30520416,30531712
Z2_12HAKUGINMAE,46108672,46138720,30531712,30555472
Z2_12HAKUGINMAE_room_00,46141440,46170288,30555472,30573056
Z2_17SETUGEN,46174208,46214064,30573056,30598576
Z2_17SETUGEN_room_00,46215168,46245616,30598576,30613328
Z2_17SETUGEN2,46247936,46283472,30613328,30641968
Z2_17SETUGEN2_room_00,46284800,46313952,30641968,30656800
Z2_SEA_BS,46317568,46338800,30656800,30675024
Z2_SEA_BS_room_00,46342144,46364880,30675024,30683200
Z2_RANDOM,46366720,46412000,30683200,30714208
Z2_RANDOM_room_00,46415872,46426912,30714208,30719072
Z2_RANDOM_room_01,46428160,46466896,30719072,30734032
Z2_RANDOM_room_02,46469120,46498256,30734032,30748496
Z2_RANDOM_room_03,46501888,46531312,30748496,30763088
Z2_RANDOM_room_04,46534656,46548416,30763088,30769680
Z2_RANDOM_room_05,46551040,46566400,30769680,30777696
Z2_YADOYA,46567424,46630016,30777696,30811904
Z2_YADOYA_room_00,46632960,46732480,30811904,30853248
Z2_YADOYA_room_01,46735360,46768944,30853248,30867488
Z2_YADOYA_room_02,46772224,46796512,30867488,30876560
Z2_YADOYA_room_03,46796800,46817472,30876560,30883824
Z2_YADOYA_room_04,46821376,46851376,30883824,30893840
Z2_KONPEKI_ENT,46854144,46883360,30893840,30912544
Z2_KONPEKI_ENT_room_00,46886912,46912416,30912544,30924240
Z2_INSIDETOWER,46915584,46948160,30924240,30935936
Z2_INSIDETOWER_room_00,46948352,47012368,30935936,30975264
Z2_INSIDETOWER_room_01,47013888,47014320,30975264,30975520
Z2_26SARUNOMORI,47017984,47068384,30975520,31009664
Z2_26SARUNOMORI_room_00,47071232,47085040,31009664,31017040
Z2_26SARUNOMORI_room_01,47087616,47101408,31017040,31024304
Z2_26SARUNOMORI_room_02,47104000,47120992,31024304,31034528
Z2_26SARUNOMORI_room_03,47124480,47134576,31034528,31039680
Z2_26SARUNOMORI_room_04,47136768,47150160,31039680,31046800
Z2_26SARUNOMORI_room_05,47153152,47163248,31046800,31051952
Z2_26SARUNOMORI_room_06,47165440,47181872,31051952,31060720
Z2_26SARUNOMORI_room_07,47185920,47196016,31060720,31065904
Z2_26SARUNOMORI_room_08,47198208,47211824,31065904,31073296
Z2_LOST_WOODS,47214592,47278544,31073296,31104480
Z2_LOST_WOODS_room_00,47280128,47313136,31104480,31127056
Z2_LOST_WOODS_room_01,47316992,47357216,31127056,31155520
Z2_LOST_WOODS_room_02,47357952,47365568,31155520,31158112
Z2_LAST_LINK,47366144,47395600,31158112,31181824
Z2_LAST_LINK_room_00,47398912,47411648,31181824,31189744
Z2_LAST_LINK_room_01,47415296,47425024,31189744,31195472
Z2_LAST_LINK_room_02,47427584,47439600,31195472,31203648
Z2_LAST_LINK_room_03,47439872,47455056,31203648,31214208
Z2_LAST_LINK_room_04,47456256,47462800,31214208,31217648
Z2_LAST_LINK_room_05,47464448,47480624,31217648,31229744
Z2_LAST_LINK_room_06,47480832,47483712,31229744,31230832
Z2_LAST_LINK_room_07,47484928,47487808,31230832,31231920
Z2_SOUGEN,47489024,47534032,31231920,31262416
Z2_SOUGEN_room_00,47534080,47565536,31262416,31276560
Z2_BOMYA,47566848,47618416,31276560,31307328
Z2_BOMYA_room_00,47620096,47652576,31307328,31319712
Z2_KYOJINNOMA,47652864,47713712,31319712,31336976
Z2_KYOJINNOMA_room_00,47714304,47721008,31336976,31339360
Z2_KOEPONARACE,47722496,47764624,31339360,31374320
Z2_KOEPONARACE_room_00,47767552,47801408,31374320,31391680
Z2_GORONRACE,47804416,47867536,31391680,31441312
Z2_GORONRACE_room_00,47869952,47926128,31441312,31475440
Z2_TOWN,47927296,48052080,31475440,31562512
Z2_TOWN_room_00,48054272,48150176,31562512,31602400
Z2_ICHIBA,48152576,48242240,31602400,31665088
Z2_ICHIBA_room_00,48242688,48286464,31665088,31681696
Z2_BACKTOWN,48287744,48357088,31681696,31730240
Z2_BACKTOWN_room_00,48357376,48398720,31730240,31747184
Z2_CLOCKTOWER,48402432,48543328,31747184,31842816
Z2_CLOCKTOWER_room_00,48545792,48625840,31842816,31871456
Z2_ALLEY,48627712,48683104,31871456,31912464
Z2_ALLEY_room_00,48685056,48721136,31912464,31928272
SPOT00,48721920,48772928,31928272,31942320
SPOT00_room_00,48775168,48777488,31942320,31943424
KAKUSIANA,48779264,48843984,31943424,31992240
KAKUSIANA_room_00,48844800,48859792,31992240,32000560
KAKUSIANA_room_01,48861184,48888112,32000560,32021184
KAKUSIANA_room_02,48889856,48898464,32021184,32026240
KAKUSIANA_room_03,48902144,48911008,32026240,32032192
KAKUSIANA_room_04,48914432,48920992,32032192,32035664
KAKUSIANA_room_05,48922624,48928496,32035664,32039360
KAKUSIANA_room_06,48930816,48939824,32039360,32044192
KAKUSIANA_room_07,48943104,48953984,32044192,32052176
KAKUSIANA_room_08,48955392,48968032,32052176,32060048
KAKUSIANA_room_09,48971776,48980496,32060048,32065040
KAKUSIANA_room_10,48984064,48989088,32065040,32067920
KAKUSIANA_room_11,48992256,49001968,32067920,32074944
KAKUSIANA_room_12,49004544,49030368,32074944,32090592
KAKUSIANA_room_13,49033216,49047392,32090592,32098144
KAKUSIANA_room_14,49049600,49058512,32098144,32103024
bump_texture_static,49061888,49062912,32103024,32103696
anime_model_1_static,49065984,49066000,49065984,0
anime_model_2_static,49070080,49070096,49070080,0
anime_model_3_static,49074176,49074192,49074176,0
anime_model_4_static,49078272,49078288,49078272,0
anime_model_5_static,49082368,49082384,49082368,0
anime_model_6_static,49086464,49086480,49086464,0
anime_texture_1_static,49090560,49090576,49090560,0
anime_texture_2_static,49094656,49094672,49094656,0
anime_texture_3_static,49098752,49098768,49098752,0
anime_texture_4_static,49102848,49102864,49102848,0
anime_texture_5_static,49106944,49106960,49106944,0
anime_texture_6_static,49111040,49111056,49111040,0
softsprite_matrix_static,49115136,49115200,49115136,0
