makerom,0,4192,0,0
boot,4192,114960,4192,0
dmadata,114960,140016,114960,0
Audiobank,140016,295264,140016,0
Audioseq,295264,628176,295264,0
Audiotable,628176,6161792,628176,0
kanji,6161792,6670464,6161792,0
link_animetion,6672384,9852928,6670464,0
icon_item_static,9854976,10600864,9851008,10128528
icon_item_24_static,10604544,10635008,10128528,0
icon_item_field_static,10637312,10722032,10158992,10200752
icon_item_dungeon_static,10723328,10742656,10200752,10205776
icon_item_gameover_static,10743808,10756864,10205776,10211664
icon_item_jpn_static,10760192,10790784,10211664,10224400
map_i_static,10792960,10797840,10224400,0
map_grand_static,10797840,10835552,10229280,0
item_name_static,10835552,10912368,10266992,0
map_name_static,10912368,10919520,10343808,0
PLACEHOLDER_01,10919520,11218160,10350960,0
PLACEHOLDER_02,11218160,11263760,10649600,0
PLACEHOLDER_03,11264000,11277936,10695200,0
story_static,11280384,11435008,10709136,10820912
do_action_static,11436032,11452160,10820912,0
message_static,11452416,11473280,10837040,0
message_texture_static,11476992,11481600,10857904,0
nes_font_static,11485184,11502976,10862512,0
jpn_message_data_static,11505664,11915536,10880304,0
staff_message_data_static,11919360,11922656,11290176,0
code,11923456,13219568,11293472,12066992
ovl_title,13219568,13222336,12066992,12068944
ovl_select,13222336,13235920,12068944,12077008
ovl_opening,13235920,13236672,12077008,12077568
ovl_file_choose,13236672,13304512,12077568,12116352
ovl_daytelop,13304512,13309104,12116352,12118240
ovl_kaleido_scope,13309104,13408800,12118240,12177456
ovl_Player_Actor,13408800,13624928,12177456,12323152
ovl_En_Test,13624928,13628272,12323152,12325856
ovl_En_GirlA,13628272,13635184,12325856,12329120
ovl_En_Part,13635184,13636752,12329120,12330480
ovl_En_Light,13636752,13640432,12330480,12333024
ovl_En_Door,13640432,13645488,12333024,12337008
ovl_En_Box,13645488,13654112,12337008,12343296
ovl_En_Pametfrog,13654112,13670640,12343296,12354176
ovl_En_Okuta,13670640,13682912,12354176,12362752
ovl_En_Bom,13682912,13697424,12362752,12372144
ovl_En_Wallmas,13697424,13705200,12372144,12377632
ovl_En_Dodongo,13705200,13717616,12377632,12386400
ovl_En_Firefly,13717616,13725760,12386400,12392064
ovl_En_Horse,13725760,13786144,12392064,12427488
ovl_En_Arrow,13786144,13794976,12427488,12433792
ovl_En_Elf,13794976,13814256,12433792,12446928
ovl_En_Niw,13814256,13824608,12446928,12454592
ovl_En_Tite,13824608,13838752,12454592,12464128
ovl_En_Peehat,13838752,13849536,12464128,12471552
ovl_En_Holl,13849536,13852992,12471552,12474176
ovl_En_Dinofos,13852992,13869888,12474176,12485344
ovl_En_Hata,13869888,13871088,12485344,12486416
ovl_En_Zl1,13871088,13871232,12486416,12486512
ovl_En_Viewer,13871232,13872944,12486512,12487776
ovl_En_Bubble,13872944,13878080,12487776,12491680
ovl_Door_Shutter,13878080,13885216,12491680,12496816
ovl_En_Boom,13885216,13888512,12496816,12499632
ovl_En_Torch2,13888512,13889728,12499632,12500688
ovl_En_Minifrog,13889728,13896352,12500688,12505440
ovl_En_St,13896352,13906976,12505440,12512880
ovl_Obj_Wturn,13906976,13908256,12512880,12513888
ovl_En_River_Sound,13908256,13908848,12513888,12514448
ovl_En_Ossan,13908848,13927616,12514448,12525792
ovl_En_Famos,13927616,13935712,12525792,12531120
ovl_En_Bombf,13935712,13940848,12531120,12535152
ovl_En_Am,13940848,13946576,12535152,12539280
ovl_En_Dekubaba,13946576,13962704,12539280,12549840
ovl_En_M_Fire1,13962704,13963104,12549840,12550160
ovl_En_M_Thunder,13963104,13971200,12550160,12555424
ovl_Bg_Breakwall,13971200,13975600,12555424,12558480
ovl_Door_Warp1,13975600,13991024,12558480,12568560
ovl_Obj_Syokudai,13991024,13994560,12568560,12571424
ovl_Item_B_Heart,13994560,13995568,12571424,12572240
ovl_En_Dekunuts,13995568,14003824,12572240,12577728
ovl_En_Bbfall,14003824,14011520,12577728,12583616
ovl_Arms_Hook,14011520,14014864,12583616,12586272
ovl_En_Bb,14014864,14022304,12586272,12591824
ovl_Bg_Keikoku_Spr,14022304,14022736,12591824,12592192
ovl_En_Wood02,14022736,14027712,12592192,12596128
ovl_En_Death,14027712,14048496,12596128,12610592
ovl_En_Minideath,14048496,14057104,12610592,12616640
ovl_En_Vm,14057104,14062448,12616640,12620704
ovl_Demo_Effect,14062448,14065792,12620704,12623424
ovl_Demo_Kankyo,14065792,14074544,12623424,12629136
ovl_En_Floormas,14074544,14088784,12629136,12638112
ovl_En_Rd,14088784,14102912,12638112,12646512
ovl_Bg_F40_Flift,14102912,14103808,12646512,12647232
ovl_Bg_Heavy_Block,14103808,14110080,12647232,12651840
ovl_Obj_Mure,14110080,14114288,12651840,12654784
ovl_En_Sw,14114288,14127920,12654784,12664336
ovl_Object_Kankyo,14127920,14137952,12664336,12671200
ovl_En_Horse_Link_Child,14137952,14145136,12671200,12675456
ovl_Door_Ana,14145136,14146816,12675456,12676800
ovl_En_Encount1,14146816,14148624,12676800,12678160
ovl_Demo_Tre_Lgt,14148624,14150448,12678160,12679664
ovl_En_Encount2,14150448,14153136,12679664,12681904
ovl_En_Fire_Rock,14153136,14153280,12681904,12682000
ovl_Bg_Ctower_Rot,14153280,14154704,12682000,12683136
ovl_Mir_Ray,14154704,14161120,12683136,12688304
ovl_En_Sb,14161120,14165440,12688304,12691344
ovl_En_Bigslime,14165440,14215168,12691344,12722624
ovl_En_Karebaba,14215168,14223024,12722624,12728032
ovl_En_In,14223024,14240496,12728032,12738800
ovl_En_Bom_Chu,14240496,14246112,12738800,12743216
ovl_En_Horse_Game_Check,14246112,14251072,12743216,12746416
ovl_En_Rr,14251072,14261136,12746416,12753824
ovl_En_Fr,14261136,14261504,12753824,12754112
ovl_En_Fishing,14261504,14342176,12754112,12808688
ovl_Obj_Oshihiki,14342176,14348496,12808688,12813104
ovl_Eff_Dust,14348496,14353472,12813104,12816304
ovl_Bg_Umajump,14353472,14355792,12816304,12818000
ovl_En_Insect,14355792,14361936,12818000,12822048
ovl_En_Butte,14361936,14367456,12822048,12826016
ovl_En_Fish,14367456,14377872,12826016,12833056
ovl_Item_Etcetera,14377872,14379008,12833056,12833904
ovl_Arrow_Fire,14379008,14387424,12833904,12841040
ovl_Arrow_Ice,14387424,14395296,12841040,12847280
ovl_Arrow_Light,14395296,14403136,12847280,12853616
ovl_Obj_Kibako,14403136,14408272,12853616,12857232
ovl_Obj_Tsubo,14408272,14417312,12857232,12862784
ovl_En_Ik,14417312,14428608,12862784,12870512
ovl_Demo_Shd,14428608,14428752,12870512,12870608
ovl_En_Dns,14428752,14435248,12870608,12875312
ovl_Elf_Msg,14435248,14436656,12875312,12876352
ovl_En_Honotrap,14436656,14445568,12876352,12882720
ovl_En_Tubo_Trap,14445568,14449024,12882720,12885232
ovl_Obj_Ice_Poly,14449024,14452912,12885232,12888288
ovl_En_Fz,14452912,14462464,12888288,12894944
ovl_En_Kusa,14462464,14470896,12894944,12901360
ovl_Obj_Bean,14470896,14480816,12901360,12907888
ovl_Obj_Bombiwa,14480816,14486992,12907888,12912448
ovl_Obj_Switch,14486992,14497200,12912448,12918624
ovl_Obj_Lift,14497200,14499984,12918624,12920944
ovl_Obj_Hsblock,14499984,14501392,12920944,12922080
ovl_En_Okarina_Tag,14501392,14502848,12922080,12923248
ovl_En_Goroiwa,14502848,14522320,12923248,12937184
ovl_En_Daiku,14522320,14525824,12937184,12939904
ovl_En_Nwc,14525824,14530800,12939904,12943712
ovl_Item_Inbox,14530800,14531152,12943712,12943984
ovl_En_Ge1,14531152,14535328,12943984,12947072
ovl_Obj_Blockstop,14535328,14535888,12947072,12947568
ovl_En_Sda,14535888,14541600,12947568,12951360
ovl_En_Clear_Tag,14541600,14566080,12951360,12966240
ovl_En_Gm,14566080,14584304,12966240,12978016
ovl_En_Ms,14584304,14585888,12978016,12979264
ovl_En_Hs,14585888,14589536,12979264,12982064
ovl_Bg_Ingate,14589536,14593296,12982064,12984976
ovl_En_Kanban,14593296,14607520,12984976,12993744
ovl_En_Attack_Niw,14607520,14612160,12993744,12997136
ovl_En_Mk,14612160,14616864,12997136,13000512
ovl_En_Owl,14616864,14629744,13000512,13008912
ovl_En_Ishi,14629744,14639008,13008912,13015664
ovl_Obj_Hana,14639008,14639232,13015664,13015856
ovl_Obj_Lightswitch,14639232,14643584,13015856,13018768
ovl_Obj_Mure2,14643584,14646128,13018768,13020656
ovl_En_Fu,14646128,14662368,13020656,13031424
ovl_En_Stream,14662368,14663744,13031424,13032608
ovl_En_Mm,14663744,14665888,13032608,13034336
ovl_En_Weather_Tag,14665888,14671456,13034336,13037840
ovl_En_Ani,14671456,14675008,13037840,13040416
ovl_En_Js,14675008,14685488,13040416,13047216
ovl_En_Okarina_Effect,14685488,14686176,13047216,13047744
ovl_En_Mag,14686176,14702352,13047744,13056144
ovl_Elf_Msg2,14702352,14703696,13056144,13057056
ovl_Bg_F40_Swlift,14703696,14704832,13057056,13058032
ovl_En_Kakasi,14704832,14716352,13058032,13065424
ovl_Obj_Makeoshihiki,14716352,14717168,13065424,13066176
ovl_Oceff_Spot,14717168,14721024,13066176,13069472
ovl_En_Torch,14721024,14721264,13069472,13069696
ovl_Shot_Sun,14721264,14722896,13069696,13071024
ovl_Obj_Roomtimer,14722896,14723568,13071024,13071568
ovl_En_Ssh,14723568,14733376,13071568,13078288
ovl_Oceff_Wipe,14733376,14736816,13078288,13081264
ovl_Effect_Ss_Dust,14736816,14738848,13081264,13082912
ovl_Effect_Ss_Kirakira,14738848,14740432,13082912,13084272
ovl_Effect_Ss_Bomb2,14740432,14742576,13084272,13086000
ovl_Effect_Ss_Blast,14742576,14743440,13086000,13086832
ovl_Effect_Ss_G_Spk,14743440,14744848,13086832,13088096
ovl_Effect_Ss_D_Fire,14744848,14745888,13088096,13089072
ovl_Effect_Ss_Bubble,14745888,14747280,13089072,13090272
ovl_Effect_Ss_G_Ripple,14747280,14748592,13090272,13091440
ovl_Effect_Ss_G_Splash,14748592,14749648,13091440,13092288
ovl_Effect_Ss_G_Fire,14749648,14750176,13092288,13092784
ovl_Effect_Ss_Lightning,14750176,14751936,13092784,13094384
ovl_Effect_Ss_Dt_Bubble,14751936,14753232,13094384,13095520
ovl_Effect_Ss_Hahen,14753232,14754672,13095520,13096656
ovl_Effect_Ss_Stick,14754672,14755376,13096656,13097312
ovl_Effect_Ss_Sibuki,14755376,14757008,13097312,13098768
ovl_Effect_Ss_Stone1,14757008,14757872,13098768,13099568
ovl_Effect_Ss_Hitmark,14757872,14759152,13099568,13100672
ovl_Effect_Ss_Fhg_Flash,14759152,14761840,13100672,13102352
ovl_Effect_Ss_K_Fire,14761840,14762928,13102352,13103392
ovl_Effect_Ss_Solder_Srch_Ball,14762928,14764032,13103392,13104368
ovl_Effect_Ss_Kakera,14764032,14768192,13104368,13107472
ovl_Effect_Ss_Ice_Piece,14768192,14769216,13107472,13108448
ovl_Effect_Ss_En_Ice,14769216,14771184,13108448,13110160
ovl_Effect_Ss_Fire_Tail,14771184,14772944,13110160,13111744
ovl_Effect_Ss_En_Fire,14772944,14774592,13111744,13113248
ovl_Effect_Ss_Extra,14774592,14775472,13113248,13114112
ovl_Effect_Ss_Dead_Db,14775472,14776512,13114112,13115088
ovl_Effect_Ss_Dead_Dd,14776512,14777936,13115088,13116400
ovl_Effect_Ss_Dead_Ds,14777936,14779088,13116400,13117472
ovl_Oceff_Storm,14779088,14786704,13117472,13124608
ovl_Obj_Demo,14786704,14787680,13124608,13125328
ovl_En_Minislime,14787680,14796720,13125328,13131472
ovl_En_Nutsball,14796720,14798304,13131472,13132928
ovl_Oceff_Wipe2,14798304,14804320,13132928,13136592
ovl_Oceff_Wipe3,14804320,14810320,13136592,13141360
ovl_En_Dg,14810320,14824752,13141360,13150512
ovl_En_Si,14824752,14825808,13150512,13151296
ovl_Obj_Comb,14825808,14831824,13151296,13155536
ovl_Obj_Kibako2,14831824,14834288,13155536,13157552
ovl_En_Hs2,14834288,14834512,13157552,13157728
ovl_Obj_Mure3,14834512,14836496,13157728,13159280
ovl_En_Tg,14836496,14839328,13159280,13161568
ovl_En_Wf,14839328,14856896,13161568,13172768
ovl_En_Skb,14856896,14869888,13172768,13181120
ovl_En_Gs,14869888,14881760,13181120,13189744
ovl_Obj_Sound,14881760,14882288,13189744,13190176
ovl_En_Crow,14882288,14888272,13190176,13194608
ovl_En_Cow,14888272,14893632,13194608,13198080
ovl_Oceff_Wipe4,14893632,14897760,13198080,13201184
ovl_En_Zo,14897760,14901760,13201184,13204256
ovl_Effect_Ss_Ice_Smoke,14901760,14902544,13204256,13205008
ovl_Obj_Makekinsuta,14902544,14903680,13205008,13205952
ovl_En_Ge3,14903680,14907888,13205952,13209072
ovl_Obj_Hamishi,14907888,14911104,13209072,13211696
ovl_En_Zl4,14911104,14912256,13211696,13212624
ovl_En_Mm2,14912256,14915120,13212624,13214240
ovl_Door_Spiral,14915120,14917296,13214240,13215984
ovl_Obj_Pzlblock,14917296,14920848,13215984,13218592
ovl_Obj_Toge,14920848,14923984,13218592,13221104
ovl_Obj_Armos,14923984,14927840,13221104,13224016
ovl_Obj_Boyo,14927840,14929232,13224016,13225232
ovl_En_Grasshopper,14929232,14941184,13225232,13233632
ovl_Obj_Grass,14941184,14948496,13233632,13239296
ovl_Obj_Grass_Carry,14948496,14952464,13239296,13242448
ovl_Obj_Grass_Unit,14952464,14954208,13242448,13243744
ovl_Bg_Fire_Wall,14954208,14956432,13243744,13245536
ovl_En_Bu,14956432,14956864,13245536,13245904
ovl_En_Encount3,14956864,14959376,13245904,13248096
ovl_En_Jso,14959376,14974688,13248096,13258800
ovl_Obj_Chikuwa,14974688,14977664,13258800,13261344
ovl_En_Knight,14977664,15031040,13261344,13296432
ovl_En_Warp_tag,15031040,15033472,13296432,13298416
ovl_En_Aob_01,15033472,15045104,13298416,13306464
ovl_En_Boj_01,15045104,15045248,13306464,13306560
ovl_En_Boj_02,15045248,15045392,13306560,13306656
ovl_En_Boj_03,15045392,15045536,13306656,13306752
ovl_En_Encount4,15045536,15047680,13306752,13308496
ovl_En_Bom_Bowl_Man,15047680,15055248,13308496,13313840
ovl_En_Syateki_Man,15055248,15068896,13313840,13322384
ovl_Bg_Icicle,15068896,15071344,13322384,13324368
ovl_En_Syateki_Crow,15071344,15074944,13324368,13327344
ovl_En_Boj_04,15074944,15075088,13327344,13327440
ovl_En_Cne_01,15075088,15078624,13327440,13330224
ovl_En_Bba_01,15078624,15082080,13330224,13332976
ovl_En_Bji_01,15082080,15086384,13332976,13336064
ovl_Bg_Spdweb,15086384,15091648,13336064,13339904
ovl_En_Mt_tag,15091648,15096208,13339904,13343328
ovl_Boss_01,15096208,15130224,13343328,13366512
ovl_Boss_02,15130224,15155424,13366512,13384096
ovl_Boss_03,15155424,15184336,13384096,13404032
ovl_Boss_04,15184336,15193744,13404032,13411040
ovl_Boss_05,15193744,15209184,13411040,13421664
ovl_Boss_06,15209184,15217936,13421664,13428288
ovl_Boss_07,15217936,15304192,13428288,13486048
ovl_Bg_Dy_Yoseizo,15304192,15312096,13486048,13491888
ovl_En_Boj_05,15312096,15312240,13491888,13491984
ovl_En_Sob1,15312240,15330816,13491984,13503968
ovl_En_Go,15330816,15354768,13503968,13520592
ovl_En_Raf,15354768,15365520,13520592,13527696
ovl_Obj_Funen,15365520,15365984,13527696,13528144
ovl_Obj_Raillift,15365984,15369040,13528144,13530624
ovl_Bg_Numa_Hana,15369040,15372832,13530624,13533424
ovl_Obj_Flowerpot,15372832,15382144,13533424,13539776
ovl_Obj_Spinyroll,15382144,15388736,13539776,13544560
ovl_Dm_Hina,15388736,15391360,13544560,13546560
ovl_En_Syateki_Wf,15391360,15396224,13546560,13550224
ovl_Obj_Skateblock,15396224,15403376,13550224,13555488
ovl_Effect_En_Ice_Block,15403376,15404224,13555488,13556272
ovl_Obj_Iceblock,15404224,15421776,13556272,13568544
ovl_En_Bigpamet,15421776,15431344,13568544,13575264
ovl_Bg_Dblue_Movebg,15431344,15439904,13575264,13581632
ovl_En_Syateki_Dekunuts,15439904,15444272,13581632,13584976
ovl_Elf_Msg3,15444272,15445664,13584976,13586016
ovl_En_Fg,15445664,15451072,13586016,13590000
ovl_Dm_Ravine,15451072,15451520,13590000,13590368
ovl_Dm_Sa,15451520,15452608,13590368,13591248
ovl_En_Slime,15452608,15466016,13591248,13600336
ovl_En_Pr,15466016,15472416,13600336,13605184
ovl_Obj_Toudai,15472416,15475488,13605184,13607200
ovl_Obj_Entotu,15475488,15478992,13607200,13609360
ovl_Obj_Bell,15478992,15481776,13609360,13611344
ovl_En_Syateki_Okuta,15481776,15489680,13611344,13616176
ovl_Obj_Shutter,15489680,15490384,13616176,13616816
ovl_Dm_Zl,15490384,15492448,13616816,13618448
ovl_En_Ru,15492448,15495792,13618448,13621040
ovl_En_Elfgrp,15495792,15501376,13621040,13625008
ovl_Dm_Tsg,15501376,15502432,13625008,13625968
ovl_En_Baguo,15502432,15507648,13625968,13630096
ovl_Obj_Vspinyroll,15507648,15512160,13630096,13633520
ovl_Obj_Smork,15512160,15515504,13633520,13635568
ovl_En_Test2,15515504,15516608,13635568,13636480
ovl_En_Test3,15516608,15530336,13636480,13646480
ovl_En_Test4,15530336,15537040,13646480,13650768
ovl_En_Bat,15537040,15543072,13650768,13655488
ovl_En_Sekihi,15543072,15544896,13655488,13656976
ovl_En_Wiz,15544896,15560384,13656976,13667936
ovl_En_Wiz_Brock,15560384,15562144,13667936,13669408
ovl_En_Wiz_Fire,15562144,15573904,13669408,13677648
ovl_Eff_Change,15573904,15575216,13677648,13678800
ovl_Dm_Statue,15575216,15575440,13678800,13678976
ovl_Obj_Fireshield,15575440,15579376,13678976,13682112
ovl_Bg_Ladder,15579376,15580624,13682112,13683120
ovl_En_Mkk,15580624,15587648,13683120,13688256
ovl_Demo_Getitem,15587648,15588608,13688256,13689072
ovl_En_Dnb,15588608,15592560,13689072,13692144
ovl_En_Dnh,15592560,15594528,13692144,13693776
ovl_En_Dnk,15594528,15598688,13693776,13696464
ovl_En_Dnq,15598688,15603536,13696464,13699792
ovl_Bg_Keikoku_Saku,15603536,15604656,13699792,13700736
ovl_Obj_Hugebombiwa,15604656,15614096,13700736,13706800
ovl_En_Firefly2,15614096,15614240,13706800,13706896
ovl_En_Rat,15614240,15624048,13706896,13714144
ovl_En_Water_Effect,15624048,15634736,13714144,13721376
ovl_En_Kusa2,15634736,15651216,13721376,13732928
ovl_Bg_Spout_Fire,15651216,15653152,13732928,13734576
ovl_En_Dy_Extra,15653152,15654592,13734576,13735808
ovl_En_Bal,15654592,15666000,13735808,13743552
ovl_En_Ginko_Man,15666000,15673392,13743552,13747968
ovl_En_Warp_Uzu,15673392,15674400,13747968,13748768
ovl_Obj_Driftice,15674400,15679328,13748768,13752416
ovl_En_Look_Nuts,15679328,15683136,13752416,13755216
ovl_En_Mushi2,15683136,15697248,13755216,13764656
ovl_En_Fall,15697248,15708048,13764656,13771824
ovl_En_Mm3,15708048,15713616,13771824,13775504
ovl_Bg_Crace_Movebg,15713616,15716368,13775504,13777488
ovl_En_Dno,15716368,15728080,13777488,13785168
ovl_En_Pr2,15728080,15736048,13785168,13790912
ovl_En_Prz,15736048,15741680,13790912,13795280
ovl_En_Jso2,15741680,15760480,13795280,13808192
ovl_Obj_Etcetera,15760480,15763840,13808192,13810752
ovl_En_Egol,15763840,15782464,13810752,13823568
ovl_Obj_Mine,15782464,15796800,13823568,13833504
ovl_Obj_Purify,15796800,15799184,13833504,13835232
ovl_En_Tru,15799184,15824112,13835232,13850928
ovl_En_Trt,15824112,15843392,13850928,13863312
ovl_En_Test5,15843392,15844288,13863312,13864080
ovl_En_Test6,15844288,15861280,13864080,13875552
ovl_En_Az,15861280,15882576,13875552,13889280
ovl_En_Estone,15882576,15886208,13889280,13892240
ovl_Bg_Hakugin_Post,15886208,15898736,13892240,13901264
ovl_Dm_Opstage,15898736,15899856,13901264,13902112
ovl_Dm_Stk,15899856,15922288,13902112,13914656
ovl_Dm_Char00,15922288,15933648,13914656,13920624
ovl_Dm_Char01,15933648,15944976,13920624,13927248
ovl_Dm_Char02,15944976,15946624,13927248,13928544
ovl_Dm_Char03,15946624,15948576,13928544,13930032
ovl_Dm_Char04,15948576,15950976,13930032,13932016
ovl_Dm_Char05,15950976,15959392,13932016,13936464
ovl_Dm_Char06,15959392,15960224,13936464,13937168
ovl_Dm_Char07,15960224,15961904,13937168,13938224
ovl_Dm_Char08,15961904,15973504,13938224,13946064
ovl_Dm_Char09,15973504,15975936,13946064,13948144
ovl_Obj_Tokeidai,15975936,15985536,13948144,13954400
ovl_En_Mnk,15985536,16008704,13954400,13967712
ovl_En_Egblock,16008704,16011072,13967712,13969632
ovl_En_Guard_Nuts,16011072,16014880,13969632,13972624
ovl_Bg_Hakugin_Bombwall,16014880,16019472,13972624,13975936
ovl_Obj_Tokei_Tobira,16019472,16021104,13975936,13977392
ovl_Bg_Hakugin_Elvpole,16021104,16022240,13977392,13978320
ovl_En_Ma4,16022240,16033376,13978320,13985376
ovl_En_Twig,16033376,16035968,13985376,13987520
ovl_En_Po_Fusen,16035968,16039136,13987520,13990064
ovl_En_Door_Etc,16039136,16041216,13990064,13991760
ovl_En_Bigokuta,16041216,16049920,13991760,13997984
ovl_Bg_Icefloe,16049920,16051824,13997984,13999456
ovl_fbdemo_triforce,16051824,16053712,13999456,14000800
ovl_fbdemo_wipe1,16053712,16057696,14000800,14003504
ovl_fbdemo_wipe3,16057696,16065104,14003504,14006336
ovl_fbdemo_wipe4,16065104,16065808,14006336,14006912
ovl_fbdemo_wipe5,16065808,16066928,14006912,14007840
ovl_Effect_Ss_Sbn,16066928,16069344,14007840,14009744
ovl_Obj_Ocarinalift,16069344,16071872,14009744,14011632
ovl_En_Time_Tag,16071872,16075056,14011632,14013920
ovl_Bg_Open_Shutter,16075056,16076800,14013920,14015392
ovl_Bg_Open_Spot,16076800,16077344,14015392,14015856
ovl_Bg_Fu_Kaiten,16077344,16078016,14015856,14016448
ovl_Obj_Aqua,16078016,16081536,14016448,14019152
ovl_En_Elforg,16081536,16087792,14019152,14023584
ovl_En_Elfbub,16087792,16089424,14023584,14025088
ovl_En_Fu_Mato,16089424,16094624,14025088,14029312
ovl_En_Fu_Kago,16094624,16098896,14029312,14032640
ovl_En_Osn,16098896,16107920,14032640,14038432
ovl_Bg_Ctower_Gear,16107920,16109984,14038432,14040048
ovl_En_Trt2,16109984,16120128,14040048,14046944
ovl_Obj_Tokei_Step,16120128,16123120,14046944,14049328
ovl_Bg_Lotus,16123120,16124768,14049328,14050656
ovl_En_Kame,16124768,16134096,14050656,14057152
ovl_Obj_Takaraya_Wall,16134096,16138720,14057152,14060832
ovl_Bg_Fu_Mizu,16138720,16139456,14060832,14061488
ovl_En_Sellnuts,16139456,16152848,14061488,14070176
ovl_Bg_Dkjail_Ivy,16152848,16154960,14070176,14071936
ovl_Obj_Visiblock,16154960,16155248,14071936,14072176
ovl_En_Takaraya,16155248,16159616,14072176,14075472
ovl_En_Tsn,16159616,16166240,14075472,14079856
ovl_En_Ds2n,16166240,16167552,14079856,14080928
ovl_En_Fsn,16167552,16185408,14080928,14092400
ovl_En_Shn,16185408,16190128,14092400,14095712
ovl_En_Stop_heishi,16190128,16196224,14095712,14100208
ovl_Obj_Bigicicle,16196224,16199984,14100208,14103056
ovl_En_Lift_Nuts,16199984,16210800,14103056,14109712
ovl_En_Tk,16210800,16226096,14109712,14119952
ovl_Bg_Market_Step,16226096,16226368,14119952,14120192
ovl_Obj_Lupygamelift,16226368,16228080,14120192,14121648
ovl_En_Test7,16228080,16240512,14121648,14130448
ovl_Obj_Lightblock,16240512,16242144,14130448,14131776
ovl_Mir_Ray2,16242144,16243296,14131776,14132768
ovl_En_Wdhand,16243296,16252368,14132768,14139296
ovl_En_Gamelupy,16252368,16254032,14139296,14140688
ovl_Bg_Danpei_Movebg,16254032,16256176,14140688,14142400
ovl_En_Snowwd,16256176,16257456,14142400,14143520
ovl_En_Pm,16257456,16277504,14143520,14156128
ovl_En_Gakufu,16277504,16280096,14156128,14158256
ovl_Elf_Msg4,16280096,16281648,14158256,14159408
ovl_Elf_Msg5,16281648,16282336,14159408,14159872
ovl_En_Col_Man,16282336,16285504,14159872,14162320
ovl_En_Talk_Gibud,16285504,16297968,14162320,14170560
ovl_En_Giant,16297968,16302608,14170560,14173872
ovl_Obj_Snowball,16302608,16312272,14173872,14180928
ovl_Boss_Hakugin,16312272,16353344,14180928,14209616
ovl_En_Gb2,16353344,16363712,14209616,14216384
ovl_En_Onpuman,16363712,16365200,14216384,14217568
ovl_Bg_Tobira01,16365200,16366288,14217568,14218480
ovl_En_Tag_Obj,16366288,16366560,14218480,14218704
ovl_Obj_Dhouse,16366560,16372704,14218704,14223024
ovl_Obj_Hakaisi,16372704,16378352,14223024,14227072
ovl_Bg_Hakugin_Switch,16378352,16383312,14227072,14230256
ovl_En_Snowman,16383312,16396720,14230256,14240000
ovl_TG_Sw,16396720,16397856,14240000,14240912
ovl_En_Po_Sisters,16397856,16412960,14240912,14251328
ovl_En_Pp,16412960,16428400,14251328,14262000
ovl_En_Hakurock,16428400,16432752,14262000,14265184
ovl_En_Hanabi,16432752,16437184,14265184,14268752
ovl_Obj_Dowsing,16437184,16437568,14268752,14269024
ovl_Obj_Wind,16437568,16439744,14269024,14270672
ovl_En_Racedog,16439744,16447104,14270672,14276192
ovl_En_Kendo_Js,16447104,16454704,14276192,14281280
ovl_Bg_Botihasira,16454704,16455456,14281280,14281952
ovl_En_Fish2,16455456,16469120,14281952,14291808
ovl_En_Pst,16469120,16472896,14291808,14294272
ovl_En_Poh,16472896,16486240,14294272,14303136
ovl_Obj_Spidertent,16486240,16493024,14303136,14307824
ovl_En_Zoraegg,16493024,16503168,14307824,14314608
ovl_En_Kbt,16503168,16507872,14314608,14318000
ovl_En_Gg,16507872,16516384,14318000,14324048
ovl_En_Maruta,16516384,16523968,14324048,14329104
ovl_Obj_Snowball2,16523968,16531696,14329104,14334816
ovl_En_Gg2,16531696,16537344,14334816,14338960
ovl_Obj_Ghaka,16537344,16539328,14338960,14340544
ovl_En_Dnp,16539328,16544896,14340544,14344464
ovl_En_Dai,16544896,16553232,14344464,14350288
ovl_Bg_Goron_Oyu,16553232,16555152,14350288,14351744
ovl_En_Kgy,16555152,16567904,14351744,14359568
ovl_En_Invadepoh,16567904,16619456,14359568,14390144
ovl_En_Gk,16619456,16632752,14390144,14399072
ovl_En_An,16632752,16661056,14399072,14416016
ovl_En_Bee,16661056,16664064,14416016,14418464
ovl_En_Ot,16664064,16677792,14418464,14428176
ovl_En_Dragon,16677792,16686496,14428176,14434368
ovl_Obj_Dora,16686496,16689328,14434368,14436512
ovl_En_Bigpo,16689328,16705424,14436512,14447984
ovl_Obj_Kendo_Kanban,16705424,16710896,14447984,14452080
ovl_Obj_Hariko,16710896,16711680,14452080,14452720
ovl_En_Sth,16711680,16738608,14452720,14471520
ovl_Bg_Sinkai_Kabe,16738608,16740016,14471520,14472720
ovl_Bg_Haka_Curtain,16740016,16741104,14472720,14473488
ovl_Bg_Kin2_Bombwall,16741104,16743120,14473488,14475120
ovl_Bg_Kin2_Fence,16743120,16745040,14475120,14476544
ovl_Bg_Kin2_Picture,16745040,16748000,14476544,14478976
ovl_Bg_Kin2_Shelf,16748000,16751472,14478976,14481360
ovl_En_Rail_Skb,16751472,16764208,14481360,14489792
ovl_En_Jg,16764208,16773840,14489792,14496272
ovl_En_Tru_Mt,16773840,16779792,14496272,14500832
ovl_Obj_Um,16779792,16800512,14500832,14514992
ovl_En_Neo_Reeba,16800512,16808864,14514992,14520608
ovl_Bg_Mbar_Chair,16808864,16809168,14520608,14520848
ovl_Bg_Ikana_Block,16809168,16812448,14520848,14523312
ovl_Bg_Ikana_Mirror,16812448,16815440,14523312,14525344
ovl_Bg_Ikana_Rotaryroom,16815440,16823840,14525344,14531008
ovl_Bg_Dblue_Balance,16823840,16829920,14531008,14535584
ovl_Bg_Dblue_Waterfall,16829920,16836336,14535584,14540224
ovl_En_Kaizoku,16836336,16860208,14540224,14555680
ovl_En_Ge2,16860208,16867728,14555680,14560768
ovl_En_Ma_Yts,16867728,16873088,14560768,14564320
ovl_En_Ma_Yto,16873088,16887328,14564320,14571664
ovl_Obj_Tokei_Turret,16887328,16887936,14571664,14572192
ovl_Bg_Dblue_Elevator,16887936,16890992,14572192,14574544
ovl_Obj_Warpstone,16890992,16892912,14574544,14576048
ovl_En_Zog,16892912,16903600,14576048,14583744
ovl_Obj_Rotlift,16903600,16904560,14583744,14584656
ovl_Obj_Jg_Gakki,16904560,16905120,14584656,14585168
ovl_Bg_Inibs_Movebg,16905120,16905568,14585168,14585584
ovl_En_Zot,16905568,16920640,14585584,14594848
ovl_Obj_Tree,16920640,16922080,14594848,14596032
ovl_Obj_Y2lift,16922080,16922896,14596032,14596752
ovl_Obj_Y2shutter,16922896,16924384,14596752,14598000
ovl_Obj_Boat,16924384,16926320,14598000,14599616
ovl_Obj_Taru,16926320,16929760,14599616,14602304
ovl_Obj_Hunsui,16929760,16936544,14602304,14607232
ovl_En_Jc_Mato,16936544,16937536,14607232,14608080
ovl_Mir_Ray3,16937536,16942320,14608080,14611952
ovl_En_Zob,16942320,16950560,14611952,14617040
ovl_Elf_Msg6,16950560,16954272,14617040,14619392
ovl_Obj_Nozoki,16954272,16959376,14619392,14623152
ovl_En_Toto,16959376,16966816,14623152,14628320
ovl_En_Railgibud,16966816,16980128,14628320,14637440
ovl_En_Baba,16980128,16987984,14637440,14643248
ovl_En_Suttari,16987984,17005936,14643248,14655280
ovl_En_Zod,17005936,17012448,14655280,14660048
ovl_En_Kujiya,17012448,17016016,14660048,14662208
ovl_En_Geg,17016016,17028352,14662208,14670496
ovl_Obj_Kinoko,17028352,17029312,14670496,14671392
ovl_Obj_Yasi,17029312,17030032,14671392,14672064
ovl_En_Tanron1,17030032,17036640,14672064,14676272
ovl_En_Tanron2,17036640,17043936,14676272,14681584
ovl_En_Tanron3,17043936,17048864,14681584,14685392
ovl_Obj_Chan,17048864,17053904,14685392,14689616
ovl_En_Zos,17053904,17061552,14689616,14694496
ovl_En_S_Goro,17061552,17074480,14694496,14702400
ovl_En_Nb,17074480,17081472,14702400,14707248
ovl_En_Ja,17081472,17089792,14707248,14712896
ovl_Bg_F40_Block,17089792,17093424,14712896,14715312
ovl_Bg_F40_Switch,17093424,17094608,14715312,14716176
ovl_En_Po_Composer,17094608,17101968,14716176,14721104
ovl_En_Guruguru,17101968,17105776,14721104,14724080
ovl_Oceff_Wipe5,17105776,17111808,14724080,14730000
ovl_En_Stone_heishi,17111808,17116656,14730000,14733680
ovl_Oceff_Wipe6,17116656,17118272,14733680,14734992
ovl_En_Scopenuts,17118272,17127488,14734992,14741376
ovl_En_Scopecrow,17127488,17130736,14741376,14743904
ovl_Oceff_Wipe7,17130736,17134416,14743904,14745776
ovl_Eff_Kamejima_Wave,17134416,17136112,14745776,14747088
ovl_En_Hg,17136112,17140416,14747088,14750064
ovl_En_Hgo,17140416,17144304,14750064,14752864
ovl_En_Zov,17144304,17150528,14752864,14757216
ovl_En_Ah,17150528,17156256,14757216,14761104
ovl_Obj_Hgdoor,17156256,17157936,14761104,14762368
ovl_Bg_Ikana_Bombwall,17157936,17161136,14762368,14764608
ovl_Bg_Ikana_Ray,17161136,17161856,14764608,14765168
ovl_Bg_Ikana_Shutter,17161856,17163760,14765168,14766288
ovl_Bg_Haka_Bombwall,17163760,17165648,14766288,14767808
ovl_Bg_Haka_Tomb,17165648,17166560,14767808,14768512
ovl_En_Sc_Ruppe,17166560,17168096,14768512,14769776
ovl_Bg_Iknv_Doukutu,17168096,17171072,14769776,14771936
ovl_Bg_Iknv_Obj,17171072,17173120,14771936,14773424
ovl_En_Pamera,17173120,17183232,14773424,14779520
ovl_Obj_HsStump,17183232,17184800,14779520,14780880
ovl_En_Hidden_Nuts,17184800,17189568,14780880,14784240
ovl_En_Zow,17189568,17197104,14784240,14789392
ovl_En_Talk,17197104,17197552,14789392,14789744
ovl_En_Al,17197552,17206576,14789744,14795712
ovl_En_Tab,17206576,17212624,14795712,14800016
ovl_En_Nimotsu,17212624,17213568,14800016,14800864
ovl_En_Hit_Tag,17213568,17214128,14800864,14801344
ovl_En_Ruppecrow,17214128,17220560,14801344,14805728
ovl_En_Tanron4,17220560,17224064,14805728,14808144
ovl_En_Tanron5,17224064,17230000,14808144,14812416
ovl_En_Tanron6,17230000,17230400,14812416,14812768
ovl_En_Daiku2,17230400,17236976,14812768,14817632
ovl_En_Muto,17236976,17239568,14817632,14819760
ovl_En_Baisen,17239568,17242176,14819760,14821856
ovl_En_Heishi,17242176,17243760,14821856,14823232
ovl_En_Demo_heishi,17243760,17245360,14823232,14824624
ovl_En_Dt,17245360,17252016,14824624,14829536
ovl_En_Cha,17252016,17253072,14829536,14830432
ovl_Obj_Dinner,17253072,17253456,14830432,14830768
ovl_Eff_Lastday,17253456,17255376,14830768,14831952
ovl_Bg_Ikana_Dharma,17255376,17257824,14831952,14834080
ovl_En_Akindonuts,17257824,17274240,14834080,14844144
ovl_Eff_Stk,17274240,17275200,14844144,14845008
ovl_En_Ig,17275200,17285392,14845008,14851952
ovl_En_Rg,17285392,17294336,14851952,14858752
ovl_En_Osk,17294336,17300672,14858752,14862512
ovl_En_Sth2,17300672,17311968,14862512,14869504
ovl_En_Yb,17311968,17316960,14869504,14873104
ovl_En_Rz,17316960,17323904,14873104,14877792
ovl_En_Scopecoin,17323904,17324736,14877792,14878480
ovl_En_Bjt,17324736,17328448,14878480,14881152
ovl_En_Bomjima,17328448,17339968,14881152,14889024
ovl_En_Bomjimb,17339968,17349872,14889024,14895984
ovl_En_Bombers,17349872,17354992,14895984,14899872
ovl_En_Bombers2,17354992,17359408,14899872,14903264
ovl_En_Bombal,17359408,17362096,14903264,14905488
ovl_Obj_Moon_Stone,17362096,17363520,14905488,14906656
ovl_Obj_Mu_Pict,17363520,17365168,14906656,14907824
ovl_Bg_Ikninside,17365168,17366752,14907824,14909184
ovl_Eff_Zoraband,17366752,17367744,14909184,14910048
ovl_Obj_Kepn_Koya,17367744,17368096,14910048,14910352
ovl_Obj_Usiyane,17368096,17370896,14910352,14912800
ovl_En_Nnh,17370896,17371696,14912800,14913440
ovl_Obj_Kzsaku,17371696,17372656,14913440,14914208
ovl_Obj_Milk_Bin,17372656,17373312,14914208,14914768
ovl_En_Kitan,17373312,17376896,14914768,14917392
ovl_Bg_Astr_Bombwall,17376896,17379056,14917392,14919152
ovl_Bg_Iknin_Susceil,17379056,17381952,14919152,14921152
ovl_En_Bsb,17381952,17401696,14921152,14934832
ovl_En_Recepgirl,17401696,17403648,14934832,14936336
ovl_En_Thiefbird,17403648,17416368,14936336,14945392
ovl_En_Jgame_Tsn,17416368,17422880,14945392,14949856
ovl_Obj_Jgame_Light,17422880,17426704,14949856,14952208
ovl_Obj_Yado,17426704,17427360,14952208,14952752
ovl_Demo_Syoten,17427360,17432880,14952752,14956640
ovl_Demo_Moonend,17432880,17434688,14956640,14957984
ovl_Bg_Lbfshot,17434688,17434976,14957984,14958224
ovl_Bg_Last_Bwall,17434976,17437360,14958224,14960128
ovl_En_And,17437360,17439168,14960128,14961568
ovl_En_Invadepoh_Demo,17439168,17445984,14961568,14965680
ovl_Obj_Danpeilift,17445984,17448160,14965680,14967456
ovl_En_Fall2,17448160,17450032,14967456,14968928
ovl_Dm_Al,17450032,17451696,14968928,14970256
ovl_Dm_An,17451696,17455792,14970256,14973280
ovl_Dm_Ah,17455792,17458544,14973280,14975344
ovl_Dm_Nb,17458544,17459504,14975344,14976176
ovl_En_Drs,17459504,17460528,14976176,14977040
ovl_En_Ending_Hero,17460528,17461376,14977040,14977824
ovl_Dm_Bal,17461376,17463920,14977824,14979696
ovl_En_Paper,17463920,17466256,14979696,14981616
ovl_En_Hint_Skb,17466256,17476048,14981616,14988048
ovl_Dm_Tag,17476048,17478592,14988048,14989872
ovl_En_Bh,17478592,17479856,14989872,14990928
ovl_En_Ending_Hero2,17479856,17480416,14990928,14991440
ovl_En_Ending_Hero3,17480416,17480976,14991440,14991952
ovl_En_Ending_Hero4,17480976,17481536,14991952,14992464
ovl_En_Ending_Hero5,17481536,17482512,14992464,14993312
ovl_En_Ending_Hero6,17482512,17484256,14993312,14994800
ovl_Dm_Gm,17484256,17488352,14994800,14997824
ovl_Obj_Swprize,17488352,17489696,14997824,14998848
ovl_En_Invisible_Ruppe,17489696,17490496,14998848,14999424
ovl_Obj_Ending,17490496,17490880,14999424,14999728
ovl_En_Rsn,17490880,17491744,14999728,15000416
gameplay_keep,17494016,18093616,15000416,15313392
gameplay_field_keep,18096128,18133648,15313392,15340416
gameplay_dangeon_keep,18137088,18281088,15340416,15422864
gameplay_object_exchange_static,18284544,18284560,15422864,0
object_link_boy,18288640,18344080,15422880,15448848
object_link_child,18345984,18469472,15448848,15507504
object_link_goron,18472960,18569872,15507504,15556576
object_link_zora,18571264,18648128,15556576,15591520
object_link_nuts,18649088,18696752,15591520,15616064
object_mask_ki_tan,18698240,18701008,15616064,15617808
object_mask_rabit,18702336,18707360,15617808,15619952
object_mask_skj,18710528,18716384,15619952,15624064
object_mask_truth,18718720,18723488,15624064,15626656
object_mask_gibudo,18726912,18730400,15626656,15630192
object_mask_json,18731008,18735968,15630192,15633408
object_mask_kerfay,18739200,18744768,15633408,15636784
object_mask_bigelf,18747392,18760880,15636784,15643824
object_mask_kyojin,18763776,18767008,15643824,15645984
object_mask_romerny,18767872,18774544,15645984,15650032
object_mask_posthat,18776064,18778960,15650032,15651792
object_mask_zacho,18780160,18785936,15651792,15655120
object_mask_stone,18788352,18792512,15655120,15657696
object_mask_bree,18796544,18804128,15657696,15662160
object_mask_gero,18804736,18816656,15662160,15668624
object_mask_yofukasi,18817024,18823840,15668624,15671888
object_mask_meoto,18825216,18832608,15671888,15674992
object_mask_dancer,18833408,18840400,15674992,15679216
object_mask_bakuretu,18841600,18846208,15679216,15682240
object_mask_bu_san,18849792,18854896,15682240,15685408
object_mask_goron,18857984,18864048,15685408,15689136
object_mask_zora,18866176,18870416,15689136,15691952
object_mask_nuts,18874368,18882784,15691952,15696896
object_mask_boy,18886656,18895056,15696896,15702304
object_box,18898944,18932000,15702304,15718624
object_okuta,18935808,18953856,15718624,15728448
object_wallmaster,18956288,18997360,15728448,15755344
object_dy_obj,19001344,19118272,15755344,15831824
object_firefly,19120128,19126464,15831824,15835552
object_dodongo,19128320,19167552,15835552,15863264
object_niw,19169280,19178816,15863264,15868112
object_tite,19181568,19196464,15868112,15878144
object_ph,19197952,19205264,15878144,15881664
object_dinofos,19206144,19260992,15881664,15923360
object_zl1,19263488,19346368,15923360,15967504
object_bubble,19349504,19353792,15967504,15969392
object_test3,19357696,19421184,15969392,15996400
object_famos,19423232,19439168,15996400,16005584
object_st,19439616,19463088,16005584,16018640
object_thiefbird,19464192,19489760,16018640,16033792
object_bombf,19492864,19499520,16033792,16037792
object_am,19501056,19524912,16037792,16050128
object_dekubaba,19525632,19540416,16050128,16060352
object_warp1,19542016,19577856,16060352,16088720
object_b_heart,19578880,19580480,16088720,16089904
object_dekunuts,19582976,19597200,16089904,16098800
object_bb,19599360,19606080,16098800,16102656
object_death,19607552,19659728,16102656,16138736
object_hata,19660800,19673056,16138736,16144720
object_wood02,19673088,19711936,16144720,16168992
object_trap,19714048,19723232,16168992,16176016
object_vm,19726336,19742576,16176016,16184352
object_efc_star_field,19742720,19748816,16184352,16188528
object_rd,19750912,19825024,16188528,16236112
object_yukimura_obj,19828736,19837088,16236112,16241472
object_heavy_object,19841024,19847904,16241472,16245168
object_horse_link_child,19849216,19907824,16245168,16289104
object_syokudai,19910656,19926160,16289104,16297920
object_efc_tw,19927040,19931888,16297920,16302944
object_gi_key,19935232,19937824,16302944,16304176
object_mir_ray,19939328,19942752,16304176,16306784
object_ctower_rot,19943424,20043200,16306784,16366192
object_bdoor,20045824,20077472,16366192,16386336
object_sb,20078592,20090016,16386336,16391936
object_gi_melody,20090880,20094240,16391936,16393424
object_gi_heart,20094976,20095472,16393424,16393824
object_gi_compass,20099072,20102416,16393824,16395504
object_gi_bosskey,20103168,20107280,16395504,16397376
object_gi_nuts,20111360,20115904,16397376,16400320
object_gi_hearts,20119552,20125616,16400320,16402720
object_gi_arrowcase,20127744,20130992,16402720,16404400
object_gi_bombpouch,20131840,20135520,16404400,16406096
object_in,20135936,20254640,16406096,16476016
object_os_anime,20254720,20266128,16476016,16485088
object_gi_bottle,20267008,20269296,16485088,16486384
object_gi_stick,20271104,20272832,16486384,16487696
object_gi_map,20275200,20279648,16487696,16491024
object_oF1d_map,20283392,20368784,16491024,16542528
object_ru2,20369408,20433104,16542528,16576560
object_gi_magicpot,20434944,20439504,16576560,16578704
object_gi_bomb_1,20443136,20446384,16578704,16580256
object_ma2,20447232,20539184,16580256,16643424
object_gi_purse,20541440,20548464,16643424,16649808
object_rr,20549632,20553216,16649808,16652288
object_gi_arrow,20553728,20560656,16652288,16654992
object_gi_bomb_2,20561920,20563616,16654992,16656192
object_gi_shield_2,20566016,20573888,16656192,16660080
object_gi_hookshot,20574208,20579408,16660080,16663760
object_gi_ocarina,20582400,20585392,16663760,16665600
object_gi_milk,20586496,20591728,16665600,16668016
object_ma1,20594688,20707200,16668016,16746576
object_ny,20709376,20718384,16746576,16750832
object_fr,20721664,20768080,16750832,16768784
object_gi_bow,20770816,20775664,16768784,16771632
object_gi_glasses,20779008,20783488,16771632,16773696
object_gi_liquid,20787200,20793552,16773696,16776400
object_ani,20795392,20842688,16776400,16809424
object_gi_shield_3,20844544,20851712,16809424,16814544
object_gi_bean,20852736,20854976,16814544,16816048
object_gi_fish,20856832,20859216,16816048,16817520
object_gi_longsword,20860928,20863168,16817520,16818960
object_zo,20865024,20935744,16818960,16864160
object_umajump,20938752,20943984,16864160,16867120
object_mastergolon,20946944,20947216,16867120,16867344
object_masterzoora,20951040,20952992,16867344,16869440
object_aob,20955136,20985712,16869440,16883968
object_ik,20987904,21067440,16883968,16935488
object_ahg,21069824,21092784,16935488,16946800
object_cne,21094400,21105104,16946800,16951424
object_bji,21106688,21130096,16951424,16963120
object_bba,21131264,21172384,16963120,16985360
object_an1,21176320,21257776,16985360,17043664
object_boj,21258240,21338048,17043664,17109744
object_fz,21340160,21353680,17109744,17114368
object_bob,21356544,21376800,17114368,17121936
object_ge1,21377024,21426656,17121936,17148224
object_yabusame_point,21430272,21433936,17148224,17149696
object_d_hsblock,21434368,21440352,17149696,17154480
object_d_lift,21442560,21451568,17154480,17162448
object_mamenoki,21454848,21464736,17162448,17170512
object_goroiwa,21467136,21509536,17170512,17192576
object_toryo,21512192,21541216,17192576,17206496
object_daiku,21544960,21599040,17206496,17243008
object_nwc,21602304,21609632,17243008,17247712
object_gm,21610496,21610512,17247712,17247744
object_ms,21614592,21630416,17247744,17256096
object_hs,21630976,21656176,17256096,17269264
object_lightswitch,21659648,21668896,17269264,17274528
object_kusa,21671936,21672832,17274528,17275120
object_tsubo,21676032,21682672,17275120,17280800
object_kanban,21684224,21690288,17280800,17282480
object_owl,21692416,21759440,17282480,17313888
object_mk,21762048,21789872,17313888,17329664
object_fu,21790720,21818528,17329664,17344112
object_gi_ki_tan_mask,21819392,21822960,17344112,17346112
object_gi_mask18,21823488,21829824,17346112,17350624
object_gi_rabit_mask,21831680,21835520,17350624,17352656
object_gi_truth_mask,21835776,21842016,17352656,17355824
object_stream,21843968,21846656,17355824,17357280
object_mm,21848064,21903968,17357280,17394256
object_js,21905408,21932576,17394256,17409728
object_cs,21934080,22002560,17409728,17451584
object_gi_soldout,22003712,22004944,17451584,17452240
object_mag,22007808,22140240,17452240,17505872
object_gi_golonmask,22142976,22150432,17505872,17509280
object_gi_zoramask,22151168,22157152,17509280,17512240
object_ka,22159360,22192576,17512240,17527744
object_zg,22196224,22200832,17527744,17528464
object_gi_m_arrow,22204416,22208128,17528464,17530192
object_ds2,22208512,22225520,17530192,17538704
object_fish,22228992,22316528,17538704,17583504
object_gi_sutaru,22319104,22320720,17583504,17584416
object_ssh,22323200,22351248,17584416,17599344
object_bigslime,22351872,22430720,17599344,17656496
object_bg,22433792,22506352,17656496,17693776
object_bombiwa,22507520,22534768,17693776,17716384
object_hintnuts,22536192,22548800,17716384,17725104
object_rs,22552576,22590000,17725104,17748032
object_gla,22593536,22635360,17748032,17773760
object_geldb,22638592,22683904,17773760,17800944
object_dog,22687744,22720768,17800944,17817904
object_kibako2,22724608,22729152,17817904,17821600
object_dns,22732800,22746368,17821600,17831248
object_dnk,22749184,22760320,17831248,17838352
object_gi_insect,22761472,22764528,17838352,17840208
object_gi_ghost,22765568,22769072,17840208,17842656
object_gi_soul,22769664,22773680,17842656,17844736
object_f40_obj,22773760,22791792,17844736,17858048
object_gi_rupy,22794240,22796352,17858048,17859120
object_po_composer,22798336,22837568,17859120,17886528
object_mu,22839296,22887136,17886528,17921888
object_wf,22888448,22930400,17921888,17946720
object_skb,22933504,22961568,17946720,17967904
object_gs,22962176,22964864,17967904,17970704
object_ps,22966272,22997264,17970704,17986464
object_omoya_obj,22999040,23005952,17986464,17991264
object_crow,23007232,23011536,17991264,17993232
object_cow,23015424,23035568,17993232,18003824
object_gi_sword_1,23035904,23040544,18003824,18006672
object_zl4,23044096,23195488,18006672,18113712
object_grasshopper,23195648,23216736,18113712,18128112
object_boyo,23220224,23223952,18128112,18130704
object_fwall,23224320,23248032,18130704,18139296
object_jso,23248896,23295488,18139296,18171424
object_knight,23298048,23440576,18171424,18288624
object_icicle,23441408,23446208,18288624,18293600
object_spdweb,23449600,23459504,18293600,18298944
object_boss01,23461888,23602528,18298944,18402144
object_boss02,23605248,23685536,18402144,18433888
object_boss03,23687168,23743168,18433888,18463264
object_boss04,23744512,23762432,18463264,18473152
object_boss05,23764992,23796000,18473152,18494064
object_boss07,23797760,24087344,18494064,18681488
object_raf,24088576,24101952,18681488,18688240
object_funen,24104960,24106432,18688240,18689328
object_raillift,24109056,24141488,18689328,18709680
object_numa_obj,24141824,24224176,18709680,18753264
object_flowerpot,24227840,24233536,18753264,18757232
object_spinyroll,24236032,24240048,18757232,18760288
object_ice_block,24240128,24247008,18760288,18764752
object_keikoku_demo,24248320,24302384,18764752,18805392
object_slime,24305664,24312944,18805392,18810288
object_pr,24313856,24331088,18810288,18821136
object_f52_obj,24334336,24341472,18821136,18825728
object_f53_obj,24342528,24357488,18825728,18836496
object_kibako,24358912,24365824,18836496,18840400
object_sek,24367104,24386160,18840400,18857120
object_gmo,24387584,24396016,18857120,18862336
object_bat,24399872,24403104,18862336,18863344
object_sekihil,24403968,24417328,18863344,18871440
object_sekihig,24420352,24433680,18871440,18879648
object_sekihin,24436736,24450064,18879648,18887872
object_sekihiz,24453120,24457280,18887872,18891344
object_wiz,24461312,24507184,18891344,18921360
object_ladder,24510464,24514720,18921360,18923264
object_mkk,24518656,24519952,18923264,18923840
object_keikoku_obj,24522752,24543776,18923840,18937744
object_sichitai_obj,24547328,24557840,18937744,18946576
object_dekucity_ana_obj,24559616,24563968,18946576,18950656
object_rat,24567808,24574064,18950656,18953984
object_water_effect,24576000,24593424,18953984,18964992
object_dblue_object,24596480,24698464,18964992,19014384
object_bal,24698880,24753600,19014384,19049824
object_warp_uzu,24756224,24765520,19049824,19054640
object_driftice,24768512,24775392,19054640,19058896
object_fall,24776704,24820544,19058896,19086496
object_hanareyama_obj,24821760,24841664,19086496,19093552
object_crace_object,24842240,24845872,19093552,19096560
object_dnq,24846336,24909088,19096560,19142608
object_obj_tokeidai,24911872,24984704,19142608,19191904
object_eg,24985600,25063920,19191904,19247584
object_tru,25067520,25179616,19247584,19336096
object_trt,25182208,25247488,19336096,19374480
object_hakugin_obj,25247744,25314368,19374480,19429984
object_horse_game_check,25317376,25332048,19429984,19439920
object_stk,25333760,25452768,19439920,19521120
object_mnk,25456640,25576752,19521120,19601568
object_gi_bottle_red,25579520,25583568,19601568,19604064
object_tokei_tobira,25583616,25589184,19604064,19608880
object_az,25591808,25701840,19608880,19660944
object_twig,25702400,25710800,19660944,19666848
object_dekucity_obj,25714688,25732800,19666848,19681632
object_po_fusen,25735168,25744640,19681632,19686320
object_racetsubo,25747456,25753760,19686320,19690288
object_ha,25755648,25841904,19690288,19735104
object_bigokuta,25845760,25873360,19735104,19750592
object_open_obj,25874432,25945200,19750592,19792448
object_fu_kaiten,25948160,25962544,19792448,19802368
object_fu_mato,25964544,25977424,19802368,19808624
object_mtoride,25980928,26050720,19808624,19852032
object_osn,26054656,26187104,19852032,19943200
object_tokei_step,26189824,26192288,19943200,19945168
object_lotus,26193920,26196560,19945168,19947248
object_tl,26198016,26231376,19947248,19971264
object_dkjail_obj,26234880,26239456,19971264,19974320
object_visiblock,26243072,26245888,19974320,19976096
object_tsn,26247168,26284816,19976096,19996112
object_ds2n,26288128,26321280,19996112,20011056
object_fsn,26324992,26407712,20011056,20055504
object_shn,26411008,26481184,20055504,20092512
object_bigicicle,26484736,26496368,20092512,20097136
object_gi_bottle_15,26497024,26505216,20097136,20101808
object_tk,26505216,26552832,20101808,20130224
object_market_obj,26554368,26688976,20130224,20216928
object_gi_reserve00,26689536,26696816,20216928,20221824
object_gi_reserve01,26697728,26703376,20221824,20226400
object_lightblock,26705920,26708912,20226400,20229088
object_takaraya_objects,26710016,26713680,20229088,20230576
object_wdhand,26714112,26721840,20230576,20236112
object_sdn,26722304,26778768,20236112,20278352
object_snowwd,26779648,26790560,20278352,20284576
object_giant,26791936,26888544,20284576,20367296
object_comb,26890240,26894544,20367296,20370240
object_hana,26898432,26900304,20370240,20370784
object_boss_hakugin,26902528,26989632,20370784,20418672
object_meganeana_obj,26992640,26998224,20418672,20423792
object_gi_nutsmask,27000832,27008048,20423792,20428112
object_stk2,27009024,27248912,20428112,20660848
object_spot11_obj,27250688,27258608,20660848,20667936
object_danpei_object,27258880,27274768,20667936,20677200
object_dhouse,27275264,27308736,20677200,20697488
object_hakaisi,27312128,27324400,20697488,20704336
object_po,27324416,27345120,20704336,20717616
object_snowman,27348992,27379504,20717616,20732976
object_po_sisters,27381760,27407824,20732976,20749600
object_pp,27410432,27486976,20749600,20786896
object_goronswitch,27488256,27498928,20786896,20795360
object_delf,27500544,27586864,20795360,20850432
object_botihasira,27590656,27597840,20850432,20855136
object_gi_bigbomb,27598848,27605296,20855136,20858608
object_pst,27607040,27613840,20858608,20863808
object_bsmask,27615232,27667344,20863808,20894992
object_spidertent,27668480,27677632,20894992,20898896
object_zoraegg,27680768,27703728,20898896,20914224
object_kbt,27705344,27767008,20914224,20951952
object_gg,27770880,27836640,20951952,20990128
object_maruta,27840512,27852768,20990128,20995824
object_ghaka,27852800,27868416,20995824,21005008
object_oyu,27869184,27871680,21005008,21007136
object_dnp,27873280,27948096,21007136,21068640
object_dai,27951104,28029152,21068640,21118240
object_kgy,28033024,28101536,21118240,21164736
object_fb,28102656,28130992,21164736,21183520
object_taisou,28131328,28161920,21183520,21214432
object_gk,28164096,28235552,21214432,21262304
object_haka_obj,28237824,28268608,21262304,21284704
object_dnt,28270592,28316368,21284704,21317104
object_yukiyama,28319744,28346480,21317104,21336272
object_icefloe,28348416,28351680,21336272,21338480
object_gi_gold_dust,28352512,28356928,21338480,21341792
object_gi_bottle_16,28360704,28365600,21341792,21345120
object_gi_bottle_22,28368896,28375744,21345120,21349584
object_bee,28377088,28382112,21349584,21351776
object_ot,28385280,28404544,21351776,21361632
object_utubo,28405760,28424912,21361632,21371648
object_dora,28426240,28447248,21371648,21386448
object_gi_loach,28450816,28456000,21386448,21389920
object_gi_seahorse,28459008,28465104,21389920,21393600
object_bigpo,28467200,28490784,21393600,21409616
object_hariko,28491776,28492832,21409616,21410384
object_dno,28495872,28553744,21410384,21455456
object_sinkai_kabe,28557312,28557440,21455456,21455552
object_kin2_obj,28561408,28595136,21455552,21474368
object_ishi,28598272,28600928,21474368,21476352
object_hakugin_demo,28602368,28615568,21476352,21490112
object_jg,28618752,28729888,21490112,21571440
object_gi_sword_2,28733440,28738912,21571440,21574560
object_gi_sword_3,28741632,28746400,21574560,21577632
object_gi_sword_4,28749824,28755040,21577632,21581328
object_um,28758016,28864032,21581328,21632592
object_rb,28864512,28872432,21632592,21637744
object_mbar_obj,28872704,28879328,21637744,21642688
object_ikana_obj,28880896,28969888,21642688,21687216
object_kz,28971008,29034752,21687216,21733600
object_tokei_turret,29036544,29049152,21733600,21740352
object_zog,29052928,29221248,21740352,21870288
object_rotlift,29224960,29244960,21870288,21884064
object_posthouse_obj,29245440,29256064,21884064,21888976
object_gi_mask09,29257728,29263712,21888976,21892576
object_gi_mask14,29265920,29273984,21892576,21897680
object_gi_mask15,29274112,29281120,21897680,21902864
object_inibs_object,29282304,29343456,21902864,21937024
object_tree,29343744,29350752,21937024,21941648
object_kaizoku_obj,29351936,29399200,21941648,21969856
object_gi_reserve_b_00,29401088,29405232,21969856,21972416
object_gi_reserve_c_00,29409280,29413600,21972416,21974704
object_zob,29417472,29487456,21974704,22017712
object_milkbar,29491200,29563056,22017712,22066288
object_dmask,29564928,29582016,22066288,22076800
object_gi_reserve_c_01,29585408,29589248,22076800,22079216
object_zod,29589504,29645248,22079216,22106976
object_kumo30,29646848,29660016,22106976,22117632
object_obj_yasi,29663232,29668448,22117632,22121472
object_tanron1,29671424,29671440,22121472,22121504
object_tanron2,29675520,29680288,22121504,22123520
object_tanron3,29683712,29688480,22123520,22125536
object_gi_magicmushroom,29691904,29695456,22125536,22128048
object_obj_chan,29696000,29709552,22128048,22136768
object_gi_mask10,29712384,29719744,22136768,22140960
object_zos,29720576,29813136,22140960,22207712
object_an2,29814784,29831904,22207712,22223088
object_an3,29835264,29846112,22223088,22233024
object_f40_switch,29847552,29851120,22233024,22235296
object_lodmoon,29851648,29867552,22235296,22245200
object_tro,29868032,29878624,22245200,22248384
object_gi_mask12,29880320,29884160,22248384,22250880
object_gi_mask23,29884416,29889808,22250880,22254064
object_gi_bottle_21,29892608,29899936,22254064,22258592
object_gi_camera,29900800,29907040,22258592,22262864
object_kamejima,29908992,29994656,22262864,22323040
object_nb,29995008,30030928,22323040,22343616
object_harfgibud,30031872,30123520,22343616,22405376
object_zov,30126080,30216816,22405376,22468000
object_ah,30220288,30260864,22468000,22489520
object_hgdoor,30261248,30268736,22489520,22495104
object_dor01,30269440,30275152,22495104,22498288
object_dor02,30277632,30283280,22498288,22502752
object_dor03,30285824,30291152,22502752,22506736
object_dor04,30294016,30299744,22506736,22510688
object_last_obj,30302208,30321440,22510688,22526192
object_redead_obj,30322688,30325680,22526192,22528880
object_ikninside_obj,30326784,30383744,22528880,22569456
object_iknv_obj,30384128,30462352,22569456,22618384
object_pamera,30466048,30523776,22618384,22650976
object_hsstump,30527488,30532064,22650976,22654960
object_zm,30535680,30587024,22654960,22691984
object_al,30588928,30645232,22691984,22726736
object_tab,30646272,30680768,22726736,22745808
object_secom_obj,30683136,30694640,22745808,22753760
object_dt,30695424,30741776,22753760,22778496
object_gi_mask03,30744576,30752432,22778496,22783344
object_cha,30752768,30760464,22783344,22789536
object_obj_dinner,30760960,30770752,22789536,22795152
object_gi_reserve_b_01,30773248,30779104,22795152,22799136
object_lastday,30781440,30792208,22799136,22807648
object_bai,30793728,30826928,22807648,22826688
object_ikn_demo,30830592,30887104,22826688,22868992
object_gi_fieldmap,30887936,30894112,22868992,22873808
object_big_fwall,30896128,30898880,22873808,22875968
object_hunsui,30900224,30906688,22875968,22878176
object_uch,30908416,30928480,22878176,22889296
object_tanron4,30928896,30932608,22889296,22890688
object_tanron5,30932992,30937760,22890688,22892704
object_in2,30941184,30990416,22892704,22925824
object_yb,30994432,31018848,22925824,22936512
object_rz,31019008,31074544,22936512,22967968
object_bjt,31076352,31085472,22967968,22974048
object_taru,31088640,31096032,22974048,22978784
object_moonston,31096832,31101488,22978784,22983152
object_gi_schedule,31105024,31111360,22983152,22987504
object_gi_stonemask,31113216,31118160,22987504,22990512
object_zoraband,31121408,31125312,22990512,22993856
object_kepn_koya,31125504,31158416,22993856,23014576
object_obj_usiyane,31162368,31171296,23014576,23020064
object_gi_mask05,31174656,31181504,23020064,23024000
object_gi_mask11,31182848,31190672,23024000,23028288
object_gi_mask20,31191040,31197248,23028288,23032224
object_nnh,31199232,31211168,23032224,23039232
object_kzsaku,31211520,31215952,23039232,23040656
object_obj_milk_bin,31219712,31226368,23040656,23044256
object_random_obj,31227904,31232752,23044256,23047232
object_kujiya,31236096,31261104,23047232,23060608
object_kitan,31264768,31297472,23060608,23077184
object_gi_mask06,31297536,31303904,23077184,23080432
object_gi_mask16,31305728,31313872,23080432,23084864
object_astr_obj,31313920,31323344,23084864,23090208
object_bsb,31326208,31380448,23090208,23137168
object_fall2,31383552,31418528,23137168,23156560
object_sth,31420416,31433232,23156560,23162080
object_gi_mssa,31436800,31442032,23162080,23165200
object_smtower,31444992,31451024,23165200,23170416
object_gi_mask21,31453184,31458224,23170416,23172672
object_yado_obj,31461376,31466224,23172672,23176208
object_syoten,31469568,31489440,23176208,23187072
object_moonend,31490048,31566336,23187072,23231776
object_ob,31567872,31665840,23231776,23289536
object_gi_bottle_04,31666176,31670880,23289536,23292304
object_and,31674368,31748832,23292304,23333200
object_obj_danpeilift,31752192,31755216,23333200,23335392
object_drs,31756288,31779472,23335392,23349440
object_msmo,31780864,31786656,23349440,23352560
object_an4,31789056,31824080,23352560,23386224
object_wdor01,31825920,31831728,23386224,23390240
object_wdor02,31834112,31839920,23390240,23394704
object_wdor03,31842304,31848112,23394704,23398112
object_wdor04,31850496,31856240,23398112,23402208
object_wdor05,31858688,31864432,23402208,23405808
object_stk3,31866880,31891296,23405808,23430816
object_kinsta1_obj,31891456,31896304,23430816,23434592
object_kinsta2_obj,31899648,31905008,23434592,23438080
object_bh,31907840,31915632,23438080,23442048
object_gi_mask17,31916032,31923280,23442048,23446336
object_gi_mask22,31924224,31930080,23446336,23450192
object_lbfshot,31932416,31937808,23450192,23454448
object_fusen,31940608,31949904,23454448,23460432
object_ending_obj,31952896,31987680,23460432,23482928
object_gi_mask13,31989760,31995392,23482928,23485456
scene_texture_01,31997952,32017664,23485456,23499424
scene_texture_02,32018432,32025856,23499424,23504400
scene_texture_03,32026624,32045056,23504400,23514656
scene_texture_04,32047104,32068096,23514656,23527152
scene_texture_05,32071680,32098304,23527152,23543504
scene_texture_06,32100352,32121952,23543504,23556672
scene_texture_07,32124928,32124944,23556672,23556704
scene_texture_08,32129024,32161792,23556704,23575552
nintendo_rogo_static,32161792,32173504,23575552,23581552
title_static,32174080,32367216,23581552,23708240
memerrmsg,32370688,32375424,23708240,23710432
locerrmsg,32378880,32380544,23710432,23711376
parameter_static,32382976,32432992,23711376,0
week_static,32436224,32440112,23761392,0
jpn_daytelop_static,32440320,32480000,23765280,23773344
d2_fine_static,32481280,32530432,23773344,23782096
d2_cloud_static,32530432,32579584,23782096,23804432
d2_fine_pal_static,32579584,32580096,23804432,23804832
elf_message_field,32583680,32583792,23804832,23804976
elf_message_ydan,32587776,32587792,23804976,23805008
Z2_20SICHITAI2,32591872,32658992,23805008,23857504
Z2_20SICHITAI2_room_00,32661504,32772672,23857504,23918368
Z2_20SICHITAI2_room_01,32776192,32851472,23918368,23962592
Z2_20SICHITAI2_room_02,32854016,32907424,23962592,23994240
Z2_WITCH_SHOP,32911360,32955328,23994240,24022448
Z2_WITCH_SHOP_room_00,32956416,32995936,24022448,24038160
Z2_LAST_BS,32997376,33031392,24038160,24058704
Z2_LAST_BS_room_00,33034240,33069248,24058704,24071968
Z2_HAKASHITA,33071104,33121920,24071968,24107600
Z2_HAKASHITA_room_00,33124352,33157184,24107600,24123040
Z2_HAKASHITA_room_01,33161216,33191472,24123040,24138688
Z2_HAKASHITA_room_02,33193984,33222624,24138688,24151408
Z2_HAKASHITA_room_03,33222656,33240688,24151408,24160656
Z2_HAKASHITA_room_04,33243136,33266112,24160656,24173104
Z2_AYASHIISHOP,33267712,33281184,24173104,24182480
Z2_AYASHIISHOP_room_00,33284096,33356416,24182480,24216064
Z2_AYASHIISHOP_room_01,33357824,33379616,24216064,24224144
Z2_OMOYA,33382400,33429536,24224144,24257488
Z2_OMOYA_room_00,33431552,33469920,24257488,24273264
Z2_OMOYA_room_01,33472512,33538112,24273264,24302896
Z2_OMOYA_room_02,33542144,33583024,24302896,24322416
Z2_BOWLING,33583104,33599648,24322416,24334608
Z2_BOWLING_room_00,33603584,33623376,24334608,24342048
Z2_SONCHONOIE,33624064,33653968,24342048,24360432
Z2_SONCHONOIE_room_00,33656832,33695184,24360432,24376464
Z2_SONCHONOIE_room_01,33697792,33726336,24376464,24390688
Z2_SONCHONOIE_room_02,33726464,33767792,24390688,24410608
Z2_SONCHONOIE_room_03,33771520,33811824,24410608,24428192
Z2_IKANA,33812480,33935152,24428192,24488976
Z2_IKANA_room_00,33935360,34131584,24488976,24613712
Z2_IKANA_room_01,34131968,34133136,24613712,24614240
Z2_IKANA_room_02,34136064,34154192,24614240,24625312
Z2_IKANA_room_03,34156544,34172016,24625312,24634720
Z2_IKANA_room_04,34172928,34214368,24634720,24659632
Z2_KAIZOKU,34217984,34290976,24659632,24708160
Z2_KAIZOKU_room_00,34291712,34373440,24708160,24731088
Z2_MILK_BAR,34373632,34427856,24731088,24764336
Z2_MILK_BAR_room_00,34430976,34475936,24764336,24781376
Z2_INISIE_N,34476032,34547184,24781376,24820160
Z2_INISIE_N_room_00,34549760,34620032,24820160,24851280
Z2_INISIE_N_room_01,34623488,34679440,24851280,24878304
Z2_INISIE_N_room_02,34680832,34721232,24878304,24895424
Z2_INISIE_N_room_03,34721792,34779424,24895424,24921712
Z2_INISIE_N_room_04,34783232,34824352,24921712,24939344
Z2_INISIE_N_room_05,34828288,34828720,24939344,24939616
Z2_INISIE_N_room_06,34832384,34832816,24939616,24939888
Z2_INISIE_N_room_07,34836480,34857024,24939888,24949792
Z2_INISIE_N_room_08,34861056,34884928,24949792,24960544
Z2_INISIE_N_room_09,34885632,34926272,24960544,24981616
Z2_INISIE_N_room_10,34926592,34951008,24981616,24994384
Z2_INISIE_N_room_11,34951168,34951632,24994384,24994704
Z2_TAKARAYA,34955264,34994304,24994704,25019920
Z2_TAKARAYA_room_00,34996224,35028608,25019920,25032560
Z2_INISIE_R,35028992,35098896,25032560,25069952
Z2_INISIE_R_room_00,35102720,35175584,25069952,25102448
Z2_INISIE_R_room_01,35176448,35227616,25102448,25126288
Z2_INISIE_R_room_02,35229696,35272608,25126288,25145056
Z2_INISIE_R_room_03,35274752,35331792,25145056,25170672
Z2_INISIE_R_room_04,35332096,35372672,25170672,25188480
Z2_INISIE_R_room_05,35373056,35373616,25188480,25188864
Z2_INISIE_R_room_06,35377152,35377680,25188864,25189216
Z2_INISIE_R_room_07,35381248,35381712,25189216,25189520
Z2_INISIE_R_room_08,35385344,35409216,25189520,25199744
Z2_INISIE_R_room_09,35409920,35410384,25199744,25200080
Z2_INISIE_R_room_10,35414016,35436608,25200080,25212448
Z2_INISIE_R_room_11,35438592,35458224,25212448,25221104
Z2_OKUJOU,35459072,35562176,25221104,25268496
Z2_OKUJOU_room_00,35565568,35577728,25268496,25273072
Z2_OPENINGDAN,35577856,35628192,25273072,25298496
Z2_OPENINGDAN_room_00,35631104,35681424,25298496,25324704
Z2_OPENINGDAN_room_01,35684352,35713920,25324704,25338704
Z2_MITURIN,35717120,35808144,25338704,25394576
Z2_MITURIN_room_00,35811328,35853376,25394576,25413936
Z2_MITURIN_room_01,35856384,35891312,25413936,25429616
Z2_MITURIN_room_02,35893248,35922176,25429616,25444320
Z2_MITURIN_room_03,35926016,35967296,25444320,25461936
Z2_MITURIN_room_04,35971072,35984464,25461936,25470032
Z2_MITURIN_room_05,35987456,36015136,25470032,25482560
Z2_MITURIN_room_06,36016128,36030480,25482560,25490976
Z2_MITURIN_room_07,36032512,36048736,25490976,25500208
Z2_MITURIN_room_08,36048896,36077360,25500208,25515888
Z2_MITURIN_room_09,36077568,36125152,25515888,25538832
Z2_MITURIN_room_10,36126720,36149856,25538832,25548592
Z2_MITURIN_room_11,36151296,36182384,25548592,25565200
Z2_MITURIN_room_12,36184064,36199568,25565200,25577616
Z2_13HUBUKINOMITI,36200448,36232688,25577616,25605008
Z2_13HUBUKINOMITI_room_00,36233216,36250912,25605008,25616768
Z2_CASTLE,36253696,36313200,25616768,25652192
Z2_CASTLE_room_00,36315136,36414112,25652192,25708928
Z2_CASTLE_room_01,36417536,36449584,25708928,25728224
Z2_CASTLE_room_02,36450304,36479632,25728224,25749136
Z2_CASTLE_room_03,36483072,36511760,25749136,25768144
Z2_CASTLE_room_04,36515840,36557408,25768144,25792944
Z2_CASTLE_room_05,36560896,36581408,25792944,25804512
Z2_CASTLE_room_06,36585472,36599168,25804512,25813632
Z2_CASTLE_room_07,36601856,36617760,25813632,25823776
Z2_CASTLE_room_08,36618240,36622016,25823776,25825936
Z2_CASTLE_room_09,36622336,36626112,25825936,25828080
Z2_DEKUTES,36626432,36671120,25828080,25855264
Z2_DEKUTES_room_00,36671488,36688448,25855264,25861952
Z2_MITURIN_BS,36691968,36714832,25861952,25878992
Z2_MITURIN_BS_room_00,36716544,36723648,25878992,25881344
Z2_SYATEKI_MIZU,36724736,36763328,25881344,25906816
Z2_SYATEKI_MIZU_room_00,36765696,36790608,25906816,25916192
Z2_HAKUGIN,36794368,36903216,25916192,25986976
Z2_HAKUGIN_room_00,36904960,36944864,25986976,26016224
Z2_HAKUGIN_room_01,36945920,36977840,26016224,26041968
Z2_HAKUGIN_room_02,36978688,37032560,26041968,26079200
Z2_HAKUGIN_room_03,37036032,37068720,26079200,26104368
Z2_HAKUGIN_room_04,37068800,37218432,26104368,26196176
Z2_HAKUGIN_room_05,37220352,37258256,26196176,26222704
Z2_HAKUGIN_room_06,37261312,37284304,26222704,26240432
Z2_HAKUGIN_room_07,37285888,37313168,26240432,26262336
Z2_HAKUGIN_room_08,37314560,37337024,26262336,26277680
Z2_HAKUGIN_room_09,37339136,37376992,26277680,26303168
Z2_HAKUGIN_room_10,37380096,37393536,26303168,26312352
Z2_HAKUGIN_room_11,37396480,37410544,26312352,26322416
Z2_HAKUGIN_room_12,37412864,37442576,26322416,26343856
Z2_HAKUGIN_room_13,37445632,37468864,26343856,26359936
Z2_ROMANYMAE,37470208,37484208,26359936,26370192
Z2_ROMANYMAE_room_00,37486592,37499744,26370192,26377776
Z2_PIRATE,37502976,37586752,26377776,26427472
Z2_PIRATE_room_00,37588992,37601216,26427472,26432416
Z2_PIRATE_room_01,37601280,37621248,26432416,26439808
Z2_PIRATE_room_02,37621760,37643392,26439808,26447104
Z2_PIRATE_room_03,37646336,37743760,26447104,26486144
Z2_PIRATE_room_04,37744640,37757280,26486144,26491936
Z2_PIRATE_room_05,37761024,37825312,26491936,26510288
Z2_PIRATE_room_06,37826560,37842176,26510288,26517968
Z2_PIRATE_room_07,37842944,37915136,26517968,26546624
Z2_PIRATE_room_08,37916672,37930976,26546624,26553216
Z2_PIRATE_room_09,37933056,37973296,26553216,26571168
Z2_PIRATE_room_10,37974016,38018144,26571168,26590336
Z2_PIRATE_room_11,38019072,38059120,26590336,26608048
Z2_PIRATE_room_12,38060032,38114848,26608048,26630256
Z2_PIRATE_room_13,38117376,38134256,26630256,26637920
Z2_PIRATE_room_14,38137856,38143296,26637920,26641392
Z2_SYATEKI_MORI,38146048,38218848,26641392,26689552
Z2_SYATEKI_MORI_room_00,38219776,38244432,26689552,26700688
Z2_SINKAI,38248448,38289056,26700688,26734512
Z2_SINKAI_room_00,38289408,38321232,26734512,26752528
Z2_YOUSEI_IZUMI,38322176,38466496,26752528,26816016
Z2_YOUSEI_IZUMI_room_00,38469632,38490336,26816016,26824960
Z2_YOUSEI_IZUMI_room_01,38494208,38514784,26824960,26833808
Z2_YOUSEI_IZUMI_room_02,38518784,38539392,26833808,26842640
Z2_YOUSEI_IZUMI_room_03,38543360,38563936,26842640,26851504
Z2_YOUSEI_IZUMI_room_04,38567936,38588560,26851504,26860384
Z2_KINSTA1,38592512,38632320,26860384,26883872
Z2_KINSTA1_room_00,38633472,38649424,26883872,26891472
Z2_KINSTA1_room_01,38649856,38698000,26891472,26911344
Z2_KINSTA1_room_02,38699008,38724000,26911344,26924656
Z2_KINSTA1_room_03,38727680,38755136,26924656,26937504
Z2_KINSTA1_room_04,38756352,38801264,26937504,26954720
Z2_KINSTA1_room_05,38801408,38811936,26954720,26961280
Z2_KINDAN2,38813696,38874560,26961280,26997568
Z2_KINDAN2_room_00,38875136,38903888,26997568,27013952
Z2_KINDAN2_room_01,38907904,38960032,27013952,27034400
Z2_KINDAN2_room_02,38961152,39013152,27034400,27059072
Z2_KINDAN2_room_03,39014400,39061600,27059072,27080544
Z2_KINDAN2_room_04,39063552,39089984,27080544,27092752
Z2_KINDAN2_room_05,39092224,39127104,27092752,27108736
Z2_TENMON_DAI,39129088,39163136,27108736,27130736
Z2_TENMON_DAI_room_00,39165952,39242464,27130736,27162800
Z2_TENMON_DAI_room_01,39243776,39359584,27162800,27216912
Z2_LAST_DEKU,39362560,39380368,27216912,27229392
Z2_LAST_DEKU_room_00,39383040,39447744,27229392,27276336
Z2_LAST_DEKU_room_01,39448576,39470880,27276336,27292576
Z2_22DEKUCITY,39473152,39526960,27292576,27329200
Z2_22DEKUCITY_room_00,39530496,39602768,27329200,27361712
Z2_22DEKUCITY_room_01,39604224,39664048,27361712,27387024
Z2_22DEKUCITY_room_02,39665664,39740592,27387024,27420848
Z2_KAJIYA,39743488,39774672,27420848,27443312
Z2_KAJIYA_room_00,39776256,39831840,27443312,27464816
Z2_00KEIKOKU,39833600,40064320,27464816,27607008
Z2_00KEIKOKU_room_00,40067072,40233008,27607008,27681648
Z2_POSTHOUSE,40235008,40273840,27681648,27707920
Z2_POSTHOUSE_room_00,40275968,40311056,27707920,27721040
Z2_LABO,40312832,40369216,27721040,27758336
Z2_LABO_room_00,40370176,40404640,27758336,27773328
Z2_DANPEI2TEST,40407040,40430656,27773328,27791600
Z2_DANPEI2TEST_room_00,40431616,40524896,27791600,27832304
Z2_DANPEI2TEST_room_01,40525824,40549552,27832304,27840832
Z2_16GORON_HOUSE,40550400,40611776,27840832,27884608
Z2_16GORON_HOUSE_room_00,40611840,40669488,27884608,27909824
Z2_16GORON_HOUSE_room_01,40673280,40705072,27909824,27926480
Z2_33ZORACITY,40706048,40765232,27926480,27975248
Z2_33ZORACITY_room_00,40767488,40808560,27975248,27994928
Z2_8ITEMSHOP,40812544,40854128,27994928,28022608
Z2_8ITEMSHOP_room_00,40857600,40909360,28022608,28041952
Z2_F01,40910848,41036432,28041952,28126336
Z2_F01_room_00,41037824,41090528,28126336,28153344
Z2_INISIE_BS,41091072,41102352,28153344,28160592
Z2_INISIE_BS_room_00,41103360,41103792,28160592,28160848
Z2_30GYOSON,41107456,41234096,28160848,28249008
Z2_30GYOSON_room_00,41234432,41353968,28249008,28304112
Z2_31MISAKI,41357312,41454880,28304112,28377200
Z2_31MISAKI_room_00,41455616,41550912,28377200,28423456
Z2_TAKARAKUJI,41553920,41568720,28423456,28436704
Z2_TAKARAKUJI_room_00,41570304,41581392,28436704,28441200
Z2_TORIDE,41582592,41631824,28441200,28481024
Z2_TORIDE_room_00,41635840,41689600,28481024,28503552
Z2_FISHERMAN,41693184,41730384,28503552,28532112
Z2_FISHERMAN_room_00,41734144,41768256,28532112,28546320
Z2_GORONSHOP,41771008,41820976,28546320,28581904
Z2_GORONSHOP_room_00,41824256,41862560,28581904,28597664
Z2_DEKU_KING,41865216,41937856,28597664,28642848
Z2_DEKU_KING_room_00,41938944,41977056,28642848,28659696
Z2_LAST_GORON,41979904,42021792,28659696,28685600
Z2_LAST_GORON_room_00,42024960,42129872,28685600,28747088
Z2_LAST_GORON_room_01,42131456,42153008,28747088,28763296
Z2_24KEMONOMITI,42156032,42187600,28763296,28787392
Z2_24KEMONOMITI_room_00,42188800,42213856,28787392,28800896
Z2_F01_B,42217472,42271008,28800896,28842144
Z2_F01_B_room_00,42274816,42302528,28842144,28854784
Z2_F01C,42303488,42367152,28854784,28897248
Z2_F01C_room_00,42369024,42391792,28897248,28906656
Z2_BOTI,42393600,42461392,28906656,28955008
Z2_BOTI_room_00,42463232,42513712,28955008,28982384
Z2_BOTI_room_01,42516480,42556208,28982384,29006432
Z2_HAKUGIN_BS,42557440,42610224,29006432,29039168
Z2_HAKUGIN_BS_room_00,42610688,42635648,29039168,29049936
Z2_20SICHITAI,42639360,42710368,29049936,29105712
Z2_20SICHITAI_room_00,42713088,42834832,29105712,29175632
Z2_20SICHITAI_room_01,42835968,42919168,29175632,29226352
Z2_20SICHITAI_room_02,42921984,42980576,29226352,29263424
Z2_21MITURINMAE,42983424,43028464,29263424,29295280
Z2_21MITURINMAE_room_00,43028480,43093056,29295280,29319424
Z2_LAST_ZORA,43094016,43202080,29319424,29399840
Z2_LAST_ZORA_room_00,43204608,43263088,29399840,29421088
Z2_11GORONNOSATO2,43266048,43292416,29421088,29442016
Z2_11GORONNOSATO2_room_00,43294720,43386608,29442016,29500784
Z2_11GORONNOSATO2_room_01,43388928,43398816,29500784,29506352
Z2_SEA,43401216,43513664,29506352,29575952
Z2_SEA_room_00,43515904,43583360,29575952,29607040
Z2_SEA_room_01,43585536,43625312,29607040,29624560
Z2_SEA_room_02,43626496,43634640,29624560,29628240
Z2_SEA_room_03,43634688,43643616,29628240,29632016
Z2_SEA_room_04,43646976,43693056,29632016,29655360
Z2_SEA_room_05,43696128,43721536,29655360,29669072
Z2_SEA_room_06,43724800,43778592,29669072,29696144
Z2_SEA_room_07,43782144,43806960,29696144,29709600
Z2_SEA_room_08,43810816,43853248,29709600,29726672
Z2_SEA_room_09,43855872,43876160,29726672,29735024
Z2_SEA_room_10,43876352,43914000,29735024,29750576
Z2_SEA_room_11,43917312,43969712,29750576,29776512
Z2_SEA_room_12,43970560,44008624,29776512,29794000
Z2_SEA_room_13,44011520,44025376,29794000,29800928
Z2_SEA_room_14,44027904,44037936,29800928,29806768
Z2_SEA_room_15,44040192,44049408,29806768,29810800
Z2_35TAKI,44052480,44152832,29810800,29894448
Z2_35TAKI_room_00,44154880,44256528,29894448,29947920
Z2_REDEAD,44257280,44313168,29947920,29981360
Z2_REDEAD_room_00,44314624,44335760,29981360,29990000
Z2_REDEAD_room_01,44339200,44376800,29990000,30004944
Z2_REDEAD_room_02,44380160,44412928,30004944,30017728
Z2_REDEAD_room_03,44412928,44443872,30017728,30029600
Z2_REDEAD_room_04,44445696,44475376,30029600,30042032
Z2_REDEAD_room_05,44478464,44516160,30042032,30056192
Z2_REDEAD_room_06,44519424,44547664,30056192,30067888
Z2_REDEAD_room_07,44548096,44572768,30067888,30077376
Z2_REDEAD_room_08,44576768,44586512,30077376,30081328
Z2_REDEAD_room_09,44589056,44599248,30081328,30085488
Z2_REDEAD_room_10,44601344,44612000,30085488,30089824
Z2_REDEAD_room_11,44613632,44666304,30089824,30119584
Z2_REDEAD_room_12,44666880,44670768,30119584,30121072
Z2_REDEAD_room_13,44670976,44683072,30121072,30126736
Z2_BANDROOM,44683264,44730544,30126736,30158464
Z2_BANDROOM_room_00,44732416,44806096,30158464,30203488
Z2_BANDROOM_room_01,44806144,44853024,30203488,30230576
Z2_BANDROOM_room_02,44855296,44914096,30230576,30263600
Z2_BANDROOM_room_03,44916736,44959600,30263600,30290864
Z2_BANDROOM_room_04,44961792,45000272,30290864,30312528
Z2_11GORONNOSATO,45002752,45025008,30312528,30329664
Z2_11GORONNOSATO_room_00,45027328,45108320,30329664,30377904
Z2_11GORONNOSATO_room_01,45109248,45120096,30377904,30384528
Z2_GORON_HAKA,45121536,45156240,30384528,30409152
Z2_GORON_HAKA_room_00,45158400,45190576,30409152,30423712
Z2_SECOM,45191168,45218320,30423712,30440272
Z2_SECOM_room_00,45219840,45232880,30440272,30447968
Z2_SECOM_room_01,45236224,45300144,30447968,30475952
Z2_10YUKIYAMANOMURA,45301760,45360704,30475952,30516448
Z2_10YUKIYAMANOMURA_room_00,45363200,45409984,30516448,30539680
Z2_TOUGITES,45412352,45438912,30539680,30558352
Z2_TOUGITES_room_00,45441024,45458896,30558352,30566640
Z2_DANPEI,45461504,45529856,30566640,30612672
Z2_DANPEI_room_00,45531136,45575104,30612672,30634528
Z2_DANPEI_room_01,45576192,45609600,30634528,30649696
Z2_DANPEI_room_02,45613056,45664464,30649696,30673264
Z2_DANPEI_room_03,45666304,45707024,30673264,30695328
Z2_DANPEI_room_04,45707264,45728944,30695328,30706096
Z2_DANPEI_room_05,45731840,45772400,30706096,30725488
Z2_DANPEI_room_06,45772800,45818448,30725488,30744704
Z2_DANPEI_room_07,45821952,45878032,30744704,30770304
Z2_DANPEI_room_08,45879296,45904912,30770304,30784880
Z2_IKANAMAE,45907968,45940864,30784880,30812160
Z2_IKANAMAE_room_00,45944832,45964224,30812160,30822448
Z2_DOUJOU,45965312,45995312,30822448,30844864
Z2_DOUJOU_room_00,45998080,46023904,30844864,30855280
Z2_MUSICHOUSE,46026752,46140480,30855280,30931328
Z2_MUSICHOUSE_room_00,46141440,46192288,30931328,30952272
Z2_IKNINSIDE,46194688,46242832,30952272,30982176
Z2_IKNINSIDE_room_00,46243840,46254448,30982176,30986064
Z2_IKNINSIDE_room_01,46256128,46286848,30986064,31000576
Z2_MAP_SHOP,46288896,46317600,31000576,31021568
Z2_MAP_SHOP_room_00,46321664,46344288,31021568,31029584
Z2_F40,46346240,46428928,31029584,31092096
Z2_F40_room_00,46432256,46480960,31092096,31115616
Z2_F41,46481408,46562032,31115616,31176768
Z2_F41_room_00,46563328,46610784,31176768,31199424
Z2_10YUKIYAMANOMURA2,46612480,46641248,31199424,31218256
Z2_10YUKIYAMANOMURA2_room_00,46645248,46769296,31218256,31293184
Z2_10YUKIYAMANOMURA2_room_01,46772224,46779952,31293184,31297520
Z2_14YUKIDAMANOMITI,46780416,46804208,31297520,31315248
Z2_14YUKIDAMANOMITI_room_00,46804992,46822832,31315248,31326544
Z2_12HAKUGINMAE,46825472,46855504,31326544,31350304
Z2_12HAKUGINMAE_room_00,46858240,46887088,31350304,31367872
Z2_17SETUGEN,46891008,46930864,31367872,31393392
Z2_17SETUGEN_room_00,46931968,46962416,31393392,31408144
Z2_17SETUGEN2,46964736,47000272,31408144,31436784
Z2_17SETUGEN2_room_00,47001600,47030752,31436784,31451616
Z2_SEA_BS,47034368,47057744,31451616,31470848
Z2_SEA_BS_room_00,47058944,47081296,31470848,31479072
Z2_RANDOM,47083520,47129312,31479072,31506928
Z2_RANDOM_room_00,47132672,47144304,31506928,31511968
Z2_RANDOM_room_01,47144960,47189216,31511968,31530816
Z2_RANDOM_room_02,47190016,47226032,31530816,31549312
Z2_RANDOM_room_03,47226880,47263088,31549312,31567952
Z2_RANDOM_room_04,47263744,47283312,31567952,31578480
Z2_RANDOM_room_05,47284224,47305440,31578480,31590432
Z2_YADOYA,47308800,47371344,31590432,31624608
Z2_YADOYA_room_00,47374336,47473856,31624608,31665952
Z2_YADOYA_room_01,47476736,47510320,31665952,31680192
Z2_YADOYA_room_02,47513600,47537888,31680192,31689264
Z2_YADOYA_room_03,47538176,47558848,31689264,31696528
Z2_YADOYA_room_04,47562752,47592752,31696528,31706544
Z2_KONPEKI_ENT,47595520,47624736,31706544,31725248
Z2_KONPEKI_ENT_room_00,47628288,47653792,31725248,31736944
Z2_INSIDETOWER,47656960,47689536,31736944,31748640
Z2_INSIDETOWER_room_00,47689728,47753744,31748640,31787968
Z2_INSIDETOWER_room_01,47755264,47755696,31787968,31788224
Z2_26SARUNOMORI,47759360,47809760,31788224,31822368
Z2_26SARUNOMORI_room_00,47812608,47826416,31822368,31829744
Z2_26SARUNOMORI_room_01,47828992,47842784,31829744,31837008
Z2_26SARUNOMORI_room_02,47845376,47862368,31837008,31847232
Z2_26SARUNOMORI_room_03,47865856,47875952,31847232,31852384
Z2_26SARUNOMORI_room_04,47878144,47891536,31852384,31859504
Z2_26SARUNOMORI_room_05,47894528,47904624,31859504,31864656
Z2_26SARUNOMORI_room_06,47906816,47923248,31864656,31873424
Z2_26SARUNOMORI_room_07,47927296,47937392,31873424,31878608
Z2_26SARUNOMORI_room_08,47939584,47953200,31878608,31886000
Z2_LOST_WOODS,47955968,48019920,31886000,31917184
Z2_LOST_WOODS_room_00,48021504,48054512,31917184,31939760
Z2_LOST_WOODS_room_01,48058368,48098592,31939760,31968224
Z2_LOST_WOODS_room_02,48099328,48106944,31968224,31970816
Z2_LAST_LINK,48107520,48132368,31970816,31988656
Z2_LAST_LINK_room_00,48136192,48165040,31988656,32009936
Z2_LAST_LINK_room_01,48168960,48186736,32009936,32022416
Z2_LAST_LINK_room_02,48189440,48215568,32022416,32043136
Z2_LAST_LINK_room_03,48218112,48251264,32043136,32068384
Z2_LAST_LINK_room_04,48254976,48269472,32068384,32078992
Z2_LAST_LINK_room_05,48271360,48293552,32078992,32095280
Z2_LAST_LINK_room_06,48295936,48298672,32095280,32096368
Z2_LAST_LINK_room_07,48300032,48302768,32096368,32097440
Z2_SOUGEN,48304128,48349152,32097440,32127920
Z2_SOUGEN_room_00,48349184,48380640,32127920,32142064
Z2_BOMYA,48381952,48433616,32142064,32172880
Z2_BOMYA_room_00,48435200,48467680,32172880,32185248
Z2_KYOJINNOMA,48467968,48528816,32185248,32202512
Z2_KYOJINNOMA_room_00,48529408,48536112,32202512,32204896
Z2_KOEPONARACE,48537600,48579728,32204896,32239856
Z2_KOEPONARACE_room_00,48582656,48616512,32239856,32257216
Z2_GORONRACE,48619520,48682640,32257216,32306848
Z2_GORONRACE_room_00,48685056,48741232,32306848,32340976
Z2_TOWN,48742400,48867184,32340976,32428048
Z2_TOWN_room_00,48869376,48965280,32428048,32467936
Z2_ICHIBA,48967680,49057344,32467936,32530624
Z2_ICHIBA_room_00,49057792,49101568,32530624,32547232
Z2_BACKTOWN,49102848,49172192,32547232,32595776
Z2_BACKTOWN_room_00,49172480,49213824,32595776,32612720
Z2_CLOCKTOWER,49217536,49358368,32612720,32708304
Z2_CLOCKTOWER_room_00,49360896,49440944,32708304,32736944
Z2_ALLEY,49442816,49511760,32736944,32784352
Z2_ALLEY_room_00,49512448,49547504,32784352,32800016
SPOT00,49549312,49600320,32800016,32814064
SPOT00_room_00,49602560,49604880,32814064,32815168
KAKUSIANA,49606656,49671376,32815168,32864000
KAKUSIANA_room_00,49672192,49687184,32864000,32872320
KAKUSIANA_room_01,49688576,49715504,32872320,32892944
KAKUSIANA_room_02,49717248,49725856,32892944,32898000
KAKUSIANA_room_03,49729536,49738400,32898000,32903952
KAKUSIANA_room_04,49741824,49748384,32903952,32907424
KAKUSIANA_room_05,49750016,49755888,32907424,32911120
KAKUSIANA_room_06,49758208,49767216,32911120,32915952
KAKUSIANA_room_07,49770496,49781376,32915952,32923936
KAKUSIANA_room_08,49782784,49795424,32923936,32931808
KAKUSIANA_room_09,49799168,49807888,32931808,32936800
KAKUSIANA_room_10,49811456,49816480,32936800,32939680
KAKUSIANA_room_11,49819648,49829360,32939680,32946704
KAKUSIANA_room_12,49831936,49857760,32946704,32962352
KAKUSIANA_room_13,49860608,49874784,32962352,32969904
KAKUSIANA_room_14,49876992,49885904,32969904,32974784
TEST01,49889280,49909264,32974784,0
TEST01_room_00,49909760,49951024,32994768,0
bump_texture_static,49954816,49955840,33036032,33036704
anime_model_1_static,49958912,49958928,33036704,0
anime_model_2_static,49963008,49963024,33036720,0
anime_model_3_static,49967104,49967120,33036736,0
anime_model_4_static,49971200,49971216,33036752,0
anime_model_5_static,49975296,49975312,33036768,0
anime_model_6_static,49979392,49979408,33036784,0
anime_texture_1_static,49983488,49983504,33036800,0
anime_texture_2_static,49987584,49987600,33036816,0
anime_texture_3_static,49991680,49991696,33036832,0
anime_texture_4_static,49995776,49995792,33036848,0
anime_texture_5_static,49999872,49999888,33036864,0
anime_texture_6_static,50003968,50003984,33036880,0
softsprite_matrix_static,50008064,50008128,33036896,33036928
