makerom,0,4192,0,0
boot,4192,29040,4192,0
dmadata,29040,53440,29040,0
Audiobank,53440,233088,53440,0
Audioseq,233088,559360,233088,0
Audiotable,559360,5086352,559360,0
kanji,5086352,5595024,5086352,0
link_animetion,5595136,8109104,5595024,0
icon_item_static,8110080,8669344,8108992,0
icon_item_24_static,8671232,8717312,8668256,0
icon_item_field_static,8720384,8767792,8714336,8741568
icon_item_dungeon_static,8769536,8777088,8741568,8743136
icon_item_gameover_static,8777728,8790784,8743136,8749024
icon_item_jpn_static,8794112,8850560,8749024,8770960
icon_item_nes_static,8851456,8907904,8770960,8793968
item_name_static,8908800,9160704,8793968,0
map_name_static,9162752,9299968,9045872,0
do_action_static,9302016,9324288,9183088,0
message_static,9326592,9343360,9205360,0
message_texture_static,9347072,9351680,9222128,0
nes_font_static,9355264,9373184,9226736,0
jpn_message_data_static,9375744,9614128,9244656,0
nes_message_data_static,9617408,9846848,9483040,0
staff_message_data_static,9850880,9854816,9712480,0
map_grand_static,9854976,9913168,9716416,0
map_48x85_static,9916416,10055136,9774608,0
map_i_static,10055680,11030800,9913328,0
code,11034624,12102208,10888448,11524784
ovl_title,12102208,12104336,11524784,11526384
ovl_select,12104336,12115728,11526384,11533264
ovl_opening,12115728,12116080,11533264,11533568
ovl_file_choose,12116080,12181456,11533568,11570176
ovl_kaleido_scope,12181456,12298064,11570176,11630912
ovl_player_actor,12298064,12455520,11630912,11734160
ovl_map_mark_data,12455520,12482880,11734160,11735104
ovl_En_Test,12482880,12505584,11735104,11748624
ovl_Arms_Hook,12505584,12509024,11748624,11751328
ovl_Arrow_Fire,12509024,12516928,11751328,11758176
ovl_Arrow_Ice,12516928,12524864,11758176,11764432
ovl_Arrow_Light,12524864,12532816,11764432,11770832
ovl_Bg_Bdan_Objects,12532816,12537632,11770832,11774208
ovl_Bg_Bdan_Switch,12537632,12542800,11774208,11777200
ovl_Bg_Bom_Guard,12542800,12543344,11777200,11777696
ovl_Bg_Bombwall,12543344,12545584,11777696,11779456
ovl_Bg_Bowl_Wall,12545584,12548016,11779456,11781536
ovl_Bg_Breakwall,12548016,12551712,11781536,11784448
ovl_Bg_Ddan_Jd,12551712,12553328,11784448,11785728
ovl_Bg_Ddan_Kd,12553328,12555616,11785728,11787488
ovl_Bg_Dodoago,12555616,12559008,11787488,11790144
ovl_Bg_Dy_Yoseizo,12559008,12570768,11790144,11798144
ovl_Bg_Ganon_Otyuka,12570768,12580560,11798144,11805600
ovl_Bg_Gate_Shutter,12580560,12581728,11805600,11806496
ovl_Bg_Gjyo_Bridge,12581728,12582992,11806496,11807568
ovl_Bg_Gnd_Darkmeiro,12582992,12584976,11807568,11809040
ovl_Bg_Gnd_Firemeiro,12584976,12586336,11809040,11810160
ovl_Bg_Gnd_Iceblock,12586336,12590672,11810160,11813040
ovl_Bg_Gnd_Nisekabe,12590672,12591040,11813040,11813376
ovl_Bg_Gnd_Soulmeiro,12591040,12593184,11813376,11815168
ovl_Bg_Haka,12593184,12594912,11815168,11816624
ovl_Bg_Haka_Gate,12594912,12599152,11816624,11819904
ovl_Bg_Haka_Huta,12599152,12601872,11819904,11822048
ovl_Bg_Haka_Megane,12601872,12602896,11822048,11822896
ovl_Bg_Haka_MeganeBG,12602896,12604624,11822896,11824256
ovl_Bg_Haka_Sgami,12604624,12607728,11824256,11826688
ovl_Bg_Haka_Ship,12607728,12610368,11826688,11828784
ovl_Bg_Haka_Trap,12610368,12615952,11828784,11832896
ovl_Bg_Haka_Tubo,12615952,12618544,11832896,11835008
ovl_Bg_Haka_Water,12618544,12620592,11835008,11836480
ovl_Bg_Haka_Zou,12620592,12625184,11836480,11839936
ovl_Bg_Heavy_Block,12625184,12631568,11839936,11844608
ovl_Bg_Hidan_Curtain,12631568,12634288,11844608,11846704
ovl_Bg_Hidan_Dalm,12634288,12636416,11846704,11848336
ovl_Bg_Hidan_Firewall,12636416,12638304,11848336,11849936
ovl_Bg_Hidan_Fslift,12638304,12639536,11849936,11850880
ovl_Bg_Hidan_Fwbig,12639536,12642832,11850880,11853536
ovl_Bg_Hidan_Hamstep,12642832,12646592,11853536,11856400
ovl_Bg_Hidan_Hrock,12646592,12648688,11856400,11858048
ovl_Bg_Hidan_Kousi,12648688,12650112,11858048,11859136
ovl_Bg_Hidan_Kowarerukabe,12650112,12653920,11859136,11861648
ovl_Bg_Hidan_Rock,12653920,12658272,11861648,11864944
ovl_Bg_Hidan_Rsekizou,12658272,12661312,11864944,11867216
ovl_Bg_Hidan_Sekizou,12661312,12666512,11867216,11871168
ovl_Bg_Hidan_Sima,12666512,12670352,11871168,11874192
ovl_Bg_Hidan_Syoku,12670352,12671472,11874192,11874976
ovl_Bg_Ice_Objects,12671472,12675376,11874976,11877600
ovl_Bg_Ice_Shelter,12675376,12680048,11877600,11881168
ovl_Bg_Ice_Shutter,12680048,12681184,11881168,11882032
ovl_Bg_Ice_Turara,12681184,12683280,11882032,11883760
ovl_Bg_Ingate,12683280,12684192,11883760,11884560
ovl_Bg_Jya_1flift,12684192,12685872,11884560,11885840
ovl_Bg_Jya_Amishutter,12685872,12686784,11885840,11886432
ovl_Bg_Jya_Bigmirror,12686784,12688912,11886432,11888240
ovl_Bg_Jya_Block,12688912,12689536,11888240,11888848
ovl_Bg_Jya_Bombchuiwa,12689536,12692416,11888848,11891056
ovl_Bg_Jya_Bombiwa,12692416,12693888,11891056,11892304
ovl_Bg_Jya_Cobra,12693888,12701376,11892304,11897808
ovl_Bg_Jya_Goroiwa,12701376,12703296,11897808,11899440
ovl_Bg_Jya_Haheniron,12703296,12705328,11899440,11901104
ovl_Bg_Jya_Ironobj,12705328,12708832,11901104,11903504
ovl_Bg_Jya_Kanaami,12708832,12709776,11903504,11904256
ovl_Bg_Jya_Lift,12709776,12711136,11904256,11905360
ovl_Bg_Jya_Megami,12711136,12715728,11905360,11909184
ovl_Bg_Jya_Zurerukabe,12715728,12717440,11909184,11910544
ovl_Bg_Menkuri_Eye,12717440,12718608,11910544,11911552
ovl_Bg_Menkuri_Kaiten,12718608,12719008,11911552,11911904
ovl_Bg_Menkuri_Nisekabe,12719008,12719344,11911904,11912192
ovl_Bg_Mizu_Bwall,12719344,12724672,11912192,11915728
ovl_Bg_Mizu_Movebg,12724672,12729152,11915728,11919008
ovl_Bg_Mizu_Shutter,12729152,12731200,11919008,11920608
ovl_Bg_Mizu_Uzu,12731200,12731664,11920608,11920992
ovl_Bg_Mizu_Water,12731664,12734944,11920992,11923296
ovl_Bg_Mjin,12734944,12735952,11923296,11924160
ovl_Bg_Mori_Bigst,12735952,12738304,11924160,11925808
ovl_Bg_Mori_Elevator,12738304,12741104,11925808,11927680
ovl_Bg_Mori_Hashigo,12741104,12743344,11927680,11929344
ovl_Bg_Mori_Hashira4,12743344,12744752,11929344,11930448
ovl_Bg_Mori_Hineri,12744752,12748160,11930448,11932976
ovl_Bg_Mori_Idomizu,12748160,12749760,11932976,11934240
ovl_Bg_Mori_Kaitenkabe,12749760,12751408,11934240,11935600
ovl_Bg_Mori_Rakkatenjo,12751408,12753840,11935600,11937328
ovl_Bg_Po_Event,12753840,12761568,11937328,11943040
ovl_Bg_Po_Syokudai,12761568,12763984,11943040,11945008
ovl_Bg_Pushbox,12763984,12764752,11945008,11945664
ovl_Bg_Relay_Objects,12764752,12766720,11945664,11947232
ovl_Bg_Spot00_Break,12766720,12767136,11947232,11947600
ovl_Bg_Spot00_Hanebasi,12767136,12771504,11947600,11951120
ovl_Bg_Spot01_Fusya,12771504,12772176,11951120,11951712
ovl_Bg_Spot01_Idohashira,12772176,12775248,11951712,11954064
ovl_Bg_Spot01_Idomizu,12775248,12776048,11954064,11954784
ovl_Bg_Spot01_Idosoko,12776048,12776576,11954784,11955232
ovl_Bg_Spot01_Objects2,12776576,12777792,11955232,11956272
ovl_Bg_Spot02_Objects,12777792,12782752,11956272,11959824
ovl_Bg_Spot03_Taki,12782752,12785088,11959824,11961584
ovl_Bg_Spot05_Soko,12785088,12785888,11961584,11962240
ovl_Bg_Spot06_Objects,12785888,12791008,11962240,11966096
ovl_Bg_Spot07_Taki,12791008,12792528,11966096,11967232
ovl_Bg_Spot08_Bakudankabe,12792528,12794224,11967232,11968688
ovl_Bg_Spot08_Iceblock,12794224,12798384,11968688,11971664
ovl_Bg_Spot09_Obj,12798384,12799696,11971664,11972656
ovl_Bg_Spot11_Bakudankabe,12799696,12801296,11972656,11974032
ovl_Bg_Spot11_Oasis,12801296,12803136,11974032,11975616
ovl_Bg_Spot12_Gate,12803136,12804176,11975616,11976400
ovl_Bg_Spot12_Saku,12804176,12805392,11976400,11977360
ovl_Bg_Spot15_Rrbox,12805392,12808944,11977360,11979936
ovl_Bg_Spot15_Saku,12808944,12809776,11979936,11980672
ovl_Bg_Spot16_Bombstone,12809776,12815232,11980672,11984992
ovl_Bg_Spot16_Doughnut,12815232,12816704,11984992,11986224
ovl_Bg_Spot17_Bakudankabe,12816704,12818480,11986224,11987728
ovl_Bg_Spot17_Funen,12818480,12819072,11987728,11988256
ovl_Bg_Spot18_Basket,12819072,12823152,11988256,11991344
ovl_Bg_Spot18_Futa,12823152,12823568,11991344,11991696
ovl_Bg_Spot18_Obj,12823568,12825824,11991696,11993312
ovl_Bg_Spot18_Shutter,12825824,12827184,11993312,11994368
ovl_Bg_Sst_Floor,12827184,12828560,11994368,11995632
ovl_Bg_Toki_Hikari,12828560,12832048,11995632,11997728
ovl_Bg_Toki_Swd,12832048,12837760,11997728,12000352
ovl_Bg_Treemouth,12837760,12843488,12000352,12003408
ovl_Bg_Umajump,12843488,12843888,12003408,12003776
ovl_Bg_Vb_Sima,12843888,12845712,12003776,12005392
ovl_Bg_Ydan_Hasi,12845712,12847680,12005392,12006960
ovl_Bg_Ydan_Maruta,12847680,12849440,12006960,12008368
ovl_Bg_Ydan_Sp,12849440,12855360,12008368,12012688
ovl_Bg_Zg,12855360,12856464,12012688,12013584
ovl_Boss_Dodongo,12856464,12896144,12013584,12038880
ovl_Boss_Fd,12896144,12925680,12038880,12058624
ovl_Boss_Fd2,12925680,12941344,12058624,12069728
ovl_Boss_Ganon,12941344,13081296,12069728,12157584
ovl_Boss_Ganon2,13081296,13151776,12157584,12200016
ovl_Boss_Ganondrof,13151776,13171632,12200016,12213184
ovl_Boss_Goma,13171632,13196112,12213184,12228064
ovl_Boss_Mo,13196112,13243936,12228064,12261376
ovl_Boss_Sst,13243936,13294512,12261376,12292960
ovl_Boss_Tw,13294512,13372672,12292960,12343648
ovl_Boss_Va,13372672,13432208,12343648,12382080
ovl_Demo_6K,13432208,13443824,12382080,12390608
ovl_Demo_Du,13443824,13458128,12390608,12397664
ovl_Demo_Ec,13458128,13472560,12397664,12403584
ovl_Demo_Effect,13472560,13496016,12403584,12418816
ovl_Demo_Ext,13496016,13498400,12418816,12420656
ovl_Demo_Geff,13498400,13500480,12420656,12422176
ovl_Demo_Gj,13500480,13516016,12422176,12429456
ovl_Demo_Go,13516016,13519424,12429456,12431824
ovl_Demo_Gt,13519424,13541456,12431824,12442960
ovl_Demo_Ik,13541456,13546848,12442960,12446304
ovl_Demo_Im,13546848,13563088,12446304,12454400
ovl_Demo_Kankyo,13563088,13578608,12454400,12463648
ovl_Demo_Kekkai,13578608,13583456,12463648,12467376
ovl_Demo_Sa,13583456,13594496,12467376,12472864
ovl_Demo_Shd,13594496,13603728,12472864,12479040
ovl_Demo_Tre_Lgt,13603728,13605536,12479040,12480560
ovl_Door_Ana,13605536,13607184,12480560,12481936
ovl_Door_Gerudo,13607184,13608704,12481936,12483216
ovl_Door_Killer,13608704,13614192,12483216,12487440
ovl_Door_Shutter,13614192,13623088,12487440,12493840
ovl_Door_Toki,13623088,13623440,12493840,12494128
ovl_Door_Warp1,13623440,13640592,12494128,12503984
ovl_Efc_Erupc,13640592,13643392,12503984,12506288
ovl_Eff_Dust,13643392,13648464,12506288,12509344
ovl_Effect_Ss_Blast,13648464,13649376,12509344,12510224
ovl_Effect_Ss_Bomb,13649376,13650448,12510224,12511216
ovl_Effect_Ss_Bomb2,13650448,13652752,12511216,12512928
ovl_Effect_Ss_Bubble,13652752,13653904,12512928,12513952
ovl_Effect_Ss_D_Fire,13653904,13655168,12513952,12515136
ovl_Effect_Ss_Dead_Db,13655168,13656416,12515136,12516336
ovl_Effect_Ss_Dead_Dd,13656416,13657840,12516336,12517632
ovl_Effect_Ss_Dead_Ds,13657840,13658992,12517632,12518704
ovl_Effect_Ss_Dead_Sound,13658992,13659312,12518704,12519024
ovl_Effect_Ss_Dt_Bubble,13659312,13660736,12519024,12520272
ovl_Effect_Ss_Dust,13660736,13662848,12520272,12521984
ovl_Effect_Ss_En_Fire,13662848,13664720,12521984,12523664
ovl_Effect_Ss_En_Ice,13664720,13666960,12523664,12525632
ovl_Effect_Ss_Extra,13666960,13667920,12525632,12526560
ovl_Effect_Ss_Fcircle,13667920,13669120,12526560,12527696
ovl_Effect_Ss_Fhg_Flash,13669120,13673088,12527696,12530272
ovl_Effect_Ss_Fire_Tail,13673088,13674880,12530272,12531888
ovl_Effect_Ss_G_Fire,13674880,13675536,12531888,12532496
ovl_Effect_Ss_G_Magma,13675536,13676144,12532496,12533072
ovl_Effect_Ss_G_Magma2,13676144,13677440,12533072,12534288
ovl_Effect_Ss_G_Ripple,13677440,13678816,12534288,12535536
ovl_Effect_Ss_G_Spk,13678816,13680272,12535536,12536848
ovl_Effect_Ss_G_Splash,13680272,13681472,12536848,12537824
ovl_Effect_Ss_Hahen,13681472,13683072,12537824,12539088
ovl_Effect_Ss_HitMark,13683072,13684432,12539088,12540288
ovl_Effect_Ss_Ice_Piece,13684432,13685520,12540288,12541312
ovl_Effect_Ss_Ice_Smoke,13685520,13686768,12541312,12542400
ovl_Effect_Ss_K_Fire,13686768,13687856,12542400,12543424
ovl_Effect_Ss_Kakera,13687856,13692096,12543424,12546560
ovl_Effect_Ss_KiraKira,13692096,13693744,12546560,12548000
ovl_Effect_Ss_Lightning,13693744,13695488,12548000,12549616
ovl_Effect_Ss_Sibuki,13695488,13697232,12549616,12551168
ovl_Effect_Ss_Sibuki2,13697232,13698048,12551168,12551936
ovl_Effect_Ss_Solder_Srch_Ball,13698048,13698480,12551936,12552352
ovl_Effect_Ss_Stick,13698480,13699408,12552352,12553200
ovl_Effect_Ss_Stone1,13699408,13700304,12553200,12554048
ovl_Elf_Msg,13700304,13701824,12554048,12555168
ovl_Elf_Msg2,13701824,13702960,12555168,12555936
ovl_En_Am,13702960,13712176,12555936,12562128
ovl_En_Ani,13712176,13715616,12562128,12564576
ovl_En_Anubice,13715616,13720400,12564576,12568112
ovl_En_Anubice_Fire,13720400,13723920,12568112,12571024
ovl_En_Anubice_Tag,13723920,13724640,12571024,12571648
ovl_En_Arow_Trap,13724640,13724976,12571648,12571968
ovl_En_Arrow,13724976,13730864,12571968,12576192
ovl_En_Attack_Niw,13730864,13735568,12576192,12579616
ovl_En_Ba,13735568,13743456,12579616,12584784
ovl_En_Bb,13743456,13759040,12584784,12595984
ovl_En_Bdfire,13759040,13762016,12595984,12598304
ovl_En_Bigokuta,13762016,13773024,12598304,12605776
ovl_En_Bili,13773024,13781936,12605776,12611968
ovl_En_Bird,13781936,13783152,12611968,12612960
ovl_En_Blkobj,13783152,13784528,12612960,12614112
ovl_En_Bom,13784528,13788320,12614112,12617104
ovl_En_Bom_Bowl_Man,13788320,13793760,12617104,12621104
ovl_En_Bom_Bowl_Pit,13793760,13796176,12621104,12622992
ovl_En_Bom_Chu,13796176,13801968,12622992,12627584
ovl_En_Bombf,13801968,13807232,12627584,12631664
ovl_En_Boom,13807232,13809488,12631664,12633520
ovl_En_Box,13809488,13816480,12633520,12638368
ovl_En_Brob,13816480,13820816,12638368,12641504
ovl_En_Bubble,13820816,13825968,12641504,12645440
ovl_En_Butte,13825968,13831552,12645440,12649488
ovl_En_Bw,13831552,13844752,12649488,12658368
ovl_En_Bx,13844752,13847568,12658368,12660832
ovl_En_Changer,13847568,13850096,12660832,12662704
ovl_En_Clear_Tag,13850096,13885792,12662704,12680096
ovl_En_Cow,13885792,13891008,12680096,12683456
ovl_En_Crow,13891008,13896800,12683456,12687760
ovl_En_Cs,13896800,13901456,12687760,12691328
ovl_En_Daiku,13901456,13907408,12691328,12695904
ovl_En_Daiku_Kakariko,13907408,13912464,12695904,12699712
ovl_En_Dekubaba,13912464,13927488,12699712,12709376
ovl_En_Dekunuts,13927488,13933632,12709376,12713392
ovl_En_Dh,13933632,13940512,12713392,12718384
ovl_En_Dha,13940512,13944608,12718384,12721408
ovl_En_Diving_Game,13944608,13951184,12721408,12726016
ovl_En_Dns,13951184,13956192,12726016,12729296
ovl_En_Dnt_Demo,13956192,13959552,12729296,12731936
ovl_En_Dnt_Jiji,13959552,13964960,12731936,12735200
ovl_En_Dnt_Nomal,13964960,13976736,12735200,12742288
ovl_En_Dodojr,13976736,13984576,12742288,12747760
ovl_En_Dodongo,13984576,13996256,12747760,12755760
ovl_En_Dog,13996256,14000784,12755760,12758960
ovl_En_Door,14000784,14004432,12758960,12761984
ovl_En_Ds,14004432,14007536,12761984,12764128
ovl_En_Du,14007536,14014336,12764128,12768816
ovl_En_Dy_Extra,14014336,14015776,12768816,12770080
ovl_En_Eg,14015776,14016208,12770080,12770432
ovl_En_Eiyer,14016208,14023472,12770432,12775584
ovl_En_Elf,14023472,14042352,12775584,12787872
ovl_En_Encount1,14042352,14045264,12787872,12790272
ovl_En_Encount2,14045264,14049920,12790272,12793872
ovl_En_Ex_Item,14049920,14054400,12793872,12797136
ovl_En_Ex_Ruppy,14054400,14058688,12797136,12800416
ovl_En_Fd,14058688,14070112,12800416,12808880
ovl_En_Fd_Fire,14070112,14073456,12808880,12811680
ovl_En_Fhg_Fire,14073456,14083344,12811680,12818752
ovl_En_Fire_Rock,14083344,14087712,12818752,12821936
ovl_En_Firefly,14087712,14096272,12821936,12827696
ovl_En_Fish,14096272,14104736,12827696,12833008
ovl_En_Floormas,14104736,14118016,12833008,12841184
ovl_En_Fr,14118016,14128912,12841184,12848928
ovl_En_Fu,14128912,14132304,12848928,12851600
ovl_En_Fw,14132304,14138384,12851600,12856512
ovl_En_Fz,14138384,14146592,12856512,12862320
ovl_En_G_Switch,14146592,14152768,12862320,12867072
ovl_En_Ganon_Mant,14152768,14169712,12867072,12874576
ovl_En_Ganon_Organ,14169712,14198448,12874576,12888544
ovl_En_Gb,14198448,14204384,12888544,12892944
ovl_En_Ge1,14204384,14212624,12892944,12898112
ovl_En_Ge2,14212624,14219184,12898112,12902608
ovl_En_Ge3,14219184,14222320,12902608,12904944
ovl_En_GeldB,14222320,14243744,12904944,12918208
ovl_En_GirlA,14243744,14254272,12918208,12923440
ovl_En_Gm,14254272,14257648,12923440,12926032
ovl_En_Go,14257648,14275632,12926032,12937648
ovl_En_Go2,14275632,14300272,12937648,12953552
ovl_En_Goma,14300272,14311712,12953552,12961152
ovl_En_Goroiwa,14311712,14320864,12961152,12967584
ovl_En_Gs,14320864,14328656,12967584,12973296
ovl_En_Guest,14328656,14331120,12973296,12975360
ovl_En_Hata,14331120,14332544,12975360,12976640
ovl_En_Heishi1,14332544,14337936,12976640,12980304
ovl_En_Heishi2,14337936,14346640,12980304,12985600
ovl_En_Heishi3,14346640,14349152,12985600,12987440
ovl_En_Heishi4,14349152,14352992,12987440,12990144
ovl_En_Hintnuts,14352992,14359696,12990144,12994672
ovl_En_Holl,14359696,14363744,12994672,12997648
ovl_En_Honotrap,14363744,14369216,12997648,13001696
ovl_En_Horse,14369216,14418976,13001696,13032416
ovl_En_Horse_Game_Check,14418976,14423280,13032416,13035520
ovl_En_Horse_Ganon,14423280,14426736,13035520,13038192
ovl_En_Horse_Link_Child,14426736,14434416,13038192,13042800
ovl_En_Horse_Normal,14434416,14444176,13042800,13049024
ovl_En_Horse_Zelda,14444176,14446976,13049024,13051280
ovl_En_Hs,14446976,14449952,13051280,13053392
ovl_En_Hs2,14449952,14451456,13053392,13054640
ovl_En_Hy,14451456,14466112,13054640,13063904
ovl_En_Ice_Hono,14466112,14470704,13063904,13067184
ovl_En_Ik,14470704,14488704,13067184,13077664
ovl_En_In,14488704,14500384,13077664,13086064
ovl_En_Insect,14500384,14509888,13086064,13092352
ovl_En_Ishi,14509888,14547088,13092352,13097312
ovl_En_It,14547088,14547488,13097312,13097616
ovl_En_Jj,14547488,14553072,13097616,13100768
ovl_En_Js,14553072,14555584,13100768,13102592
ovl_En_Jsjutan,14555584,14575504,13102592,13110128
ovl_En_Kakasi,14575504,14578896,13110128,13112720
ovl_En_Kakasi2,14578896,14580720,13112720,13114160
ovl_En_Kakasi3,14580720,14585040,13114160,13117296
ovl_En_Kanban,14585040,14597664,13117296,13124992
ovl_En_Karebaba,14597664,14604048,13124992,13129472
ovl_En_Ko,14604048,14620752,13129472,13139120
ovl_En_Kusa,14620752,14626096,13139120,13143040
ovl_En_Kz,14626096,14631632,13143040,13147136
ovl_En_Light,14631632,14635216,13147136,13149648
ovl_En_Lightbox,14635216,14636368,13149648,13150624
ovl_En_M_Fire1,14636368,14636784,13150624,13150960
ovl_En_M_Thunder,14636784,14642416,13150960,13155056
ovl_En_Ma1,14642416,14647248,13155056,13158656
ovl_En_Ma2,14647248,14651440,13158656,13161856
ovl_En_Ma3,14651440,14655456,13161856,13164960
ovl_En_Mag,14655456,14666288,13164960,13172576
ovl_En_Mb,14666288,14683232,13172576,13183584
ovl_En_Md,14683232,14693072,13183584,13189472
ovl_En_Mk,14693072,14696800,13189472,13192000
ovl_En_Mm,14696800,14702528,13192000,13196352
ovl_En_Mm2,14702528,14706048,13196352,13199024
ovl_En_Ms,14706048,14707824,13199024,13200480
ovl_En_Mu,14707824,14710160,13200480,13202464
ovl_En_Nb,14710160,14728032,13202464,13211808
ovl_En_Niw,14728032,14741136,13211808,13221248
ovl_En_Niw_Girl,14741136,14743904,13221248,13223632
ovl_En_Niw_Lady,14743904,14750304,13223632,13228224
ovl_En_Nutsball,14750304,14751872,13228224,13229632
ovl_En_Nwc,14751872,14754464,13229632,13231824
ovl_En_Ny,14754464,14760928,13231824,13236560
ovl_En_OE2,14760928,14761152,13236560,13236704
ovl_En_Okarina_Effect,14761152,14762112,13236704,13237456
ovl_En_Okarina_Tag,14762112,14767488,13237456,13240528
ovl_En_Okuta,14767488,14777184,13240528,13247248
ovl_En_Ossan,14777184,14803264,13247248,13261552
ovl_En_Owl,14803264,14818528,13261552,13270384
ovl_En_Part,14818528,14824256,13270384,13274576
ovl_En_Peehat,14824256,14838336,13274576,13283488
ovl_En_Po_Desert,14838336,14841856,13283488,13286384
ovl_En_Po_Field,14841856,14856704,13286384,13296752
ovl_En_Po_Relay,14856704,14862608,13296752,13301232
ovl_En_Po_Sisters,14862608,14882304,13301232,13314080
ovl_En_Poh,14882304,14899184,13314080,13324896
ovl_En_Pu_box,14899184,14900016,13324896,13325632
ovl_En_Rd,14900016,14910448,13325632,13332288
ovl_En_Reeba,14910448,14917216,13332288,13337168
ovl_En_River_Sound,14917216,14919664,13337168,13339168
ovl_En_Rl,14919664,14923472,13339168,13341504
ovl_En_Rr,14923472,14932992,13341504,13348432
ovl_En_Ru1,14932992,14963360,13348432,13364384
ovl_En_Ru2,14963360,14975008,13364384,13370080
ovl_En_Sa,14975008,14983824,13370080,13375808
ovl_En_Sb,14983824,14989008,13375808,13379264
ovl_En_Scene_Change,14989008,14989312,13379264,13379504
ovl_En_Sda,14989312,14994992,13379504,13383312
ovl_En_Shopnuts,14994992,14998848,13383312,13385968
ovl_En_Si,14998848,15000128,13385968,13387024
ovl_En_Siofuki,15000128,15003632,13387024,13389648
ovl_En_Skb,15003632,15010016,13389648,13394272
ovl_En_Skj,15010016,15024672,13394272,13403424
ovl_En_Skjneedle,15024672,15025456,13403424,13404112
ovl_En_Ssh,15025456,15035168,13404112,13410848
ovl_En_St,15035168,15046544,13410848,13418752
ovl_En_Sth,15046544,15063120,13418752,13429952
ovl_En_Stream,15063120,15064544,13429952,13431168
ovl_En_Sw,15064544,15078736,13431168,13441488
ovl_En_Syateki_Itm,15078736,15082224,13441488,13444144
ovl_En_Syateki_Man,15082224,15085744,13444144,13446752
ovl_En_Syateki_Niw,15085744,15094080,13446752,13452848
ovl_En_Ta,15094080,15108864,13452848,13461872
ovl_En_Takara_Man,15108864,15111104,13461872,13463776
ovl_En_Tana,15111104,15111792,13463776,13464352
ovl_En_Tg,15111792,15113552,13464352,13465840
ovl_En_Tite,15113552,15125232,13465840,13472928
ovl_En_Tk,15125232,15132960,13472928,13478608
ovl_En_Torch,15132960,15133200,13478608,13478832
ovl_En_Torch2,15133200,15143280,13478832,13486176
ovl_En_Toryo,15143280,15146496,13486176,13488544
ovl_En_Tp,15146496,15154288,13488544,13494208
ovl_En_Tr,15154288,15160688,13494208,13498816
ovl_En_Trap,15160688,15165456,13498816,13501952
ovl_En_Tubo_Trap,15165456,15168688,13501952,13504272
ovl_En_Vali,15168688,15178608,13504272,13511088
ovl_En_Vase,15178608,15178864,13511088,13511312
ovl_En_Vb_Ball,15178864,15183392,13511312,13514720
ovl_En_Viewer,15183392,15195328,13514720,13522752
ovl_En_Vm,15195328,15201664,13522752,13527248
ovl_En_Wall_Tubo,15201664,15202928,13527248,13528304
ovl_En_Wallmas,15202928,15209600,13528304,13532816
ovl_En_Weather_Tag,15209600,15213424,13532816,13534672
ovl_En_Weiyer,15213424,15220080,13534672,13539072
ovl_En_Wf,15220080,15237248,13539072,13550160
ovl_En_Wonder_Item,15237248,15240400,13550160,13552400
ovl_En_Wonder_Talk,15240400,15242080,13552400,13553760
ovl_En_Wonder_Talk2,15242080,15243776,13553760,13555200
ovl_En_Wood02,15243776,15248336,13555200,13558848
ovl_En_Xc,15248336,15274800,13558848,13572352
ovl_En_Yabusame_Mark,15274800,15276544,13572352,13573728
ovl_En_Yukabyun,15276544,15278096,13573728,13575088
ovl_En_Zf,15278096,15305456,13575088,13592640
ovl_En_Zl1,15305456,15321344,13592640,13600672
ovl_En_Zl2,15321344,15339520,13600672,13609888
ovl_En_Zl3,15339520,15371856,13609888,13626480
ovl_En_Zl4,15371856,15390848,13626480,13636176
ovl_En_Zo,15390848,15400512,13636176,13642864
ovl_En_fHG,15400512,15411056,13642864,13649840
ovl_End_Title,15411056,15427728,13649840,13656608
ovl_Fishing,15427728,15508320,13656608,13711280
ovl_Item_B_Heart,15508320,15509360,13711280,13712160
ovl_Item_Etcetera,15509360,15511616,13712160,13713840
ovl_Item_Inbox,15511616,15511968,13713840,13714112
ovl_Item_Ocarina,15511968,15513968,13714112,13715584
ovl_Item_Shield,15513968,15516544,13715584,13717632
ovl_Magic_Dark,15516544,15522768,13717632,13722560
ovl_Magic_Fire,15522768,15531728,13722560,13730560
ovl_Magic_Wind,15531728,15539152,13730560,13737104
ovl_Mir_Ray,15539152,15545472,13737104,13742208
ovl_Obj_Bean,15545472,15555600,13742208,13748560
ovl_Obj_Blockstop,15555600,15556016,13748560,13748944
ovl_Obj_Bombiwa,15556016,15557408,13748944,13750160
ovl_Obj_Comb,15557408,15559552,13750160,13752016
ovl_Obj_Dekujr,15559552,15561152,13752016,13753360
ovl_Obj_Elevator,15561152,15562112,13753360,13754112
ovl_Obj_Hamishi,15562112,15564240,13754112,13755920
ovl_Obj_Hana,15564240,15565024,13755920,13756560
ovl_Obj_Hsblock,15565024,15566512,13756560,13757760
ovl_Obj_Ice_Poly,15566512,15568992,13757760,13759792
ovl_Obj_Kibako,15568992,15572320,13759792,13762064
ovl_Obj_Kibako2,15572320,15574048,13762064,13763536
ovl_Obj_Lift,15574048,15576640,13763536,13765632
ovl_Obj_Lightswitch,15576640,15581808,13765632,13769168
ovl_Obj_Makekinsuta,15581808,15582144,13769168,13769488
ovl_Obj_Makeoshihiki,15582144,15583312,13769488,13770480
ovl_Obj_Mure,15583312,15587424,13770480,13773344
ovl_Obj_Mure2,15587424,15590016,13773344,13775264
ovl_Obj_Mure3,15590016,15592016,13775264,13776848
ovl_Obj_Oshihiki,15592016,15598848,13776848,13781600
ovl_Obj_Roomtimer,15598848,15599440,13781600,13782112
ovl_Obj_Switch,15599440,15607088,13782112,13786928
ovl_Obj_Syokudai,15607088,15610224,13786928,13789536
ovl_Obj_Timeblock,15610224,15613376,13789536,13791824
ovl_Obj_Tsubo,15613376,15617456,13791824,13794736
ovl_Obj_Warp2block,15617456,15620320,13794736,13797008
ovl_Object_Kankyo,15620320,15633248,13797008,13806080
ovl_Oceff_Spot,15633248,15637136,13806080,13809408
ovl_Oceff_Storm,15637136,15644224,13809408,13816192
ovl_Oceff_Wipe,15644224,15647680,13816192,13819200
ovl_Oceff_Wipe2,15647680,15653680,13819200,13822848
ovl_Oceff_Wipe3,15653680,15659648,13822848,13827584
ovl_Oceff_Wipe4,15659648,15663712,13827584,13830624
ovl_Shot_Sun,15663712,15665440,13830624,13832064
gameplay_keep,15667200,16043232,13832064,14026560
gameplay_field_keep,16044032,16098096,14026560,14063968
gameplay_dangeon_keep,16101376,16198384,14063968,14124096
gameplay_object_exchange_static,16199680,16199696,14124096,14124128
object_link_boy,16203776,16431104,14124128,14231728
object_link_child,16433152,16617344,14231728,14320192
object_box,16617472,16642048,14320192,14332944
object_human,16642048,16720256,14332944,14364704
object_okuta,16723968,16739456,14364704,14372448
object_poh,16740352,16761056,14372448,14385728
object_wallmaster,16764928,16806000,14385728,14412624
object_dy_obj,16809984,16930096,14412624,14487264
object_firefly,16932864,16939200,14487264,14490992
object_dodongo,16941056,16980288,14490992,14518704
object_fire,16982016,16998560,14518704,14525408
object_niw,17002496,17012032,14525408,14530256
object_tite,17014784,17029680,14530256,14540288
object_reeba,17031168,17039088,14540288,14545440
object_peehat,17039360,17046672,14545440,14548960
object_kingdodongo,17047552,17242336,14548960,14673920
object_horse,17244160,17301264,14673920,14716624
object_zf,17301504,17392544,14716624,14778976
object_goma,17395712,17519104,14778976,14870720
object_zl1,17522688,17605568,14870720,14914864
object_gol,17608704,17625632,14914864,14926000
object_bubble,17629184,17633472,14926000,14927888
object_dodojr,17637376,17645808,14927888,14934080
object_torch2,17649664,17667952,14934080,14942368
object_bl,17670144,17692752,14942368,14951680
object_tp,17694720,17702128,14951680,14956624
object_oA1,17702912,17721104,14956624,14965984
object_st,17723392,17746864,14965984,14979040
object_bw,17747968,17756768,14979040,14984416
object_ei,17760256,17773600,14984416,14991984
object_horse_normal,17776640,17817536,14991984,15024784
object_oB1,17817600,17843888,15024784,15037024
object_o_anime,17846272,17854800,15037024,15044192
object_spot04_objects,17858560,17864384,15044192,15047392
object_ddan_objects,17866752,17901408,15047392,15069664
object_hidan_objects,17903616,18001184,15069664,15118288
object_horse_ganon,18001920,18051216,15118288,15152032
object_oA2,18055168,18077392,15152032,15157200
object_spot00_objects,18079744,18086928,15157200,15160064
object_mb,18087936,18170272,15160064,15216288
object_bombf,18173952,18180608,15216288,15220288
object_sk2,18182144,18241536,15220288,15266016
object_oE1,18243584,18270224,15266016,15278592
object_oE_anime,18272256,18292832,15278592,15298048
object_oE2,18296832,18319984,15298048,15309040
object_ydan_objects,18321408,18358400,15309040,15337552
object_gnd,18362368,18440192,15337552,15396912
object_am,18440192,18463568,15396912,15409024
object_dekubaba,18464768,18479552,15409024,15419248
object_oA3,18481152,18489648,15419248,15423776
object_oA4,18493440,18499376,15423776,15426528
object_oA5,18501632,18507440,15426528,15429216
object_oA6,18509824,18516480,15429216,15432256
object_oA7,18518016,18523472,15432256,15434800
object_jj,18526208,18574016,15434800,15462832
object_oA8,18575360,18581424,15462832,15465456
object_oA9,18583552,18584864,15465456,15466416
object_oB2,18587648,18604256,15466416,15474832
object_oB3,18608128,18625680,15474832,15483568
object_oB4,18628608,18634864,15483568,15486464
object_horse_zelda,18636800,18665824,15486464,15505184
object_opening_demo1,18669568,18690144,15505184,15523872
object_warp1,18694144,18705584,15523872,15532080
object_b_heart,18706432,18708032,15532080,15533264
object_dekunuts,18710528,18724448,15533264,15541584
object_oE3,18726912,18755872,15541584,15555056
object_oE4,18759680,18780112,15555056,15564704
object_menkuri_objects,18780160,18815760,15564704,15589424
object_oE5,18817024,18838976,15589424,15600240
object_oE6,18841600,18853456,15600240,15606496
object_oE7,18853888,18864736,15606496,15613040
object_oE8,18866176,18879440,15613040,15619856
object_oE9,18882560,18894608,15619856,15625088
object_oE10,18894848,18905552,15625088,15630960
object_oE11,18907136,18919920,15630960,15636800
object_oE12,18923520,18937792,15636800,15644000
object_vali,18939904,18958416,15644000,15653680
object_oA10,18960384,18972336,15653680,15659328
object_oA11,18972672,18978240,15659328,15662160
object_mizu_objects,18980864,19026720,15662160,15689552
object_fhg,19030016,19099104,15689552,15734160
object_ossan,19099648,19139408,15734160,15751248
object_mori_hineri1,19140608,19162352,15751248,15759488
object_Bb,19165184,19171904,15759488,15763344
object_toki_objects,19173376,19207248,15763344,15780160
object_yukabyun,19210240,19215600,15780160,15782864
object_zl2,19218432,19287424,15782864,15814368
object_mjin,19288064,19292816,15814368,15816976
object_mjin_flash,19296256,19300352,15816976,15819584
object_mjin_dark,19300352,19304448,15819584,15822848
object_mjin_flame,19304448,19308544,15822848,15825680
object_mjin_ice,19308544,19312640,15825680,15829008
object_mjin_soul,19312640,19316736,15829008,15832304
object_mjin_wind,19316736,19320832,15832304,15835568
object_mjin_oka,19320832,19327840,15835568,15840768
object_haka_objects,19329024,19449520,15840768,15902000
object_spot06_objects,19451904,19463584,15902000,15910272
object_ice_objects,19464192,19500368,15910272,15935968
object_relay_objects,19501056,19514928,15935968,15945616
object_mori_hineri1a,19517440,19530944,15945616,15950544
object_mori_hineri2,19533824,19551232,15950544,15957152
object_mori_hineri2a,19554304,19579056,15957152,15966720
object_mori_objects,19582976,19618320,15966720,15983648
object_mori_tex,19619840,19660288,15983648,16007696
object_spot08_obj,19660800,19682816,16007696,16021328
object_warp2,19685376,19685392,16021328,16021360
object_hata,19689472,19701728,16021360,16027344
object_bird,19701760,19710368,16027344,16033216
object_wood02,19714048,19748816,16033216,16053328
object_lightbox,19750912,19758912,16053328,16055712
object_pu_box,19759104,19764736,16055712,16058320
object_trap,19767296,19776480,16058320,16065344
object_vase,19779584,19785104,16065344,16069600
object_im,19787776,19862064,16069600,16105696
object_ta,19865600,19923952,16105696,16138528
object_tk,19927040,19975760,16138528,16168256
object_xc,19976192,20093728,16168256,16250288
object_vm,20094976,20111216,16250288,16258624
object_bv,20111360,20233648,16258624,16317920
object_hakach_objects,20234240,20261616,16317920,16337408
object_efc_crystal_light,20262912,20265632,16337408,16340064
object_efc_fire_ball,20267008,20270336,16340064,16343248
object_efc_flash,20271104,20271120,16343248,16343280
object_efc_lgt_shower,20275200,20280016,16343280,16346992
object_efc_star_field,20283392,20289488,16346992,16351168
object_god_lgt,20291584,20308816,16351168,16362624
object_light_ring,20312064,20316800,16362624,16364032
object_triforce_spot,20320256,20330768,16364032,16371040
object_medal,20332544,20353344,16371040,16378272
object_bdan_objects,20357120,20409616,16378272,16410640
object_sd,20410368,20461280,16410640,16436800
object_rd,20463616,20525040,16436800,16473824
object_po_sisters,20525056,20583360,16473824,16506800
object_heavy_object,20586496,20593376,16506800,16510496
object_gndd,20594688,20666880,16510496,16548416
object_fd,20668416,20734576,16548416,16585376
object_du,20738048,20813360,16585376,16632752
object_fw,20815872,20848096,16632752,16654304
object_horse_link_child,20848640,20884256,16654304,16678704
object_spot02_objects,20885504,20977184,16678704,16728736
object_haka,20979712,20984928,16728736,16733008
object_ru1,20987904,21068416,16733008,16791648
object_syokudai,21069824,21085328,16791648,16800464
object_fd2,21086208,21158544,16800464,16847536
object_dh,21159936,21196992,16847536,16875840
object_rl,21200896,21232464,16875840,16891616
object_efc_tw,21233664,21238512,16891616,16896640
object_demo_tre_lgt,21241856,21241872,16896640,16896672
object_gi_key,21245952,21248544,16896672,16897904
object_mir_ray,21250048,21257472,16897904,16899968
object_brob,21258240,21265056,16899968,16903488
object_gi_jewel,21266432,21280384,16903488,16911920
object_spot09_obj,21282816,21383312,16911920,16971136
object_spot18_obj,21385216,21436944,16971136,17001136
object_bdoor,21438464,21468608,17001136,17018400
object_spot17_obj,21471232,21477424,17018400,17023296
object_shop_dungen,21479424,21494304,17023296,17032240
object_nb,21495808,21594592,17032240,17097664
object_mo,21598208,21630064,17097664,17114720
object_sb,21630976,21642400,17114720,17120320
object_gi_melody,21643264,21646624,17120320,17121808
object_gi_heart,21647360,21647856,17121808,17122208
object_gi_compass,21651456,21654800,17122208,17123888
object_gi_bosskey,21655552,21659664,17123888,17125760
object_gi_medal,21663744,21685104,17125760,17132064
object_gi_nuts,21688320,21692864,17132064,17135008
object_sa,21696512,21783088,17135008,17194368
object_gi_hearts,21786624,21792688,17194368,17196768
object_gi_arrowcase,21794816,21798064,17196768,17198448
object_gi_bombpouch,21798912,21802592,17198448,17200144
object_in,21803008,21904464,17200144,17256800
object_tr,21905408,21982768,17256800,17304672
object_spot16_obj,21983232,21988608,17304672,17308896
object_oE1s,21991424,22017376,17308896,17321664
object_oE4s,22020096,22040064,17321664,17331216
object_os_anime,22040576,22083136,17331216,17366400
object_gi_bottle,22085632,22087920,17366400,17367696
object_gi_stick,22089728,22091456,17367696,17369008
object_gi_map,22093824,22098272,17369008,17372336
object_oF1d_map,22102016,22168992,17372336,17412160
object_ru2,22171648,22235344,17412160,17446192
object_gi_shield_1,22237184,22240592,17446192,17448976
object_dekujr,22241280,22254864,17448976,17456128
object_gi_magicpot,22257664,22262224,17456128,17458272
object_gi_bomb_1,22265856,22269104,17458272,17459824
object_oF1s,22269952,22304928,17459824,17476832
object_ma2,22306816,22347504,17476832,17499760
object_gi_purse,22347776,22354800,17499760,17506144
object_hni,22355968,22400880,17506144,17541648
object_tw,22401024,22637488,17541648,17690944
object_rr,22638592,22642176,17690944,17693424
object_bxa,22642688,22653936,17693424,17701168
object_anubice,22654976,22669728,17701168,17709856
object_gi_gerudo,22671360,22676288,17709856,17713024
object_gi_arrow,22679552,22686480,17713024,17715728
object_gi_bomb_2,22687744,22689440,17715728,17716928
object_gi_egg,22691840,22696736,17716928,17719440
object_gi_scale,22700032,22703600,17719440,17721328
object_gi_shield_2,22704128,22708336,17721328,17723744
object_gi_hookshot,22712320,22717792,17723744,17726592
object_gi_ocarina,22720512,22723504,17726592,17728432
object_gi_milk,22724608,22729840,17728432,17730848
object_ma1,22732800,22769024,17730848,17749040
object_ganon,22769664,22835456,17749040,17777664
object_sst,22839296,22943664,17777664,17817136
object_ny,22945792,22954352,17817136,17821008
object_fr,22958080,23004336,17821008,17838896
object_gi_pachinko,23007232,23010400,17838896,17840752
object_gi_boomerang,23011328,23014816,17840752,17842784
object_gi_bow,23015424,23018800,17842784,17844928
object_gi_glasses,23019520,23024000,17844928,17846992
object_gi_liquid,23027712,23034064,17846992,17849696
object_ani,23035904,23066368,17849696,17865472
object_demo_6k,23068672,23083936,17865472,17875232
object_gi_shield_3,23085056,23089856,17875232,17877104
object_gi_letter,23093248,23096832,17877104,17879440
object_spot15_obj,23097344,23104768,17879440,17883376
object_jya_obj,23105536,23220544,17883376,17938368
object_gi_clothes,23224320,23230560,17938368,17942032
object_gi_bean,23232512,23234752,17942032,17943536
object_gi_fish,23236608,23238992,17943536,17945008
object_gi_saw,23240704,23243648,17945008,17946784
object_gi_hammer,23244800,23248064,17946784,17948496
object_gi_grass,23248896,23251984,17948496,17950496
object_gi_longsword,23252992,23255232,17950496,17951936
object_spot01_objects,23257088,23266448,17951936,17958816
object_md,23269376,23310672,17958816,17982096
object_km1,23314432,23337408,17982096,17992240
object_kw1,23339008,23365856,17992240,18003808
object_zo,23367680,23416896,18003808,18028336
object_kz,23420928,23455456,18028336,18043152
object_umajump,23457792,23463024,18043152,18046112
object_masterkokiri,23465984,23467200,18046112,18047248
object_masterkokirihead,23470080,23481504,18047248,18052496
object_mastergolon,23482368,23482640,18052496,18052720
object_masterzoora,23486464,23488416,18052720,18054816
object_aob,23490560,23512752,18054816,18063168
object_ik,23515136,23647696,18063168,18157168
object_ahg,23650304,23673264,18157168,18168496
object_cne,23674880,23685584,18168496,18173120
object_gi_niwatori,23687168,23693808,18173120,18177296
object_skj,23695360,23731760,18177296,18202784
object_gi_bottle_letter,23732224,23735424,18202784,18204768
object_bji,23736320,23753104,18204768,18212400
object_bba,23756800,23773840,18212400,18219776
object_gi_ocarina_0,23777280,23780368,18219776,18221792
object_ds,23781376,23799680,18221792,18232528
object_ane,23801856,23830448,18232528,18244320
object_boj,23830528,23854272,18244320,18256112
object_spot03_object,23855104,23860832,18256112,18259520
object_spot07_object,23863296,23891248,18259520,18278544
object_fz,23891968,23905488,18278544,18283168
object_bob,23908352,23928608,18283168,18290736
object_ge1,23928832,23970992,18290736,18309792
object_yabusame_point,23973888,23977552,18309792,18311264
object_gi_boots_2,23977984,23985088,18311264,18314976
object_gi_seed,23986176,23988928,18314976,18316832
object_gnd_magic,23990272,23995008,18316832,18321152
object_d_elevator,23998464,24003472,18321152,18326080
object_d_hsblock,24006656,24012640,18326080,18330864
object_d_lift,24014848,24020992,18330864,18336784
object_mamenoki,24023040,24032992,18336784,18344928
object_goroiwa,24035328,24041632,18344928,18348336
object_toryo,24043520,24072544,18348336,18362256
object_daiku,24076288,24111216,18362256,18381920
object_nwc,24113152,24116640,18381920,18384656
object_blkobj,24117248,24197264,18384656,18432400
object_gm,24199168,24199888,18432400,18432992
object_ms,24203264,24219088,18432992,18441344
object_hs,24219648,24244848,18441344,18454512
object_ingate,24248320,24252912,18454512,18456464
object_lightswitch,24256512,24265760,18456464,18461728
object_kusa,24268800,24269696,18461728,18462320
object_tsubo,24272896,24279536,18462320,18468000
object_gi_gloves,24281088,24287584,18468000,18471104
object_gi_coin,24289280,24291408,18471104,18472256
object_kanban,24293376,24299440,18472256,18473936
object_gjyo_objects,24301568,24307184,18473936,18477216
object_owl,24309760,24375488,18477216,18507536
object_mk,24379392,24403456,18507536,18519184
object_fu,24403968,24431776,18519184,18533632
object_gi_ki_tan_mask,24432640,24436208,18533632,18535632
object_gi_redead_mask,24436736,24439440,18535632,18536976
object_gi_skj_mask,24440832,24444128,18536976,18538928
object_gi_rabit_mask,24444928,24448768,18538928,18540960
object_gi_truth_mask,24449024,24455264,18540960,18544128
object_ganon_objects,24457216,24461680,18544128,18546496
object_siofuki,24465408,24468912,18546496,18548224
object_stream,24469504,24472192,18548224,18549680
object_mm,24473600,24506480,18549680,18567808
object_fa,24510464,24525712,18567808,18573888
object_os,24526848,24544880,18573888,18584032
object_gi_eye_lotion,24547328,24549744,18584032,18585376
object_gi_powder,24551424,24554368,18585376,18587120
object_gi_mushroom,24555520,24558800,18587120,18588720
object_gi_ticketstone,24559616,24564384,18588720,18591664
object_gi_brokensword,24567808,24570256,18591664,18593040
object_js,24571904,24596272,18593040,18605632
object_cs,24596480,24630608,18605632,18622240
object_gi_prescription,24633344,24636448,18622240,18623616
object_gi_bracelet,24637440,24640496,18623616,18625120
object_gi_soldout,24641536,24642768,18625120,18625776
object_gi_frog,24645632,24650000,18625776,18628208
object_mag,24653824,24807744,18628208,18677296
object_door_gerudo,24809472,24811936,18677296,18678448
object_gt,24813568,24892912,18678448,18725968
object_efc_erupc,24895488,24905968,18725968,18732032
object_zl2_anime1,24907776,24954384,18732032,18767376
object_zl2_anime2,24956928,25000672,18767376,18804448
object_gi_golonmask,25001984,25008048,18804448,18808400
object_gi_zoramask,25010176,25015856,18808400,18811760
object_gi_gerudomask,25018368,25023488,18811760,18815440
object_ganon2,25026560,25241584,18815440,18974688
object_ka,25243648,25270208,18974688,18984480
object_ts,25272320,25292784,18984480,18994288
object_zg,25292800,25297408,18994288,18995008
object_gi_hoverboots,25300992,25308784,18995008,18999408
object_gi_m_arrow,25309184,25312896,18999408,19001136
object_ds2,25313280,25330288,19001136,19009648
object_ec,25333760,25385264,19009648,19054272
object_fish,25387008,25474544,19054272,19099072
object_gi_sutaru,25477120,25478736,19099072,19099984
object_gi_goddess,25481216,25484368,19099984,19101392
object_ssh,25485312,25508864,19101392,19113904
object_bigokuta,25509888,25537488,19113904,19129392
object_bg,25538560,25567936,19129392,19144576
object_spot05_objects,25571328,25576176,19144576,19148080
object_spot12_obj,25579520,25588672,19148080,19152944
object_bombiwa,25591808,25594624,19152944,19155664
object_hintnuts,25595904,25608512,19155664,19164384
object_rs,25612288,25630848,19164384,19173920
object_spot00_break,25632768,25640480,19173920,19179552
object_gla,25640960,25681648,19179552,19204208
object_shopnuts,25681920,25699728,19204208,19215600
object_geldb,25702400,25749232,19215600,19244816
object_gr,25751552,25791632,19244816,19257760
object_dog,25792512,25821856,19257760,19272624
object_jya_iron,25825280,25835104,19272624,19276448
object_jya_door,25837568,25846400,19276448,19280144
object_spot01_objects2,25849856,25849872,19280144,19280176
object_spot11_obj,25853952,25860752,19280176,19285376
object_kibako2,25862144,25866432,19285376,19289040
object_dns,25870336,25884624,19289040,19298416
object_dnk,25886720,25898544,19298416,19305824
object_gi_fire,25899008,25903072,19305824,19308352
object_gi_insect,25903104,25906160,19308352,19310208
object_gi_butterfly,25907200,25910224,19310208,19312048
object_gi_ghost,25911296,25914800,19312048,19314496
object_gi_soul,25915392,25919408,19314496,19316576
object_bowl,25919488,25933040,19316576,19321936
object_po_field,25935872,25963072,19321936,19338688
object_demo_kekkai,25964544,26025232,19338688,19374256
object_efc_doughnut,26025984,26030160,19374256,19376512
object_gi_dekupouch,26034176,26038352,19376512,19379152
object_ganon_anime1,26042368,26090560,19379152,19427696
object_ganon_anime2,26091520,26158384,19427696,19483584
object_ganon_anime3,26161152,26245104,19483584,19554064
object_gi_rupy,26247168,26249216,19554064,19555120
object_spot01_matoya,26251264,26266768,19555120,19566368
object_spot01_matoyab,26267648,26276320,19566368,19571792
object_po_composer,26279936,26308512,19571792,19588880
object_mu,26308608,26353232,19588880,19612208
object_wf,26353664,26395904,19612208,19637056
object_skb,26398720,26417168,19637056,19650480
object_gj,26419200,26461984,19650480,19683888
object_geff,26464256,26468272,19683888,19687280
object_haka_door,26468352,26483056,19687280,19693952
object_gs,26484736,26487424,19693952,19696752
object_ps,26488832,26540288,19696752,19722384
object_bwall,26542080,26546512,19722384,19725424
object_crow,26550272,26554576,19725424,19727392
object_cow,26558464,26578608,19727392,19737984
object_cob,26578944,26587664,19737984,19741312
object_gi_sword_1,26591232,26594592,19741312,19743152
object_door_killer,26595328,26602464,19743152,19745072
object_ouke_haka,26603520,26605936,19745072,19747456
object_timeblock,26607616,26610528,19747456,19750160
object_zl4,26611712,26730016,19750160,19829200
g_pn_01,26730496,26737408,19829200,19831520
g_pn_02,26738688,26745600,19831520,19833936
g_pn_03,26746880,26753792,19833936,19836048
g_pn_04,26755072,26761984,19836048,19838352
g_pn_05,26763264,26770176,19838352,19840672
g_pn_06,26771456,26778368,19840672,19843584
g_pn_07,26779648,26786560,19843584,19847024
g_pn_08,26787840,26794752,19847024,19849904
g_pn_09,26796032,26802944,19849904,19852864
g_pn_10,26804224,26811136,19852864,19854832
g_pn_11,26812416,26819328,19854832,19857968
g_pn_12,26820608,26827520,19857968,19860432
g_pn_13,26828800,26835712,19860432,19863232
g_pn_14,26836992,26843904,19863232,19865712
g_pn_15,26845184,26852096,19865712,19868080
g_pn_16,26853376,26860288,19868080,19870288
g_pn_17,26861568,26868480,19870288,19871808
g_pn_18,26869760,26876672,19871808,19873744
g_pn_19,26877952,26884864,19873744,19875984
g_pn_20,26886144,26893056,19875984,19878192
g_pn_21,26894336,26901248,19878192,19880352
g_pn_22,26902528,26909440,19880352,19882880
g_pn_23,26910720,26917632,19882880,19884672
g_pn_24,26918912,26925824,19884672,19886608
g_pn_25,26927104,26934016,19886608,19889168
g_pn_26,26935296,26942208,19889168,19892208
g_pn_27,26943488,26950400,19892208,19894416
g_pn_28,26951680,26958592,19894416,19896688
g_pn_29,26959872,26966784,19896688,19898320
g_pn_30,26968064,26974976,19898320,19900192
g_pn_31,26976256,26983168,19900192,19902416
g_pn_32,26984448,26991360,19902416,19904576
g_pn_33,26992640,26999552,19904576,19906704
g_pn_34,27000832,27007744,19906704,19908928
g_pn_35,27009024,27015936,19908928,19911296
g_pn_36,27017216,27024128,19911296,19913440
g_pn_37,27025408,27032320,19913440,19916112
g_pn_38,27033600,27040512,19916112,19918448
g_pn_39,27041792,27048704,19918448,19921408
g_pn_40,27049984,27056896,19921408,19924400
g_pn_41,27058176,27065088,19924400,19926480
g_pn_42,27066368,27073280,19926480,19928768
g_pn_43,27074560,27081472,19928768,19931168
g_pn_44,27082752,27089664,19931168,19933744
g_pn_45,27090944,27097856,19933744,19936080
g_pn_46,27099136,27106048,19936080,19937984
g_pn_47,27107328,27114240,19937984,19941040
g_pn_48,27115520,27122432,19941040,19942592
g_pn_49,27123712,27130624,19942592,19945344
g_pn_50,27131904,27138816,19945344,19947872
g_pn_51,27140096,27147008,19947872,19950128
g_pn_52,27148288,27155200,19950128,19952736
g_pn_53,27156480,27163392,19952736,19955264
g_pn_54,27164672,27171584,19955264,19957568
g_pn_55,27172864,27179776,19957568,19960192
g_pn_56,27181056,27187968,19960192,19962576
g_pn_57,27189248,27196160,19962576,19963088
z_select_static,27197440,27206144,19963088,19965120
nintendo_rogo_static,27209728,27221440,19965120,19971120
title_static,27222016,27456960,19971120,20105360
parameter_static,27459584,27474688,20105360,20109648
vr_fine0_static,27475968,27525120,20109648,20120544
vr_fine0_pal_static,27525120,27525376,20120544,0
vr_fine1_static,27529216,27578368,20120800,20145808
vr_fine1_pal_static,27578368,27578624,20145808,0
vr_fine2_static,27582464,27631616,20146064,20166464
vr_fine2_pal_static,27631616,27631872,20166464,0
vr_fine3_static,27635712,27684864,20166720,20182320
vr_fine3_pal_static,27684864,27685120,20182320,0
vr_cloud0_static,27688960,27738112,20182576,20210192
vr_cloud0_pal_static,27738112,27738368,20210192,0
vr_cloud1_static,27742208,27791360,20210448,20238928
vr_cloud1_pal_static,27791360,27791616,20238928,0
vr_cloud2_static,27795456,27844608,20239184,20268688
vr_cloud2_pal_static,27844608,27844864,20268688,0
vr_cloud3_static,27848704,27897856,20268944,20289056
vr_cloud3_pal_static,27897856,27898112,20289056,0
vr_holy0_static,27901952,27967488,20289312,20316208
vr_holy0_pal_static,27967488,27967744,20316208,0
vr_holy1_static,27971584,28037120,20316464,20343280
vr_holy1_pal_static,28037120,28037376,20343280,0
vr_MDVR_static,28041216,28303360,20343536,20526896
vr_MDVR_pal_static,28303360,28305408,20526896,0
vr_MNVR_static,28307456,28569600,20528944,20684864
vr_MNVR_pal_static,28569600,28571648,20684864,0
vr_RUVR_static,28573696,28835840,20686912,20906144
vr_RUVR_pal_static,28835840,28837888,20906144,0
vr_LHVR_static,28839936,29102080,20908192,21158144
vr_LHVR_pal_static,29102080,29104128,21158144,0
vr_KHVR_static,29106176,29368320,21160192,21397408
vr_KHVR_pal_static,29368320,29370368,21397408,0
vr_K3VR_static,29372416,29569024,21399456,21574368
vr_K3VR_pal_static,29569024,29570560,21574368,0
vr_K4VR_static,29573120,29769728,21575904,21759072
vr_K4VR_pal_static,29769728,29771264,21759072,0
vr_K5VR_static,29773824,29970432,21760608,21935440
vr_K5VR_pal_static,29970432,29971968,21935440,0
vr_SP1a_static,29974528,30105600,21936976,21997104
vr_SP1a_pal_static,30105600,30106624,21997104,0
vr_MLVR_static,30109696,30371840,21998128,22231680
vr_MLVR_pal_static,30371840,30373888,22231680,0
vr_KKRVR_static,30375936,30638080,22233728,22377872
vr_KKRVR_pal_static,30638080,30640128,22377872,0
vr_KR3VR_static,30642176,30838784,22379920,22492640
vr_KR3VR_pal_static,30838784,30840320,22492640,0
vr_IPVR_static,30842880,31105024,22494176,22635648
vr_IPVR_pal_static,31105024,31107072,22635648,0
vr_KSVR_static,31109120,31240192,22637696,22736272
vr_KSVR_pal_static,31240192,31241216,22736272,0
vr_GLVR_static,31244288,31375360,22737296,22852688
vr_GLVR_pal_static,31375360,31376384,22852688,0
vr_ZRVR_static,31379456,31510528,22853712,22951520
vr_ZRVR_pal_static,31510528,31511552,22951520,0
vr_DGVR_static,31514624,31645696,22952544,23036224
vr_DGVR_pal_static,31645696,31646720,23036224,0
vr_ALVR_static,31649792,31780864,23037248,23135952
vr_ALVR_pal_static,31780864,31781888,23135952,0
vr_NSVR_static,31784960,31916032,23136976,23224800
vr_NSVR_pal_static,31916032,31917056,23224800,0
vr_LBVR_static,31920128,32182272,23225824,23404528
vr_LBVR_pal_static,32182272,32184320,23404528,0
vr_TTVR_static,32186368,32382976,23406576,23541088
vr_TTVR_pal_static,32382976,32384512,23541088,0
vr_FCVR_static,32387072,32518144,23542624,23617648
vr_FCVR_pal_static,32518144,32519168,23617648,0
elf_message_field,32522240,32522352,23618672,23618816
elf_message_ydan,32526336,32526352,23618816,23618848
ydan_scene,32530432,32586272,23618848,23652304
ydan_room_0,32587776,32674640,23652304,23705936
ydan_room_1,32677888,32694784,23705936,23719680
ydan_room_2,32698368,32722736,23719680,23737376
ydan_room_3,32722944,32805296,23737376,23793312
ydan_room_4,32808960,32828464,23793312,23807680
ydan_room_5,32829440,32863120,23807680,23831424
ydan_room_6,32866304,32886528,23831424,23847008
ydan_room_7,32886784,32922272,23847008,23875808
ydan_room_8,32923648,32927120,23875808,23878080
ydan_room_9,32927744,32966816,23878080,23909536
ydan_room_10,32968704,32988672,23909536,23923136
ydan_room_11,32989184,33018224,23923136,23940784
ddan_scene,33021952,33108288,23940784,23991856
ddan_room_0,33112064,33224864,23991856,24046240
ddan_room_1,33226752,33266544,24046240,24068032
ddan_room_2,33267712,33300160,24068032,24086480
ddan_room_3,33300480,33357424,24086480,24116560
ddan_room_4,33357824,33397088,24116560,24136368
ddan_room_5,33398784,33423040,24136368,24149712
ddan_room_6,33423360,33432752,24149712,24155984
ddan_room_7,33435648,33466112,24155984,24171056
ddan_room_8,33468416,33506720,24171056,24195216
ddan_room_9,33509376,33555760,24195216,24220800
ddan_room_10,33558528,33591056,24220800,24240752
ddan_room_11,33591296,33599536,24240752,24246000
ddan_room_12,33603584,33638272,24246000,24266672
ddan_room_13,33640448,33649872,24266672,24272976
ddan_room_14,33652736,33662160,24272976,24279232
ddan_room_15,33665024,33675568,24279232,24286352
ddan_room_16,33677312,33699168,24286352,24302320
bdan_scene,33701888,33789920,24302320,24359056
bdan_room_0,33792000,33808704,24359056,24368096
bdan_room_1,33812480,33836992,24368096,24377920
bdan_room_2,33837056,33874496,24377920,24399344
bdan_room_3,33878016,33907296,24399344,24418384
bdan_room_4,33910784,33927424,24418384,24426544
bdan_room_5,33931264,33955984,24426544,24442288
bdan_room_6,33959936,33976896,24442288,24449584
bdan_room_7,33980416,33993936,24449584,24456928
bdan_room_8,33996800,34011200,24456928,24461936
bdan_room_9,34013184,34028592,24461936,24468032
bdan_room_10,34029568,34043936,24468032,24472960
bdan_room_11,34045952,34060784,24472960,24478256
bdan_room_12,34062336,34077920,24478256,24484496
bdan_room_13,34078720,34089856,24484496,24492928
bdan_room_14,34091008,34116048,24492928,24507552
bdan_room_15,34119680,34129632,24507552,24511248
Bmori1_scene,34131968,34221968,24511248,24564080
Bmori1_room_0,34222080,34278288,24564080,24599040
Bmori1_room_1,34279424,34302832,24599040,24610912
Bmori1_room_2,34304000,34367872,24610912,24641328
Bmori1_room_3,34369536,34384352,24641328,24648448
Bmori1_room_4,34385920,34398912,24648448,24653408
Bmori1_room_5,34402304,34416080,24653408,24660416
Bmori1_room_6,34418688,34456624,24660416,24675408
Bmori1_room_7,34459648,34537440,24675408,24714624
Bmori1_room_8,34537472,34634416,24714624,24761904
Bmori1_room_9,34635776,34677088,24761904,24781536
Bmori1_room_10,34680832,34702304,24781536,24795088
Bmori1_room_11,34705408,34749408,24795088,24812720
Bmori1_room_12,34750464,34784224,24812720,24830560
Bmori1_room_13,34787328,34822832,24830560,24848672
Bmori1_room_14,34824192,34847600,24848672,24860512
Bmori1_room_15,34848768,34858720,24860512,24867024
Bmori1_room_16,34861056,34881440,24867024,24876560
Bmori1_room_17,34881536,34918640,24876560,24892176
Bmori1_room_18,34922496,34927408,24892176,24894832
Bmori1_room_19,34930688,34931968,24894832,24895616
Bmori1_room_20,34934784,34939648,24895616,24899104
Bmori1_room_21,34942976,34948976,24899104,24902224
Bmori1_room_22,34951168,34958816,24902224,24905632
HIDAN_scene,34959360,35067856,24905632,24968928
HIDAN_room_0,35069952,35099376,24968928,24982544
HIDAN_room_1,35102720,35154224,24982544,25007888
HIDAN_room_2,35155968,35221552,25007888,25036464
HIDAN_room_3,35225600,35235024,25036464,25041536
HIDAN_room_4,35237888,35268848,25041536,25056096
HIDAN_room_5,35270656,35312352,25056096,25072880
HIDAN_room_6,35315712,35344272,25072880,25087760
HIDAN_room_7,35344384,35359312,25087760,25095280
HIDAN_room_8,35360768,35400416,25095280,25115616
HIDAN_room_9,35401728,35436400,25115616,25130912
HIDAN_room_10,35438592,35537952,25130912,25171712
HIDAN_room_11,35540992,35555296,25171712,25178800
HIDAN_room_12,35557376,35568496,25178800,25183664
HIDAN_room_13,35569664,35621776,25183664,25203856
HIDAN_room_14,35622912,35631616,25203856,25208480
HIDAN_room_15,35635200,35639696,25208480,25210912
HIDAN_room_16,35643392,35690976,25210912,25235248
HIDAN_room_17,35692544,35729776,25235248,25251504
HIDAN_room_18,35733504,35748864,25251504,25259728
HIDAN_room_19,35749888,35766832,25259728,25268224
HIDAN_room_20,35770368,35798288,25268224,25282464
HIDAN_room_21,35799040,35832960,25282464,25300928
HIDAN_room_22,35835904,35863280,25300928,25314880
HIDAN_room_23,35864576,35892512,25314880,25329184
HIDAN_room_24,35893248,35915072,25329184,25339408
HIDAN_room_25,35917824,35945184,25339408,25353888
HIDAN_room_26,35946496,35973280,25353888,25365488
MIZUsin_scene,35975168,36064304,25365488,25413728
MIZUsin_room_0,36065280,36154416,25413728,25458864
MIZUsin_room_1,36155392,36196816,25458864,25479040
MIZUsin_room_2,36200448,36224144,25479040,25492624
MIZUsin_room_3,36225024,36251584,25492624,25507040
MIZUsin_room_4,36253696,36278304,25507040,25521344
MIZUsin_room_5,36282368,36324928,25521344,25547184
MIZUsin_room_6,36327424,36373248,25547184,25573312
MIZUsin_room_7,36376576,36398432,25573312,25585600
MIZUsin_room_8,36401152,36457856,25585600,25619232
MIZUsin_room_9,36458496,36491440,25619232,25637440
MIZUsin_room_10,36495360,36520048,25637440,25650176
MIZUsin_room_11,36524032,36543008,25650176,25660976
MIZUsin_room_12,36544512,36572720,25660976,25675216
MIZUsin_room_13,36573184,36575744,25675216,25676640
MIZUsin_room_14,36577280,36605568,25676640,25691616
MIZUsin_room_15,36605952,36635760,25691616,25709184
MIZUsin_room_16,36638720,36653872,25709184,25718880
MIZUsin_room_17,36655104,36690608,25718880,25736352
MIZUsin_room_18,36691968,36708608,25736352,25746480
MIZUsin_room_19,36712448,36727088,25746480,25756272
MIZUsin_room_20,36728832,36755520,25756272,25772176
MIZUsin_room_21,36757504,36787360,25772176,25788512
MIZUsin_room_22,36790272,36827376,25788512,25808048
jyasinzou_scene,36831232,36936480,25808048,25872784
jyasinzou_room_0,36937728,37007344,25872784,25908400
jyasinzou_room_1,37007360,37045072,25908400,25926976
jyasinzou_room_2,37048320,37071792,25926976,25937616
jyasinzou_room_3,37072896,37088208,25937616,25946992
jyasinzou_room_4,37089280,37118592,25946992,25964080
jyasinzou_room_5,37122048,37220368,25964080,26013760
jyasinzou_room_6,37224448,37242864,26013760,26021920
jyasinzou_room_7,37244928,37266704,26021920,26031824
jyasinzou_room_8,37269504,37302448,26031824,26047632
jyasinzou_room_9,37306368,37330384,26047632,26058352
jyasinzou_room_10,37330944,37364128,26058352,26073696
jyasinzou_room_11,37367808,37371920,26073696,26076336
jyasinzou_room_12,37376000,37384416,26076336,26081552
jyasinzou_room_13,37388288,37410992,26081552,26095504
jyasinzou_room_14,37412864,37432480,26095504,26105216
jyasinzou_room_15,37433344,37467296,26105216,26120976
jyasinzou_room_16,37470208,37495232,26120976,26132480
jyasinzou_room_17,37498880,37537360,26132480,26149200
jyasinzou_room_18,37539840,37563616,26149200,26161168
jyasinzou_room_19,37564416,37588432,26161168,26171888
jyasinzou_room_20,37588992,37622208,26171888,26187232
jyasinzou_room_21,37625856,37643872,26187232,26196672
jyasinzou_room_22,37646336,37658736,26196672,26203792
jyasinzou_room_23,37662720,37700112,26203792,26222880
jyasinzou_room_24,37703680,37729488,26222880,26234720
jyasinzou_room_25,37732352,37821344,26234720,26280864
jyasinzou_room_26,37822464,37874432,26280864,26308912
jyasinzou_room_27,37875712,37898000,26308912,26316720
jyasinzou_room_28,37900288,37935664,26316720,26334560
HAKAdan_scene,37937152,38036416,26334560,26392912
HAKAdan_room_0,38039552,38084944,26392912,26408304
HAKAdan_room_1,38088704,38095600,26408304,26412048
HAKAdan_room_2,38096896,38140384,26412048,26434560
HAKAdan_room_3,38141952,38152576,26434560,26441344
HAKAdan_room_4,38154240,38161504,26441344,26445184
HAKAdan_room_5,38162432,38185664,26445184,26456960
HAKAdan_room_6,38187008,38217200,26456960,26470912
HAKAdan_room_7,38219776,38226656,26470912,26474608
HAKAdan_room_8,38227968,38248608,26474608,26484544
HAKAdan_room_9,38252544,38304912,26484544,26509584
HAKAdan_room_10,38305792,38336496,26509584,26524992
HAKAdan_room_11,38338560,38354528,26524992,26534416
HAKAdan_room_12,38354944,38377296,26534416,26545792
HAKAdan_room_13,38379520,38383648,26545792,26548768
HAKAdan_room_14,38387712,38410496,26548768,26560560
HAKAdan_room_15,38412288,38441664,26560560,26573072
HAKAdan_room_16,38445056,38455600,26573072,26578624
HAKAdan_room_17,38457344,38469088,26578624,26585344
HAKAdan_room_18,38469632,38523664,26585344,26604352
HAKAdan_room_19,38526976,38538624,26604352,26611312
HAKAdan_room_20,38539264,38547008,26611312,26615392
HAKAdan_room_21,38547456,38593968,26615392,26639664
HAKAdan_room_22,38596608,38607280,26639664,26646528
HAKAdanCH_scene,38608896,38659472,26646528,26677376
HAKAdanCH_room_0,38662144,38749984,26677376,26719968
HAKAdanCH_room_1,38752256,38797616,26719968,26738720
HAKAdanCH_room_2,38801408,38814048,26738720,26743952
HAKAdanCH_room_3,38817792,38825152,26743952,26747584
HAKAdanCH_room_4,38825984,38835360,26747584,26753344
HAKAdanCH_room_5,38838272,38848912,26753344,26759616
HAKAdanCH_room_6,38850560,38862496,26759616,26768608
ice_doukutu_scene,38862848,38934208,26768608,26826032
ice_doukutu_room_0,38936576,38971008,26826032,26853536
ice_doukutu_room_1,38973440,39023920,26853536,26889616
ice_doukutu_room_2,39026688,39049984,26889616,26907728
ice_doukutu_room_3,39051264,39084176,26907728,26930608
ice_doukutu_room_4,39088128,39118416,26930608,26953168
ice_doukutu_room_5,39120896,39155840,26953168,26976704
ice_doukutu_room_6,39157760,39174576,26976704,26988704
ice_doukutu_room_7,39178240,39201008,26988704,27001840
ice_doukutu_room_8,39202816,39209248,27001840,27005568
ice_doukutu_room_9,39211008,39245456,27005568,27026928
ice_doukutu_room_10,39247872,39265248,27026928,27040832
ice_doukutu_room_11,39268352,39290960,27040832,27056112
men_scene,39292928,39363776,27056112,27102496
men_room_0,39366656,39432080,27102496,27139808
men_room_1,39432192,39469680,27139808,27162000
men_room_2,39473152,39493712,27162000,27172608
men_room_3,39497728,39529552,27172608,27192160
men_room_4,39530496,39571936,27192160,27219600
men_room_5,39575552,39596064,27219600,27233664
men_room_6,39600128,39632768,27233664,27254000
men_room_7,39632896,39666368,27254000,27275696
men_room_8,39669760,39703088,27275696,27289616
men_room_9,39706624,39721072,27289616,27298064
men_room_10,39723008,39746640,27298064,27313536
ganontika_scene,39747584,39884752,27313536,27398128
ganontika_room_0,39886848,39924240,27398128,27411072
ganontika_room_1,39927808,40045008,27411072,27463552
ganontika_room_2,40046592,40077280,27463552,27479424
ganontika_room_3,40079360,40118848,27479424,27500208
ganontika_room_4,40120320,40152208,27500208,27515312
ganontika_room_5,40153088,40183072,27515312,27529408
ganontika_room_6,40185856,40250464,27529408,27551872
ganontika_room_7,40251392,40283280,27551872,27567488
ganontika_room_8,40284160,40321056,27567488,27582864
ganontika_room_9,40325120,40372256,27582864,27598176
ganontika_room_10,40374272,40401856,27598176,27610640
ganontika_room_11,40402944,40429904,27610640,27622832
ganontika_room_12,40431616,40477296,27622832,27642656
ganontika_room_13,40480768,40512832,27642656,27658448
ganontika_room_14,40513536,40554960,27658448,27675008
ganontika_room_15,40558592,40590656,27675008,27690800
ganontika_room_16,40591360,40603184,27690800,27695312
ganontika_room_17,40603648,40637984,27695312,27707280
ganontika_room_18,40640512,40691424,27707280,27726544
ganontika_room_19,40693760,40725824,27726544,27742320
spot00_scene,40726528,40899104,27742320,27849504
spot00_room_0,40902656,40989232,27849504,27886448
spot01_scene,40992768,41107792,27886448,27964144
spot01_room_0,41111552,41152224,27964144,27982304
spot02_scene,41152512,41200768,27982304,28012096
spot02_room_0,41201664,41211616,28012096,28015664
spot02_room_1,41213952,41336720,28015664,28090288
spot03_scene,41336832,41383264,28090288,28124176
spot03_room_0,41385984,41441664,28124176,28153520
spot03_room_1,41443328,41473280,28153520,28170816
spot04_scene,41476096,41546304,28170816,28216128
spot04_room_0,41549824,41661584,28216128,28280896
spot04_room_1,41664512,41698688,28280896,28301184
spot04_room_2,41701376,41721968,28301184,28313696
spot05_scene,41725952,41811296,28313696,28370000
spot05_room_0,41811968,41852672,28370000,28386352
spot06_scene,41852928,41964592,28386352,28463888
spot06_room_0,41967616,42010144,28463888,28483984
spot07_scene,42012672,42051616,28483984,28513888
spot07_room_0,42053632,42078960,28513888,28524912
spot07_room_1,42082304,42133920,28524912,28551408
spot08_scene,42135552,42206880,28551408,28605296
spot08_room_0,42209280,42242400,28605296,28620992
spot09_scene,42246144,42316128,28620992,28667280
spot09_room_0,42319872,42354624,28667280,28682704
spot10_scene,42356736,42423344,28682704,28726400
spot10_room_0,42426368,42436080,28726400,28730080
spot10_room_1,42438656,42472496,28730080,28748768
spot10_room_2,42475520,42494960,28748768,28758624
spot10_room_3,42496000,42519216,28758624,28771248
spot10_room_4,42520576,42530000,28771248,28774672
spot10_room_5,42532864,42561520,28774672,28788272
spot10_room_6,42561536,42576624,28788272,28797520
spot10_room_7,42577920,42587584,28797520,28801024
spot10_room_8,42590208,42600048,28801024,28804592
spot10_room_9,42602496,42617824,28804592,28813152
spot11_scene,42618880,42722528,28813152,28885984
spot11_room_0,42725376,42776512,28885984,28913136
spot12_scene,42778624,42843776,28913136,28954320
spot12_room_0,42844160,42915264,28954320,28992096
spot12_room_1,42917888,42967200,28992096,29019728
spot13_scene,42971136,42995248,29019728,29036160
spot13_room_0,42995712,42998032,29036160,29037504
spot13_room_1,42999808,43076160,29037504,29083472
spot15_scene,43077632,43177216,29083472,29151152
spot15_room_0,43180032,43233728,29151152,29174720
spot16_scene,43237376,43362960,29174720,29265472
spot16_room_0,43364352,43408656,29265472,29287664
spot17_scene,43409408,43474656,29287664,29332400
spot17_room_0,43474944,43501696,29332400,29346304
spot17_room_1,43503616,43578208,29346304,29382192
spot18_scene,43581440,43623504,29382192,29409312
spot18_room_0,43626496,43702224,29409312,29452224
spot18_room_1,43704320,43729408,29452224,29468224
spot18_room_2,43732992,43805104,29468224,29509664
spot18_room_3,43806720,43928816,29509664,29575392
market_day_scene,43929600,43939440,29575392,29580816
market_day_room_0,43941888,43964528,29580816,29586560
market_night_scene,43966464,43976240,29586560,29591872
market_night_room_0,43978752,44001184,29591872,29597472
kenjyanoma_scene,44003328,44017904,29597472,29603360
kenjyanoma_room_0,44019712,44097808,29603360,29642368
tokinoma_scene,44101632,44177312,29642368,29674976
tokinoma_room_0,44179456,44274144,29674976,29707104
tokinoma_room_1,44277760,44306640,29707104,29718640
link_home_scene,44310528,44317536,29718640,29721824
link_home_room_0,44318720,44481664,29721824,29752032
kokiri_shop_scene,44482560,44484992,29752032,29753504
kokiri_shop_room_0,44486656,44686480,29753504,29785264
kokiri_home_scene,44687360,44690624,29785264,29787168
kokiri_home_room_0,44691456,44870704,29787168,29821824
kakusiana_scene,44871680,44927008,29821824,29862976
kakusiana_room_0,44929024,44958368,29862976,29881440
kakusiana_room_1,44961792,44982672,29881440,29895984
kakusiana_room_2,44986368,44996800,29895984,29902640
kakusiana_room_3,44998656,45019440,29902640,29917200
kakusiana_room_4,45023232,45054304,29917200,29939648
kakusiana_room_5,45056000,45074144,29939648,29954688
kakusiana_room_6,45076480,45099632,29954688,29968928
kakusiana_room_7,45101056,45117392,29968928,29980592
kakusiana_room_8,45117440,45131312,29980592,29988576
kakusiana_room_9,45133824,45157072,29988576,30002864
kakusiana_room_10,45158400,45181488,30002864,30022400
kakusiana_room_11,45182976,45217456,30022400,30043744
kakusiana_room_12,45219840,45252176,30043744,30064096
kakusiana_room_13,45252608,45280976,30064096,30085168
entra_scene,45281280,45282272,30085168,30085792
entra_room_0,45285376,45439856,30085792,30115872
moribossroom_scene,45441024,45447424,30115872,30121040
moribossroom_room_0,45449216,45473472,30121040,30136000
moribossroom_room_1,45473792,45529776,30136000,30164096
syatekijyou_scene,45531136,45580992,30164096,30194064
syatekijyou_room_0,45584384,45614832,30194064,30203936
shop1_scene,45617152,45617904,30203936,30204400
shop1_room_0,45621248,45791152,30204400,30226768
hairal_niwa_scene,45793280,45863824,30226768,30271712
hairal_niwa_room_0,45867008,45910240,30271712,30288048
ganon_tou_scene,45912064,45931376,30288048,30302080
ganon_tou_room_0,45932544,46013168,30302080,30351760
market_alley_scene,46014464,46019152,30351760,30354192
market_alley_room_0,46022656,46503680,30354192,30423680
spot20_scene,46505984,46579136,30423680,30468656
spot20_room_0,46579712,46606032,30468656,30478944
market_ruins_scene,46608384,46614064,30478944,30482096
market_ruins_room_0,46616576,46626848,30482096,30484608
entra_n_scene,46628864,46629936,30484608,30485264
entra_n_room_0,46632960,46787440,30485264,30505776
enrui_scene,46788608,46789600,30505776,30506400
enrui_room_0,46792704,46947168,30506400,30532480
market_alley_n_scene,46948352,46953200,30532480,30535024
market_alley_n_room_0,46956544,47437552,30535024,30587280
hiral_demo_scene,47439872,47455568,30587280,30593216
hiral_demo_room_0,47456256,47457856,30593216,30593664
kokiri_home3_scene,47460352,47466400,30593664,30597056
kokiri_home3_room_0,47468544,47691280,30597056,30641584
malon_stable_scene,47693824,47695472,30641584,30642512
malon_stable_room_0,47697920,47886928,30642512,30672864
kakariko_scene,47890432,47894176,30672864,30675088
kakariko_room_0,47894528,48070592,30675088,30697728
bdan_boss_scene,48070656,48074304,30697728,30700112
bdan_boss_room_0,48074752,48087072,30700112,30707728
bdan_boss_room_1,48091136,48111808,30707728,30718576
FIRE_bs_scene,48115712,48135168,30718576,30730992
FIRE_bs_room_0,48136192,48153200,30730992,30740640
FIRE_bs_room_1,48156672,48185312,30740640,30755792
hut_scene,48185344,48186640,30755792,30756560
hut_room_0,48189440,48358816,30756560,30777600
daiyousei_izumi_scene,48361472,48418816,30777600,30805360
daiyousei_izumi_room_0,48418816,48433424,30805360,30811280
hakaana_scene,48435200,48437904,30811280,30812864
hakaana_room_0,48439296,48470224,30812864,30830464
yousei_izumi_tate_scene,48472064,48506896,30830464,30854144
yousei_izumi_tate_room_0,48508928,48526032,30854144,30861184
yousei_izumi_yoko_scene,48529408,48582048,30861184,30885216
yousei_izumi_yoko_room_0,48582656,48599056,30885216,30892096
golon_scene,48603136,48604064,30892096,30892688
golon_room_0,48607232,48763344,30892688,30911504
zoora_scene,48766976,48767888,30911504,30912096
zoora_room_0,48771072,48927200,30912096,30933184
drag_scene,48930816,48931824,30933184,30933808
drag_room_0,48934912,49114720,30933808,30959296
alley_shop_scene,49115136,49116592,30959296,30960192
alley_shop_room_0,49119232,49278000,30960192,30979824
night_shop_scene,49278976,49280624,30979824,30980896
night_shop_room_0,49283072,49449312,30980896,31002496
impa_scene,49451008,49454352,31002496,31004368
impa_room_0,49455104,49614752,31004368,31022848
labo_scene,49614848,49618672,31022848,31024944
labo_room_0,49618944,49800944,31024944,31053344
tent_scene,49803264,49804928,31053344,31054336
tent_room_0,49807360,50017952,31054336,31091840
nakaniwa_scene,50020352,50035232,31091840,31098256
nakaniwa_room_0,50036736,50134720,31098256,31156064
ddan_boss_scene,50135040,50145376,31156064,31164992
ddan_boss_room_0,50147328,50167344,31164992,31174240
ddan_boss_room_1,50167808,50183648,31174240,31184672
ydan_boss_scene,50184192,50190144,31184672,31189600
ydan_boss_room_0,50192384,50221040,31189600,31213792
ydan_boss_room_1,50221056,50247664,31213792,31229584
HAKAdan_bs_scene,50249728,50259840,31229584,31236848
HAKAdan_bs_room_0,50262016,50272736,31236848,31241136
HAKAdan_bs_room_1,50274304,50298704,31241136,31256016
MIZUsin_bs_scene,50298880,50305632,31256016,31259664
MIZUsin_bs_room_0,50307072,50324592,31259664,31271072
MIZUsin_bs_room_1,50327552,50373360,31271072,31294688
ganon_scene,50376704,50444208,31294688,31335136
ganon_room_0,50446336,50478800,31335136,31348800
ganon_room_1,50479104,50509680,31348800,31359792
ganon_room_2,50511872,50542672,31359792,31373008
ganon_room_3,50544640,50575152,31373008,31384704
ganon_room_4,50577408,50614480,31384704,31402672
ganon_room_5,50618368,50653968,31402672,31418640
ganon_room_6,50655232,50695072,31418640,31436256
ganon_room_7,50696192,50739104,31436256,31454224
ganon_room_8,50741248,50768864,31454224,31466784
ganon_room_9,50769920,50792736,31466784,31482032
ganon_boss_scene,50794496,50826272,31482032,31506256
ganon_boss_room_0,50827264,50851456,31506256,31512256
jyasinboss_scene,50851840,50887920,31512256,31530576
jyasinboss_room_0,50888704,50892752,31530576,31532736
jyasinboss_room_1,50892800,50925120,31532736,31548656
jyasinboss_room_2,50925568,50941376,31548656,31555200
jyasinboss_room_3,50941952,50988800,31555200,31584112
kokiri_home4_scene,50991104,50997936,31584112,31588176
kokiri_home4_room_0,50999296,51231056,31588176,31639920
kokiri_home5_scene,51232768,51237904,31639920,31642928
kokiri_home5_room_0,51240960,51441504,31642928,31681568
ganon_final_scene,51441664,51515776,31681568,31734976
ganon_final_room_0,51519488,51572400,31734976,31755520
kakariko3_scene,51572736,51574848,31755520,31756736
kakariko3_room_0,51576832,51750272,31756736,31783376
hakasitarelay_scene,51752960,51810928,31783376,31820720
hakasitarelay_room_0,51814400,51843776,31820720,31838560
hakasitarelay_room_1,51847168,51873568,31838560,31853536
hakasitarelay_room_2,51875840,51909808,31853536,31872160
hakasitarelay_room_3,51912704,51948768,31872160,31894688
hakasitarelay_room_4,51949568,51967104,31894688,31907744
hakasitarelay_room_5,51970048,51987536,31907744,31920064
hakasitarelay_room_6,51990528,52021936,31920064,31940336
shrine_scene,52023296,52028640,31940336,31943232
shrine_room_0,52031488,52370160,31943232,31998432
turibori_scene,52371456,52446944,31998432,32051040
turibori_room_0,52449280,52475744,32051040,32063280
shrine_n_scene,52477952,52483328,32063280,32066192
shrine_n_room_0,52486144,52824848,32066192,32108208
shrine_r_scene,52826112,52831376,32108208,32111008
shrine_r_room_0,52834304,53172976,32111008,32153888
hakaana2_scene,53174272,53227664,32153888,32192736
hakaana2_room_0,53231616,53258256,32192736,32203584
gerudoway_scene,53260288,53315872,32203584,32235280
gerudoway_room_0,53317632,53337408,32235280,32245072
gerudoway_room_1,53338112,53367472,32245072,32259440
gerudoway_room_2,53370880,53386832,32259440,32265888
gerudoway_room_3,53387264,53433104,32265888,32286976
gerudoway_room_4,53436416,53451040,32286976,32293264
gerudoway_room_5,53452800,53472832,32293264,32301184
hairal_niwa_n_scene,53473280,53510384,32301184,32326816
hairal_niwa_n_room_0,53514240,53528096,32326816,32331808
bowling_scene,53530624,53590816,32331808,32365872
bowling_room_0,53592064,53617120,32365872,32375920
hakaana_ouke_scene,53620736,53639904,32375920,32387520
hakaana_ouke_room_0,53641216,53684224,32387520,32406944
hakaana_ouke_room_1,53686272,53704704,32406944,32417120
hakaana_ouke_room_2,53706752,53731600,32417120,32433232
hylia_labo_scene,53735424,53805200,32433232,32472864
hylia_labo_room_0,53809152,53839312,32472864,32484288
souko_scene,53841920,53869584,32484288,32500144
souko_room_0,53870592,53908800,32500144,32520880
souko_room_1,53911552,53953584,32520880,32542656
souko_room_2,53956608,53989760,32542656,32560096
miharigoya_scene,53993472,54043984,32560096,32589984
miharigoya_room_0,54046720,54062512,32589984,32595584
mahouya_scene,54063104,54106656,32595584,32624416
mahouya_room_0,54108160,54135440,32624416,32634928
takaraya_scene,54136832,54165936,32634928,32650768
takaraya_room_0,54169600,54209984,32650768,32672624
takaraya_room_1,54210560,54218752,32672624,32676512
takaraya_room_2,54218752,54226992,32676512,32680432
takaraya_room_3,54231040,54241312,32680432,32685984
takaraya_room_4,54243328,54255648,32685984,32692880
takaraya_room_5,54259712,54272000,32692880,32699728
takaraya_room_6,54272000,54283008,32699728,32705632
ganon_sonogo_scene,54284288,54316816,32705632,32724224
ganon_sonogo_room_0,54317056,54349440,32724224,32738240
ganon_sonogo_room_1,54349824,54381488,32738240,32752128
ganon_sonogo_room_2,54382592,54418592,32752128,32770384
ganon_sonogo_room_3,54419456,54441536,32770384,32779856
ganon_sonogo_room_4,54444032,54480112,32779856,32797520
ganon_demo_scene,54480896,54517872,32797520,32827504
ganon_demo_room_0,54521856,54538576,32827504,32836496
face_shop_scene,54542336,54543216,32836496,32837056
face_shop_room_0,54546432,54736448,32837056,32871616
kinsuta_scene,54738944,54744592,32871616,32875104
kinsuta_room_0,54747136,54804640,32875104,32915104
ganontikasonogo_scene,54808576,54827776,32915104,32926144
ganontikasonogo_room_0,54829056,54926208,32926144,32969280
ganontikasonogo_room_1,54927360,54968096,32969280,32985888
bump_texture_static,54968320,54969344,32985888,32986560
anime_model_1_static,54972416,54972432,32986560,32986592
anime_model_2_static,54976512,54976528,32986592,32986624
anime_model_3_static,54980608,54980624,32986624,32986656
anime_model_4_static,54984704,54984720,32986656,32986688
anime_model_5_static,54988800,54988816,32986688,32986720
anime_model_6_static,54992896,54992912,32986720,32986752
anime_texture_1_static,54996992,54997008,32986752,32986784
anime_texture_2_static,55001088,55001104,32986784,32986816
anime_texture_3_static,55005184,55005200,32986816,32986848
anime_texture_4_static,55009280,55009296,32986848,32986880
anime_texture_5_static,55013376,55013392,32986880,32986912
anime_texture_6_static,55017472,55017488,32986912,32986944
softsprite_matrix_static,55021568,55021632,32986944,32986976
