makerom,0,4192,0,0
boot,4192,29040,4192,0
dmadata,29040,53440,29040,0
Audiobank,53440,233088,53440,0
Audioseq,233088,559360,233088,0
Audiotable,559360,5086352,559360,0
kanji,5086352,5595024,5086352,0
link_animetion,5595136,8109104,5595024,0
icon_item_static,8110080,8669344,8108992,0
icon_item_24_static,8671232,8717312,8668256,0
icon_item_field_static,8720384,8767792,8714336,8741568
icon_item_dungeon_static,8769536,8777088,8741568,8743136
icon_item_gameover_static,8777728,8790784,8743136,8749024
icon_item_jpn_static,8794112,8850560,8749024,8770960
icon_item_nes_static,8851456,8907904,8770960,8793968
item_name_static,8908800,9160704,8793968,0
map_name_static,9162752,9299968,9045872,0
do_action_static,9302016,9324288,9183088,0
message_static,9326592,9343360,9205360,0
message_texture_static,9347072,9351680,9222128,0
nes_font_static,9355264,9373184,9226736,0
jpn_message_data_static,9375744,9614128,9244656,0
nes_message_data_static,9617408,9846848,9483040,0
staff_message_data_static,9850880,9854816,9712480,0
map_grand_static,9854976,9913168,9716416,0
map_48x85_static,9916416,10055136,9774608,0
map_i_static,10055680,11030800,9913328,0
code,11034624,12102240,10888448,11524752
ovl_title,12102240,12104368,11524752,11526352
ovl_select,12104368,12115760,11526352,11533232
ovl_opening,12115760,12116112,11533232,11533536
ovl_file_choose,12116112,12181472,11533536,11570144
ovl_kaleido_scope,12181472,12298080,11570144,11630880
ovl_player_actor,12298080,12455536,11630880,11734144
ovl_map_mark_data,12455536,12483024,11734144,11735088
ovl_En_Test,12483024,12505728,11735088,11748608
ovl_Arms_Hook,12505728,12509168,11748608,11751312
ovl_Arrow_Fire,12509168,12517072,11751312,11758160
ovl_Arrow_Ice,12517072,12525008,11758160,11764416
ovl_Arrow_Light,12525008,12532960,11764416,11770816
ovl_Bg_Bdan_Objects,12532960,12537776,11770816,11774192
ovl_Bg_Bdan_Switch,12537776,12542944,11774192,11777184
ovl_Bg_Bom_Guard,12542944,12543488,11777184,11777680
ovl_Bg_Bombwall,12543488,12545728,11777680,11779440
ovl_Bg_Bowl_Wall,12545728,12548160,11779440,11781520
ovl_Bg_Breakwall,12548160,12551856,11781520,11784432
ovl_Bg_Ddan_Jd,12551856,12553472,11784432,11785712
ovl_Bg_Ddan_Kd,12553472,12555760,11785712,11787472
ovl_Bg_Dodoago,12555760,12559152,11787472,11790128
ovl_Bg_Dy_Yoseizo,12559152,12570912,11790128,11798128
ovl_Bg_Ganon_Otyuka,12570912,12580704,11798128,11805584
ovl_Bg_Gate_Shutter,12580704,12581872,11805584,11806480
ovl_Bg_Gjyo_Bridge,12581872,12583136,11806480,11807552
ovl_Bg_Gnd_Darkmeiro,12583136,12585120,11807552,11809024
ovl_Bg_Gnd_Firemeiro,12585120,12586480,11809024,11810128
ovl_Bg_Gnd_Iceblock,12586480,12590816,11810128,11813008
ovl_Bg_Gnd_Nisekabe,12590816,12591184,11813008,11813344
ovl_Bg_Gnd_Soulmeiro,12591184,12593328,11813344,11815136
ovl_Bg_Haka,12593328,12595056,11815136,11816592
ovl_Bg_Haka_Gate,12595056,12599296,11816592,11819872
ovl_Bg_Haka_Huta,12599296,12602016,11819872,11822016
ovl_Bg_Haka_Megane,12602016,12603040,11822016,11822864
ovl_Bg_Haka_MeganeBG,12603040,12604768,11822864,11824224
ovl_Bg_Haka_Sgami,12604768,12607872,11824224,11826656
ovl_Bg_Haka_Ship,12607872,12610512,11826656,11828752
ovl_Bg_Haka_Trap,12610512,12616096,11828752,11832864
ovl_Bg_Haka_Tubo,12616096,12618688,11832864,11834976
ovl_Bg_Haka_Water,12618688,12620736,11834976,11836448
ovl_Bg_Haka_Zou,12620736,12625328,11836448,11839904
ovl_Bg_Heavy_Block,12625328,12631712,11839904,11844576
ovl_Bg_Hidan_Curtain,12631712,12634432,11844576,11846672
ovl_Bg_Hidan_Dalm,12634432,12636560,11846672,11848304
ovl_Bg_Hidan_Firewall,12636560,12638448,11848304,11849888
ovl_Bg_Hidan_Fslift,12638448,12639680,11849888,11850832
ovl_Bg_Hidan_Fwbig,12639680,12642976,11850832,11853488
ovl_Bg_Hidan_Hamstep,12642976,12646736,11853488,11856352
ovl_Bg_Hidan_Hrock,12646736,12648832,11856352,11858000
ovl_Bg_Hidan_Kousi,12648832,12650256,11858000,11859088
ovl_Bg_Hidan_Kowarerukabe,12650256,12654064,11859088,11861600
ovl_Bg_Hidan_Rock,12654064,12658416,11861600,11864896
ovl_Bg_Hidan_Rsekizou,12658416,12661456,11864896,11867168
ovl_Bg_Hidan_Sekizou,12661456,12666656,11867168,11871120
ovl_Bg_Hidan_Sima,12666656,12670496,11871120,11874144
ovl_Bg_Hidan_Syoku,12670496,12671616,11874144,11874928
ovl_Bg_Ice_Objects,12671616,12675520,11874928,11877552
ovl_Bg_Ice_Shelter,12675520,12680192,11877552,11881120
ovl_Bg_Ice_Shutter,12680192,12681328,11881120,11881984
ovl_Bg_Ice_Turara,12681328,12683424,11881984,11883712
ovl_Bg_Ingate,12683424,12684336,11883712,11884512
ovl_Bg_Jya_1flift,12684336,12686016,11884512,11885792
ovl_Bg_Jya_Amishutter,12686016,12686928,11885792,11886384
ovl_Bg_Jya_Bigmirror,12686928,12689056,11886384,11888192
ovl_Bg_Jya_Block,12689056,12689680,11888192,11888800
ovl_Bg_Jya_Bombchuiwa,12689680,12692560,11888800,11891008
ovl_Bg_Jya_Bombiwa,12692560,12694032,11891008,11892256
ovl_Bg_Jya_Cobra,12694032,12701520,11892256,11897776
ovl_Bg_Jya_Goroiwa,12701520,12703440,11897776,11899408
ovl_Bg_Jya_Haheniron,12703440,12705472,11899408,11901072
ovl_Bg_Jya_Ironobj,12705472,12708976,11901072,11903472
ovl_Bg_Jya_Kanaami,12708976,12709920,11903472,11904224
ovl_Bg_Jya_Lift,12709920,12711280,11904224,11905312
ovl_Bg_Jya_Megami,12711280,12715872,11905312,11909136
ovl_Bg_Jya_Zurerukabe,12715872,12717584,11909136,11910496
ovl_Bg_Menkuri_Eye,12717584,12718752,11910496,11911504
ovl_Bg_Menkuri_Kaiten,12718752,12719152,11911504,11911856
ovl_Bg_Menkuri_Nisekabe,12719152,12719488,11911856,11912144
ovl_Bg_Mizu_Bwall,12719488,12724816,11912144,11915680
ovl_Bg_Mizu_Movebg,12724816,12729296,11915680,11918960
ovl_Bg_Mizu_Shutter,12729296,12731344,11918960,11920560
ovl_Bg_Mizu_Uzu,12731344,12731808,11920560,11920944
ovl_Bg_Mizu_Water,12731808,12735088,11920944,11923248
ovl_Bg_Mjin,12735088,12736096,11923248,11924112
ovl_Bg_Mori_Bigst,12736096,12738448,11924112,11925760
ovl_Bg_Mori_Elevator,12738448,12741248,11925760,11927648
ovl_Bg_Mori_Hashigo,12741248,12743488,11927648,11929312
ovl_Bg_Mori_Hashira4,12743488,12744896,11929312,11930416
ovl_Bg_Mori_Hineri,12744896,12748304,11930416,11932944
ovl_Bg_Mori_Idomizu,12748304,12749904,11932944,11934208
ovl_Bg_Mori_Kaitenkabe,12749904,12751552,11934208,11935568
ovl_Bg_Mori_Rakkatenjo,12751552,12753984,11935568,11937296
ovl_Bg_Po_Event,12753984,12761712,11937296,11943008
ovl_Bg_Po_Syokudai,12761712,12764128,11943008,11944976
ovl_Bg_Pushbox,12764128,12764896,11944976,11945632
ovl_Bg_Relay_Objects,12764896,12766864,11945632,11947200
ovl_Bg_Spot00_Break,12766864,12767280,11947200,11947568
ovl_Bg_Spot00_Hanebasi,12767280,12771648,11947568,11951088
ovl_Bg_Spot01_Fusya,12771648,12772320,11951088,11951680
ovl_Bg_Spot01_Idohashira,12772320,12775392,11951680,11954032
ovl_Bg_Spot01_Idomizu,12775392,12776192,11954032,11954752
ovl_Bg_Spot01_Idosoko,12776192,12776720,11954752,11955200
ovl_Bg_Spot01_Objects2,12776720,12777936,11955200,11956240
ovl_Bg_Spot02_Objects,12777936,12782896,11956240,11959792
ovl_Bg_Spot03_Taki,12782896,12785232,11959792,11961552
ovl_Bg_Spot05_Soko,12785232,12786032,11961552,11962208
ovl_Bg_Spot06_Objects,12786032,12791152,11962208,11966064
ovl_Bg_Spot07_Taki,12791152,12792672,11966064,11967200
ovl_Bg_Spot08_Bakudankabe,12792672,12794368,11967200,11968656
ovl_Bg_Spot08_Iceblock,12794368,12798528,11968656,11971632
ovl_Bg_Spot09_Obj,12798528,12799840,11971632,11972608
ovl_Bg_Spot11_Bakudankabe,12799840,12801440,11972608,11973968
ovl_Bg_Spot11_Oasis,12801440,12803280,11973968,11975552
ovl_Bg_Spot12_Gate,12803280,12804320,11975552,11976336
ovl_Bg_Spot12_Saku,12804320,12805536,11976336,11977296
ovl_Bg_Spot15_Rrbox,12805536,12809088,11977296,11979872
ovl_Bg_Spot15_Saku,12809088,12809920,11979872,11980592
ovl_Bg_Spot16_Bombstone,12809920,12815376,11980592,11984912
ovl_Bg_Spot16_Doughnut,12815376,12816848,11984912,11986144
ovl_Bg_Spot17_Bakudankabe,12816848,12818624,11986144,11987664
ovl_Bg_Spot17_Funen,12818624,12819216,11987664,11988192
ovl_Bg_Spot18_Basket,12819216,12823296,11988192,11991280
ovl_Bg_Spot18_Futa,12823296,12823712,11991280,11991632
ovl_Bg_Spot18_Obj,12823712,12825968,11991632,11993248
ovl_Bg_Spot18_Shutter,12825968,12827328,11993248,11994304
ovl_Bg_Sst_Floor,12827328,12828704,11994304,11995568
ovl_Bg_Toki_Hikari,12828704,12832192,11995568,11997664
ovl_Bg_Toki_Swd,12832192,12837904,11997664,12000288
ovl_Bg_Treemouth,12837904,12843632,12000288,12003360
ovl_Bg_Umajump,12843632,12844032,12003360,12003728
ovl_Bg_Vb_Sima,12844032,12845856,12003728,12005344
ovl_Bg_Ydan_Hasi,12845856,12847824,12005344,12006912
ovl_Bg_Ydan_Maruta,12847824,12849584,12006912,12008320
ovl_Bg_Ydan_Sp,12849584,12855504,12008320,12012640
ovl_Bg_Zg,12855504,12856608,12012640,12013536
ovl_Boss_Dodongo,12856608,12896288,12013536,12038832
ovl_Boss_Fd,12896288,12925824,12038832,12058592
ovl_Boss_Fd2,12925824,12941488,12058592,12069696
ovl_Boss_Ganon,12941488,13081440,12069696,12157536
ovl_Boss_Ganon2,13081440,13151920,12157536,12199968
ovl_Boss_Ganondrof,13151920,13171776,12199968,12213136
ovl_Boss_Goma,13171776,13196256,12213136,12228000
ovl_Boss_Mo,13196256,13244080,12228000,12261312
ovl_Boss_Sst,13244080,13294656,12261312,12292896
ovl_Boss_Tw,13294656,13372816,12292896,12343568
ovl_Boss_Va,13372816,13432352,12343568,12382000
ovl_Demo_6K,13432352,13443968,12382000,12390528
ovl_Demo_Du,13443968,13458272,12390528,12397600
ovl_Demo_Ec,13458272,13472704,12397600,12403520
ovl_Demo_Effect,13472704,13496160,12403520,12418736
ovl_Demo_Ext,13496160,13498544,12418736,12420576
ovl_Demo_Geff,13498544,13500624,12420576,12422096
ovl_Demo_Gj,13500624,13516160,12422096,12429376
ovl_Demo_Go,13516160,13519568,12429376,12431744
ovl_Demo_Gt,13519568,13541600,12431744,12442880
ovl_Demo_Ik,13541600,13546992,12442880,12446240
ovl_Demo_Im,13546992,13563232,12446240,12454352
ovl_Demo_Kankyo,13563232,13578752,12454352,12463600
ovl_Demo_Kekkai,13578752,13583600,12463600,12467328
ovl_Demo_Sa,13583600,13594640,12467328,12472816
ovl_Demo_Shd,13594640,13603872,12472816,12478992
ovl_Demo_Tre_Lgt,13603872,13605680,12478992,12480512
ovl_Door_Ana,13605680,13607328,12480512,12481888
ovl_Door_Gerudo,13607328,13608848,12481888,12483168
ovl_Door_Killer,13608848,13614336,12483168,12487392
ovl_Door_Shutter,13614336,13623232,12487392,12493776
ovl_Door_Toki,13623232,13623584,12493776,12494064
ovl_Door_Warp1,13623584,13640736,12494064,12503920
ovl_Efc_Erupc,13640736,13643536,12503920,12506224
ovl_Eff_Dust,13643536,13648608,12506224,12509264
ovl_Effect_Ss_Blast,13648608,13649520,12509264,12510144
ovl_Effect_Ss_Bomb,13649520,13650592,12510144,12511136
ovl_Effect_Ss_Bomb2,13650592,13652896,12511136,12512848
ovl_Effect_Ss_Bubble,13652896,13654048,12512848,12513872
ovl_Effect_Ss_D_Fire,13654048,13655312,12513872,12515056
ovl_Effect_Ss_Dead_Db,13655312,13656560,12515056,12516256
ovl_Effect_Ss_Dead_Dd,13656560,13657984,12516256,12517568
ovl_Effect_Ss_Dead_Ds,13657984,13659136,12517568,12518640
ovl_Effect_Ss_Dead_Sound,13659136,13659456,12518640,12518960
ovl_Effect_Ss_Dt_Bubble,13659456,13660880,12518960,12520208
ovl_Effect_Ss_Dust,13660880,13662992,12520208,12521936
ovl_Effect_Ss_En_Fire,13662992,13664864,12521936,12523616
ovl_Effect_Ss_En_Ice,13664864,13667104,12523616,12525584
ovl_Effect_Ss_Extra,13667104,13668064,12525584,12526512
ovl_Effect_Ss_Fcircle,13668064,13669264,12526512,12527648
ovl_Effect_Ss_Fhg_Flash,13669264,13673232,12527648,12530224
ovl_Effect_Ss_Fire_Tail,13673232,13675024,12530224,12531840
ovl_Effect_Ss_G_Fire,13675024,13675680,12531840,12532448
ovl_Effect_Ss_G_Magma,13675680,13676288,12532448,12533024
ovl_Effect_Ss_G_Magma2,13676288,13677584,12533024,12534240
ovl_Effect_Ss_G_Ripple,13677584,13678960,12534240,12535488
ovl_Effect_Ss_G_Spk,13678960,13680416,12535488,12536800
ovl_Effect_Ss_G_Splash,13680416,13681616,12536800,12537776
ovl_Effect_Ss_Hahen,13681616,13683216,12537776,12539040
ovl_Effect_Ss_HitMark,13683216,13684576,12539040,12540240
ovl_Effect_Ss_Ice_Piece,13684576,13685664,12540240,12541264
ovl_Effect_Ss_Ice_Smoke,13685664,13686912,12541264,12542352
ovl_Effect_Ss_K_Fire,13686912,13688000,12542352,12543376
ovl_Effect_Ss_Kakera,13688000,13692240,12543376,12546512
ovl_Effect_Ss_KiraKira,13692240,13693888,12546512,12547952
ovl_Effect_Ss_Lightning,13693888,13695632,12547952,12549568
ovl_Effect_Ss_Sibuki,13695632,13697376,12549568,12551104
ovl_Effect_Ss_Sibuki2,13697376,13698192,12551104,12551872
ovl_Effect_Ss_Solder_Srch_Ball,13698192,13698624,12551872,12552288
ovl_Effect_Ss_Stick,13698624,13699552,12552288,12553136
ovl_Effect_Ss_Stone1,13699552,13700448,12553136,12553984
ovl_Elf_Msg,13700448,13701968,12553984,12555104
ovl_Elf_Msg2,13701968,13703104,12555104,12555872
ovl_En_Am,13703104,13712320,12555872,12562064
ovl_En_Ani,13712320,13715760,12562064,12564512
ovl_En_Anubice,13715760,13720544,12564512,12568048
ovl_En_Anubice_Fire,13720544,13724064,12568048,12570960
ovl_En_Anubice_Tag,13724064,13724784,12570960,12571584
ovl_En_Arow_Trap,13724784,13725120,12571584,12571904
ovl_En_Arrow,13725120,13731008,12571904,12576128
ovl_En_Attack_Niw,13731008,13735712,12576128,12579568
ovl_En_Ba,13735712,13743600,12579568,12584736
ovl_En_Bb,13743600,13759184,12584736,12595936
ovl_En_Bdfire,13759184,13762160,12595936,12598240
ovl_En_Bigokuta,13762160,13773168,12598240,12605712
ovl_En_Bili,13773168,13782080,12605712,12611920
ovl_En_Bird,13782080,13783296,12611920,12612912
ovl_En_Blkobj,13783296,13784672,12612912,12614064
ovl_En_Bom,13784672,13788464,12614064,12617056
ovl_En_Bom_Bowl_Man,13788464,13793904,12617056,12621056
ovl_En_Bom_Bowl_Pit,13793904,13796320,12621056,12622944
ovl_En_Bom_Chu,13796320,13802112,12622944,12627536
ovl_En_Bombf,13802112,13807376,12627536,12631632
ovl_En_Boom,13807376,13809632,12631632,12633488
ovl_En_Box,13809632,13816624,12633488,12638336
ovl_En_Brob,13816624,13820960,12638336,12641472
ovl_En_Bubble,13820960,13826112,12641472,12645408
ovl_En_Butte,13826112,13831696,12645408,12649456
ovl_En_Bw,13831696,13844896,12649456,12658336
ovl_En_Bx,13844896,13847712,12658336,12660800
ovl_En_Changer,13847712,13850240,12660800,12662672
ovl_En_Clear_Tag,13850240,13885936,12662672,12680048
ovl_En_Cow,13885936,13891152,12680048,12683408
ovl_En_Crow,13891152,13896944,12683408,12687712
ovl_En_Cs,13896944,13901600,12687712,12691264
ovl_En_Daiku,13901600,13907552,12691264,12695840
ovl_En_Daiku_Kakariko,13907552,13912608,12695840,12699648
ovl_En_Dekubaba,13912608,13927632,12699648,12709312
ovl_En_Dekunuts,13927632,13933776,12709312,12713344
ovl_En_Dh,13933776,13940656,12713344,12718336
ovl_En_Dha,13940656,13944752,12718336,12721360
ovl_En_Diving_Game,13944752,13951328,12721360,12725968
ovl_En_Dns,13951328,13956336,12725968,12729248
ovl_En_Dnt_Demo,13956336,13959696,12729248,12731888
ovl_En_Dnt_Jiji,13959696,13965104,12731888,12735152
ovl_En_Dnt_Nomal,13965104,13976880,12735152,12742256
ovl_En_Dodojr,13976880,13984720,12742256,12747712
ovl_En_Dodongo,13984720,13996400,12747712,12755712
ovl_En_Dog,13996400,14000928,12755712,12758912
ovl_En_Door,14000928,14004576,12758912,12761920
ovl_En_Ds,14004576,14007680,12761920,12764064
ovl_En_Du,14007680,14014480,12764064,12768752
ovl_En_Dy_Extra,14014480,14015920,12768752,12770016
ovl_En_Eg,14015920,14016352,12770016,12770368
ovl_En_Eiyer,14016352,14023616,12770368,12775536
ovl_En_Elf,14023616,14042496,12775536,12787824
ovl_En_Encount1,14042496,14045408,12787824,12790224
ovl_En_Encount2,14045408,14050064,12790224,12793824
ovl_En_Ex_Item,14050064,14054544,12793824,12797088
ovl_En_Ex_Ruppy,14054544,14058832,12797088,12800368
ovl_En_Fd,14058832,14070256,12800368,12808832
ovl_En_Fd_Fire,14070256,14073600,12808832,12811632
ovl_En_Fhg_Fire,14073600,14083488,12811632,12818704
ovl_En_Fire_Rock,14083488,14087856,12818704,12821888
ovl_En_Firefly,14087856,14096416,12821888,12827632
ovl_En_Fish,14096416,14104880,12827632,12832944
ovl_En_Floormas,14104880,14118160,12832944,12841120
ovl_En_Fr,14118160,14129056,12841120,12848848
ovl_En_Fu,14129056,14132448,12848848,12851520
ovl_En_Fw,14132448,14138528,12851520,12856432
ovl_En_Fz,14138528,14146736,12856432,12862240
ovl_En_G_Switch,14146736,14152912,12862240,12866992
ovl_En_Ganon_Mant,14152912,14169856,12866992,12874496
ovl_En_Ganon_Organ,14169856,14198592,12874496,12888464
ovl_En_Gb,14198592,14204528,12888464,12892864
ovl_En_Ge1,14204528,14212768,12892864,12898032
ovl_En_Ge2,14212768,14219328,12898032,12902528
ovl_En_Ge3,14219328,14222464,12902528,12904864
ovl_En_GeldB,14222464,14243888,12904864,12918112
ovl_En_GirlA,14243888,14254416,12918112,12923344
ovl_En_Gm,14254416,14257792,12923344,12925936
ovl_En_Go,14257792,14275776,12925936,12937552
ovl_En_Go2,14275776,14300416,12937552,12953456
ovl_En_Goma,14300416,14311856,12953456,12961040
ovl_En_Goroiwa,14311856,14321008,12961040,12967472
ovl_En_Gs,14321008,14328800,12967472,12973184
ovl_En_Guest,14328800,14331264,12973184,12975264
ovl_En_Hata,14331264,14332688,12975264,12976544
ovl_En_Heishi1,14332688,14338080,12976544,12980208
ovl_En_Heishi2,14338080,14346784,12980208,12985504
ovl_En_Heishi3,14346784,14349296,12985504,12987344
ovl_En_Heishi4,14349296,14353136,12987344,12990048
ovl_En_Hintnuts,14353136,14359840,12990048,12994576
ovl_En_Holl,14359840,14363888,12994576,12997552
ovl_En_Honotrap,14363888,14369360,12997552,13001600
ovl_En_Horse,14369360,14419120,13001600,13032336
ovl_En_Horse_Game_Check,14419120,14423424,13032336,13035440
ovl_En_Horse_Ganon,14423424,14426880,13035440,13038112
ovl_En_Horse_Link_Child,14426880,14434560,13038112,13042720
ovl_En_Horse_Normal,14434560,14444320,13042720,13048944
ovl_En_Horse_Zelda,14444320,14447120,13048944,13051200
ovl_En_Hs,14447120,14450096,13051200,13053312
ovl_En_Hs2,14450096,14451600,13053312,13054560
ovl_En_Hy,14451600,14466256,13054560,13063824
ovl_En_Ice_Hono,14466256,14470848,13063824,13067104
ovl_En_Ik,14470848,14488848,13067104,13077568
ovl_En_In,14488848,14500528,13077568,13085952
ovl_En_Insect,14500528,14510032,13085952,13092256
ovl_En_Ishi,14510032,14547232,13092256,13097216
ovl_En_It,14547232,14547632,13097216,13097520
ovl_En_Jj,14547632,14553216,13097520,13100672
ovl_En_Js,14553216,14555728,13100672,13102496
ovl_En_Jsjutan,14555728,14575648,13102496,13110016
ovl_En_Kakasi,14575648,14579040,13110016,13112608
ovl_En_Kakasi2,14579040,14580864,13112608,13114048
ovl_En_Kakasi3,14580864,14585184,13114048,13117184
ovl_En_Kanban,14585184,14597808,13117184,13124880
ovl_En_Karebaba,14597808,14604192,13124880,13129360
ovl_En_Ko,14604192,14620896,13129360,13139008
ovl_En_Kusa,14620896,14626240,13139008,13142928
ovl_En_Kz,14626240,14631776,13142928,13147024
ovl_En_Light,14631776,14635360,13147024,13149536
ovl_En_Lightbox,14635360,14636512,13149536,13150512
ovl_En_M_Fire1,14636512,14636928,13150512,13150848
ovl_En_M_Thunder,14636928,14642560,13150848,13154944
ovl_En_Ma1,14642560,14647392,13154944,13158544
ovl_En_Ma2,14647392,14651584,13158544,13161744
ovl_En_Ma3,14651584,14655600,13161744,13164848
ovl_En_Mag,14655600,14666144,13164848,13172208
ovl_En_Mb,14666144,14683088,13172208,13183200
ovl_En_Md,14683088,14692928,13183200,13189072
ovl_En_Mk,14692928,14696656,13189072,13191600
ovl_En_Mm,14696656,14702384,13191600,13195952
ovl_En_Mm2,14702384,14705904,13195952,13198624
ovl_En_Ms,14705904,14707680,13198624,13200080
ovl_En_Mu,14707680,14710016,13200080,13202064
ovl_En_Nb,14710016,14727888,13202064,13211408
ovl_En_Niw,14727888,14740992,13211408,13220848
ovl_En_Niw_Girl,14740992,14743760,13220848,13223232
ovl_En_Niw_Lady,14743760,14750160,13223232,13227824
ovl_En_Nutsball,14750160,14751728,13227824,13229232
ovl_En_Nwc,14751728,14754320,13229232,13231424
ovl_En_Ny,14754320,14760784,13231424,13236160
ovl_En_OE2,14760784,14761008,13236160,13236320
ovl_En_Okarina_Effect,14761008,14761968,13236320,13237072
ovl_En_Okarina_Tag,14761968,14767344,13237072,13240144
ovl_En_Okuta,14767344,14777040,13240144,13246880
ovl_En_Ossan,14777040,14803120,13246880,13261184
ovl_En_Owl,14803120,14818384,13261184,13270016
ovl_En_Part,14818384,14824112,13270016,13274208
ovl_En_Peehat,14824112,14838192,13274208,13283120
ovl_En_Po_Desert,14838192,14841712,13283120,13286016
ovl_En_Po_Field,14841712,14856560,13286016,13296384
ovl_En_Po_Relay,14856560,14862464,13296384,13300864
ovl_En_Po_Sisters,14862464,14882160,13300864,13313712
ovl_En_Poh,14882160,14899040,13313712,13324528
ovl_En_Pu_box,14899040,14899872,13324528,13325264
ovl_En_Rd,14899872,14910304,13325264,13331936
ovl_En_Reeba,14910304,14917072,13331936,13336816
ovl_En_River_Sound,14917072,14919520,13336816,13338816
ovl_En_Rl,14919520,14923328,13338816,13341152
ovl_En_Rr,14923328,14932848,13341152,13348080
ovl_En_Ru1,14932848,14963216,13348080,13364016
ovl_En_Ru2,14963216,14974864,13364016,13369728
ovl_En_Sa,14974864,14983680,13369728,13375456
ovl_En_Sb,14983680,14988864,13375456,13378912
ovl_En_Scene_Change,14988864,14989168,13378912,13379152
ovl_En_Sda,14989168,14994848,13379152,13382944
ovl_En_Shopnuts,14994848,14998704,13382944,13385600
ovl_En_Si,14998704,14999984,13385600,13386656
ovl_En_Siofuki,14999984,15003488,13386656,13389280
ovl_En_Skb,15003488,15009872,13389280,13393904
ovl_En_Skj,15009872,15024528,13393904,13403056
ovl_En_Skjneedle,15024528,15025312,13403056,13403744
ovl_En_Ssh,15025312,15035024,13403744,13410496
ovl_En_St,15035024,15046400,13410496,13418400
ovl_En_Sth,15046400,15062976,13418400,13429600
ovl_En_Stream,15062976,15064400,13429600,13430816
ovl_En_Sw,15064400,15078592,13430816,13441136
ovl_En_Syateki_Itm,15078592,15082080,13441136,13443808
ovl_En_Syateki_Man,15082080,15085600,13443808,13446416
ovl_En_Syateki_Niw,15085600,15093936,13446416,13452512
ovl_En_Ta,15093936,15108720,13452512,13461536
ovl_En_Takara_Man,15108720,15110960,13461536,13463456
ovl_En_Tana,15110960,15111648,13463456,13464032
ovl_En_Tg,15111648,15113408,13464032,13465520
ovl_En_Tite,15113408,15125088,13465520,13472608
ovl_En_Tk,15125088,15132816,13472608,13478288
ovl_En_Torch,15132816,15133056,13478288,13478512
ovl_En_Torch2,15133056,15143136,13478512,13485840
ovl_En_Toryo,15143136,15146352,13485840,13488192
ovl_En_Tp,15146352,15154144,13488192,13493856
ovl_En_Tr,15154144,15160544,13493856,13498464
ovl_En_Trap,15160544,15165312,13498464,13501600
ovl_En_Tubo_Trap,15165312,15168544,13501600,13503920
ovl_En_Vali,15168544,15178464,13503920,13510736
ovl_En_Vase,15178464,15178720,13510736,13510960
ovl_En_Vb_Ball,15178720,15183248,13510960,13514368
ovl_En_Viewer,15183248,15195184,13514368,13522416
ovl_En_Vm,15195184,15201520,13522416,13526912
ovl_En_Wall_Tubo,15201520,15202784,13526912,13527968
ovl_En_Wallmas,15202784,15209456,13527968,13532480
ovl_En_Weather_Tag,15209456,15213280,13532480,13534336
ovl_En_Weiyer,15213280,15219936,13534336,13538736
ovl_En_Wf,15219936,15237104,13538736,13549840
ovl_En_Wonder_Item,15237104,15240256,13549840,13552080
ovl_En_Wonder_Talk,15240256,15241936,13552080,13553440
ovl_En_Wonder_Talk2,15241936,15243632,13553440,13554864
ovl_En_Wood02,15243632,15248192,13554864,13558512
ovl_En_Xc,15248192,15274656,13558512,13572016
ovl_En_Yabusame_Mark,15274656,15276400,13572016,13573392
ovl_En_Yukabyun,15276400,15277952,13573392,13574752
ovl_En_Zf,15277952,15305312,13574752,13592304
ovl_En_Zl1,15305312,15321200,13592304,13600336
ovl_En_Zl2,15321200,15339376,13600336,13609536
ovl_En_Zl3,15339376,15371712,13609536,13626128
ovl_En_Zl4,15371712,15390704,13626128,13635824
ovl_En_Zo,15390704,15400368,13635824,13642512
ovl_En_fHG,15400368,15410912,13642512,13649488
ovl_End_Title,15410912,15427584,13649488,13656256
ovl_Fishing,15427584,15508176,13656256,13710944
ovl_Item_B_Heart,15508176,15509216,13710944,13711824
ovl_Item_Etcetera,15509216,15511472,13711824,13713504
ovl_Item_Inbox,15511472,15511824,13713504,13713776
ovl_Item_Ocarina,15511824,15513824,13713776,13715248
ovl_Item_Shield,15513824,15516400,13715248,13717296
ovl_Magic_Dark,15516400,15522624,13717296,13722224
ovl_Magic_Fire,15522624,15531584,13722224,13730224
ovl_Magic_Wind,15531584,15539008,13730224,13736768
ovl_Mir_Ray,15539008,15545328,13736768,13741872
ovl_Obj_Bean,15545328,15555456,13741872,13748224
ovl_Obj_Blockstop,15555456,15555872,13748224,13748608
ovl_Obj_Bombiwa,15555872,15557264,13748608,13749824
ovl_Obj_Comb,15557264,15559408,13749824,13751680
ovl_Obj_Dekujr,15559408,15561008,13751680,13753024
ovl_Obj_Elevator,15561008,15561968,13753024,13753760
ovl_Obj_Hamishi,15561968,15564096,13753760,13755568
ovl_Obj_Hana,15564096,15564880,13755568,13756192
ovl_Obj_Hsblock,15564880,15566368,13756192,13757392
ovl_Obj_Ice_Poly,15566368,15568848,13757392,13759424
ovl_Obj_Kibako,15568848,15572176,13759424,13761696
ovl_Obj_Kibako2,15572176,15573904,13761696,13763168
ovl_Obj_Lift,15573904,15576496,13763168,13765264
ovl_Obj_Lightswitch,15576496,15581664,13765264,13768800
ovl_Obj_Makekinsuta,15581664,15582000,13768800,13769120
ovl_Obj_Makeoshihiki,15582000,15583168,13769120,13770112
ovl_Obj_Mure,15583168,15587280,13770112,13772976
ovl_Obj_Mure2,15587280,15589872,13772976,13774896
ovl_Obj_Mure3,15589872,15591872,13774896,13776480
ovl_Obj_Oshihiki,15591872,15598704,13776480,13781232
ovl_Obj_Roomtimer,15598704,15599296,13781232,13781744
ovl_Obj_Switch,15599296,15606944,13781744,13786560
ovl_Obj_Syokudai,15606944,15610080,13786560,13789168
ovl_Obj_Timeblock,15610080,15613232,13789168,13791472
ovl_Obj_Tsubo,15613232,15617312,13791472,13794384
ovl_Obj_Warp2block,15617312,15620176,13794384,13796656
ovl_Object_Kankyo,15620176,15633104,13796656,13805712
ovl_Oceff_Spot,15633104,15636992,13805712,13809024
ovl_Oceff_Storm,15636992,15644080,13809024,13815808
ovl_Oceff_Wipe,15644080,15647536,13815808,13818816
ovl_Oceff_Wipe2,15647536,15653536,13818816,13822464
ovl_Oceff_Wipe3,15653536,15659504,13822464,13827200
ovl_Oceff_Wipe4,15659504,15663568,13827200,13830240
ovl_Shot_Sun,15663568,15665296,13830240,13831680
gameplay_keep,15667200,16043232,13831680,14026176
gameplay_field_keep,16044032,16098096,14026176,14063584
gameplay_dangeon_keep,16101376,16198384,14063584,14123712
gameplay_object_exchange_static,16199680,16199696,14123712,14123744
object_link_boy,16203776,16431104,14123744,14231344
object_link_child,16433152,16617344,14231344,14319808
object_box,16617472,16642048,14319808,14332560
object_human,16642048,16720256,14332560,14364320
object_okuta,16723968,16739456,14364320,14372064
object_poh,16740352,16761056,14372064,14385344
object_wallmaster,16764928,16806000,14385344,14412240
object_dy_obj,16809984,16930096,14412240,14486880
object_firefly,16932864,16939200,14486880,14490608
object_dodongo,16941056,16980288,14490608,14518320
object_fire,16982016,16998560,14518320,14525024
object_niw,17002496,17012032,14525024,14529872
object_tite,17014784,17029680,14529872,14539904
object_reeba,17031168,17039088,14539904,14545056
object_peehat,17039360,17046672,14545056,14548576
object_kingdodongo,17047552,17242336,14548576,14673536
object_horse,17244160,17301264,14673536,14716240
object_zf,17301504,17392544,14716240,14778592
object_goma,17395712,17519104,14778592,14870336
object_zl1,17522688,17605568,14870336,14914480
object_gol,17608704,17625632,14914480,14925616
object_bubble,17629184,17633472,14925616,14927504
object_dodojr,17637376,17645808,14927504,14933696
object_torch2,17649664,17667952,14933696,14941984
object_bl,17670144,17692752,14941984,14951296
object_tp,17694720,17702128,14951296,14956240
object_oA1,17702912,17721104,14956240,14965600
object_st,17723392,17746864,14965600,14978656
object_bw,17747968,17756768,14978656,14984032
object_ei,17760256,17773600,14984032,14991600
object_horse_normal,17776640,17817536,14991600,15024400
object_oB1,17817600,17843888,15024400,15036640
object_o_anime,17846272,17854800,15036640,15043808
object_spot04_objects,17858560,17864384,15043808,15047008
object_ddan_objects,17866752,17901408,15047008,15069280
object_hidan_objects,17903616,18001184,15069280,15117904
object_horse_ganon,18001920,18051216,15117904,15151648
object_oA2,18055168,18077392,15151648,15156816
object_spot00_objects,18079744,18086928,15156816,15159680
object_mb,18087936,18170272,15159680,15215904
object_bombf,18173952,18180608,15215904,15219904
object_sk2,18182144,18241536,15219904,15265632
object_oE1,18243584,18270224,15265632,15278208
object_oE_anime,18272256,18292832,15278208,15297664
object_oE2,18296832,18319984,15297664,15308656
object_ydan_objects,18321408,18358400,15308656,15337168
object_gnd,18362368,18440192,15337168,15396528
object_am,18440192,18463568,15396528,15408640
object_dekubaba,18464768,18479552,15408640,15418864
object_oA3,18481152,18489648,15418864,15423392
object_oA4,18493440,18499376,15423392,15426144
object_oA5,18501632,18507440,15426144,15428832
object_oA6,18509824,18516480,15428832,15431872
object_oA7,18518016,18523472,15431872,15434416
object_jj,18526208,18574016,15434416,15462448
object_oA8,18575360,18581424,15462448,15465072
object_oA9,18583552,18584864,15465072,15466032
object_oB2,18587648,18604256,15466032,15474448
object_oB3,18608128,18625680,15474448,15483184
object_oB4,18628608,18634864,15483184,15486080
object_horse_zelda,18636800,18665824,15486080,15504800
object_opening_demo1,18669568,18690144,15504800,15523488
object_warp1,18694144,18705584,15523488,15531696
object_b_heart,18706432,18708032,15531696,15532880
object_dekunuts,18710528,18724448,15532880,15541200
object_oE3,18726912,18755872,15541200,15554672
object_oE4,18759680,18780112,15554672,15564320
object_menkuri_objects,18780160,18815760,15564320,15589040
object_oE5,18817024,18838976,15589040,15599856
object_oE6,18841600,18853456,15599856,15606112
object_oE7,18853888,18864736,15606112,15612656
object_oE8,18866176,18879440,15612656,15619472
object_oE9,18882560,18894608,15619472,15624704
object_oE10,18894848,18905552,15624704,15630576
object_oE11,18907136,18919920,15630576,15636416
object_oE12,18923520,18937792,15636416,15643616
object_vali,18939904,18958416,15643616,15653296
object_oA10,18960384,18972336,15653296,15658944
object_oA11,18972672,18978240,15658944,15661776
object_mizu_objects,18980864,19026720,15661776,15689168
object_fhg,19030016,19099104,15689168,15733776
object_ossan,19099648,19139408,15733776,15750864
object_mori_hineri1,19140608,19162352,15750864,15759104
object_Bb,19165184,19171904,15759104,15762960
object_toki_objects,19173376,19207248,15762960,15779776
object_yukabyun,19210240,19215600,15779776,15782480
object_zl2,19218432,19287424,15782480,15813984
object_mjin,19288064,19292816,15813984,15816592
object_mjin_flash,19296256,19300352,15816592,15819200
object_mjin_dark,19300352,19304448,15819200,15822464
object_mjin_flame,19304448,19308544,15822464,15825296
object_mjin_ice,19308544,19312640,15825296,15828624
object_mjin_soul,19312640,19316736,15828624,15831920
object_mjin_wind,19316736,19320832,15831920,15835184
object_mjin_oka,19320832,19327840,15835184,15840384
object_haka_objects,19329024,19449520,15840384,15901616
object_spot06_objects,19451904,19463584,15901616,15909888
object_ice_objects,19464192,19500368,15909888,15935584
object_relay_objects,19501056,19514928,15935584,15945232
object_mori_hineri1a,19517440,19530944,15945232,15950160
object_mori_hineri2,19533824,19551232,15950160,15956768
object_mori_hineri2a,19554304,19579056,15956768,15966336
object_mori_objects,19582976,19618320,15966336,15983264
object_mori_tex,19619840,19660288,15983264,16007312
object_spot08_obj,19660800,19682816,16007312,16020944
object_warp2,19685376,19685392,16020944,16020976
object_hata,19689472,19701728,16020976,16026960
object_bird,19701760,19710368,16026960,16032832
object_wood02,19714048,19748816,16032832,16052944
object_lightbox,19750912,19758912,16052944,16055328
object_pu_box,19759104,19764736,16055328,16057936
object_trap,19767296,19776480,16057936,16064960
object_vase,19779584,19785104,16064960,16069216
object_im,19787776,19862064,16069216,16105312
object_ta,19865600,19923952,16105312,16138144
object_tk,19927040,19975760,16138144,16167872
object_xc,19976192,20093728,16167872,16249904
object_vm,20094976,20111216,16249904,16258240
object_bv,20111360,20233648,16258240,16317536
object_hakach_objects,20234240,20261616,16317536,16337024
object_efc_crystal_light,20262912,20265632,16337024,16339680
object_efc_fire_ball,20267008,20270336,16339680,16342864
object_efc_flash,20271104,20271120,16342864,16342896
object_efc_lgt_shower,20275200,20280016,16342896,16346608
object_efc_star_field,20283392,20289488,16346608,16350784
object_god_lgt,20291584,20308816,16350784,16362240
object_light_ring,20312064,20316800,16362240,16363648
object_triforce_spot,20320256,20330768,16363648,16370656
object_medal,20332544,20353344,16370656,16377888
object_bdan_objects,20357120,20409616,16377888,16410256
object_sd,20410368,20461280,16410256,16436416
object_rd,20463616,20525040,16436416,16473440
object_po_sisters,20525056,20583360,16473440,16506416
object_heavy_object,20586496,20593376,16506416,16510112
object_gndd,20594688,20666880,16510112,16548032
object_fd,20668416,20734576,16548032,16584992
object_du,20738048,20813360,16584992,16632368
object_fw,20815872,20848096,16632368,16653920
object_horse_link_child,20848640,20884256,16653920,16678320
object_spot02_objects,20885504,20977184,16678320,16728352
object_haka,20979712,20984928,16728352,16732624
object_ru1,20987904,21068416,16732624,16791264
object_syokudai,21069824,21085328,16791264,16800080
object_fd2,21086208,21158544,16800080,16847152
object_dh,21159936,21196992,16847152,16875456
object_rl,21200896,21232464,16875456,16891232
object_efc_tw,21233664,21238512,16891232,16896256
object_demo_tre_lgt,21241856,21241872,16896256,16896288
object_gi_key,21245952,21248544,16896288,16897520
object_mir_ray,21250048,21257472,16897520,16899584
object_brob,21258240,21265056,16899584,16903104
object_gi_jewel,21266432,21280384,16903104,16911536
object_spot09_obj,21282816,21383312,16911536,16970752
object_spot18_obj,21385216,21436944,16970752,17000752
object_bdoor,21438464,21468608,17000752,17018016
object_spot17_obj,21471232,21477424,17018016,17022912
object_shop_dungen,21479424,21494304,17022912,17031856
object_nb,21495808,21594592,17031856,17097280
object_mo,21598208,21630064,17097280,17114336
object_sb,21630976,21642400,17114336,17119936
object_gi_melody,21643264,21646624,17119936,17121424
object_gi_heart,21647360,21647856,17121424,17121824
object_gi_compass,21651456,21654800,17121824,17123504
object_gi_bosskey,21655552,21659664,17123504,17125376
object_gi_medal,21663744,21685104,17125376,17131680
object_gi_nuts,21688320,21692864,17131680,17134624
object_sa,21696512,21783088,17134624,17193984
object_gi_hearts,21786624,21792688,17193984,17196384
object_gi_arrowcase,21794816,21798064,17196384,17198064
object_gi_bombpouch,21798912,21802592,17198064,17199760
object_in,21803008,21904464,17199760,17256416
object_tr,21905408,21982768,17256416,17304288
object_spot16_obj,21983232,21988608,17304288,17308512
object_oE1s,21991424,22017376,17308512,17321280
object_oE4s,22020096,22040064,17321280,17330832
object_os_anime,22040576,22083136,17330832,17366016
object_gi_bottle,22085632,22087920,17366016,17367312
object_gi_stick,22089728,22091456,17367312,17368624
object_gi_map,22093824,22098272,17368624,17371952
object_oF1d_map,22102016,22168992,17371952,17411776
object_ru2,22171648,22235344,17411776,17445808
object_gi_shield_1,22237184,22240592,17445808,17448592
object_dekujr,22241280,22254864,17448592,17455744
object_gi_magicpot,22257664,22262224,17455744,17457888
object_gi_bomb_1,22265856,22269104,17457888,17459440
object_oF1s,22269952,22304928,17459440,17476448
object_ma2,22306816,22347504,17476448,17499376
object_gi_purse,22347776,22354800,17499376,17505760
object_hni,22355968,22400880,17505760,17541264
object_tw,22401024,22637488,17541264,17690560
object_rr,22638592,22642176,17690560,17693040
object_bxa,22642688,22653936,17693040,17700784
object_anubice,22654976,22669728,17700784,17709472
object_gi_gerudo,22671360,22676288,17709472,17712640
object_gi_arrow,22679552,22686480,17712640,17715344
object_gi_bomb_2,22687744,22689440,17715344,17716544
object_gi_egg,22691840,22696736,17716544,17719056
object_gi_scale,22700032,22703600,17719056,17720944
object_gi_shield_2,22704128,22708336,17720944,17723360
object_gi_hookshot,22712320,22717792,17723360,17726208
object_gi_ocarina,22720512,22723504,17726208,17728048
object_gi_milk,22724608,22729840,17728048,17730464
object_ma1,22732800,22769024,17730464,17748656
object_ganon,22769664,22835456,17748656,17777280
object_sst,22839296,22943664,17777280,17816752
object_ny,22945792,22954352,17816752,17820624
object_fr,22958080,23004336,17820624,17838512
object_gi_pachinko,23007232,23010400,17838512,17840368
object_gi_boomerang,23011328,23014816,17840368,17842400
object_gi_bow,23015424,23018800,17842400,17844544
object_gi_glasses,23019520,23024000,17844544,17846608
object_gi_liquid,23027712,23034064,17846608,17849312
object_ani,23035904,23066368,17849312,17865088
object_demo_6k,23068672,23083936,17865088,17874848
object_gi_shield_3,23085056,23089856,17874848,17876720
object_gi_letter,23093248,23096832,17876720,17879056
object_spot15_obj,23097344,23104768,17879056,17882992
object_jya_obj,23105536,23220544,17882992,17937984
object_gi_clothes,23224320,23230560,17937984,17941648
object_gi_bean,23232512,23234752,17941648,17943152
object_gi_fish,23236608,23238992,17943152,17944624
object_gi_saw,23240704,23243648,17944624,17946400
object_gi_hammer,23244800,23248064,17946400,17948112
object_gi_grass,23248896,23251984,17948112,17950112
object_gi_longsword,23252992,23255232,17950112,17951552
object_spot01_objects,23257088,23266448,17951552,17958432
object_md,23269376,23310672,17958432,17981712
object_km1,23314432,23337408,17981712,17991856
object_kw1,23339008,23365856,17991856,18003424
object_zo,23367680,23416896,18003424,18027952
object_kz,23420928,23455456,18027952,18042768
object_umajump,23457792,23463024,18042768,18045728
object_masterkokiri,23465984,23467200,18045728,18046864
object_masterkokirihead,23470080,23481504,18046864,18052112
object_mastergolon,23482368,23482640,18052112,18052336
object_masterzoora,23486464,23488416,18052336,18054432
object_aob,23490560,23512752,18054432,18062784
object_ik,23515136,23647696,18062784,18156784
object_ahg,23650304,23673264,18156784,18168112
object_cne,23674880,23685584,18168112,18172736
object_gi_niwatori,23687168,23693808,18172736,18176912
object_skj,23695360,23731760,18176912,18202400
object_gi_bottle_letter,23732224,23735424,18202400,18204384
object_bji,23736320,23753104,18204384,18212016
object_bba,23756800,23773840,18212016,18219392
object_gi_ocarina_0,23777280,23780368,18219392,18221408
object_ds,23781376,23799680,18221408,18232144
object_ane,23801856,23830448,18232144,18243936
object_boj,23830528,23854272,18243936,18255728
object_spot03_object,23855104,23860832,18255728,18259136
object_spot07_object,23863296,23891248,18259136,18278160
object_fz,23891968,23905488,18278160,18282784
object_bob,23908352,23928608,18282784,18290352
object_ge1,23928832,23970992,18290352,18309408
object_yabusame_point,23973888,23977552,18309408,18310880
object_gi_boots_2,23977984,23985088,18310880,18314592
object_gi_seed,23986176,23988928,18314592,18316448
object_gnd_magic,23990272,23995008,18316448,18320768
object_d_elevator,23998464,24003472,18320768,18325696
object_d_hsblock,24006656,24012640,18325696,18330480
object_d_lift,24014848,24020992,18330480,18336400
object_mamenoki,24023040,24032992,18336400,18344544
object_goroiwa,24035328,24041632,18344544,18347952
object_toryo,24043520,24072544,18347952,18361872
object_daiku,24076288,24111216,18361872,18381536
object_nwc,24113152,24116640,18381536,18384272
object_blkobj,24117248,24197264,18384272,18432016
object_gm,24199168,24199888,18432016,18432608
object_ms,24203264,24219088,18432608,18440960
object_hs,24219648,24244848,18440960,18454128
object_ingate,24248320,24252912,18454128,18456080
object_lightswitch,24256512,24265760,18456080,18461344
object_kusa,24268800,24269696,18461344,18461936
object_tsubo,24272896,24279536,18461936,18467616
object_gi_gloves,24281088,24287584,18467616,18470720
object_gi_coin,24289280,24291408,18470720,18471872
object_kanban,24293376,24299440,18471872,18473552
object_gjyo_objects,24301568,24307184,18473552,18476832
object_owl,24309760,24375488,18476832,18507152
object_mk,24379392,24403456,18507152,18518800
object_fu,24403968,24431776,18518800,18533248
object_gi_ki_tan_mask,24432640,24436208,18533248,18535248
object_gi_redead_mask,24436736,24439440,18535248,18536592
object_gi_skj_mask,24440832,24444128,18536592,18538544
object_gi_rabit_mask,24444928,24448768,18538544,18540576
object_gi_truth_mask,24449024,24455264,18540576,18543744
object_ganon_objects,24457216,24461680,18543744,18546112
object_siofuki,24465408,24468912,18546112,18547840
object_stream,24469504,24472192,18547840,18549296
object_mm,24473600,24506480,18549296,18567424
object_fa,24510464,24525712,18567424,18573504
object_os,24526848,24544880,18573504,18583648
object_gi_eye_lotion,24547328,24549744,18583648,18584992
object_gi_powder,24551424,24554368,18584992,18586736
object_gi_mushroom,24555520,24558800,18586736,18588336
object_gi_ticketstone,24559616,24564384,18588336,18591280
object_gi_brokensword,24567808,24570256,18591280,18592656
object_js,24571904,24596272,18592656,18605248
object_cs,24596480,24630608,18605248,18621856
object_gi_prescription,24633344,24636448,18621856,18623232
object_gi_bracelet,24637440,24640496,18623232,18624736
object_gi_soldout,24641536,24642768,18624736,18625392
object_gi_frog,24645632,24650000,18625392,18627824
object_mag,24653824,24784960,18627824,18671760
object_door_gerudo,24788992,24791456,18671760,18672912
object_gt,24793088,24872432,18672912,18720432
object_efc_erupc,24875008,24885488,18720432,18726496
object_zl2_anime1,24887296,24933904,18726496,18761840
object_zl2_anime2,24936448,24980192,18761840,18798912
object_gi_golonmask,24981504,24987568,18798912,18802864
object_gi_zoramask,24989696,24995376,18802864,18806224
object_gi_gerudomask,24997888,25003008,18806224,18809904
object_ganon2,25006080,25221104,18809904,18969152
object_ka,25223168,25249728,18969152,18978944
object_ts,25251840,25272304,18978944,18988752
object_zg,25272320,25276928,18988752,18989472
object_gi_hoverboots,25280512,25288304,18989472,18993872
object_gi_m_arrow,25288704,25292416,18993872,18995600
object_ds2,25292800,25309808,18995600,19004112
object_ec,25313280,25364784,19004112,19048736
object_fish,25366528,25454064,19048736,19093536
object_gi_sutaru,25456640,25458256,19093536,19094448
object_gi_goddess,25460736,25463888,19094448,19095856
object_ssh,25464832,25488384,19095856,19108368
object_bigokuta,25489408,25517008,19108368,19123856
object_bg,25518080,25547456,19123856,19139040
object_spot05_objects,25550848,25555696,19139040,19142544
object_spot12_obj,25559040,25568192,19142544,19147408
object_bombiwa,25571328,25574144,19147408,19150128
object_hintnuts,25575424,25588032,19150128,19158848
object_rs,25591808,25610368,19158848,19168384
object_spot00_break,25612288,25620000,19168384,19174016
object_gla,25620480,25661168,19174016,19198672
object_shopnuts,25661440,25679248,19198672,19210064
object_geldb,25681920,25728752,19210064,19239280
object_gr,25731072,25771152,19239280,19252224
object_dog,25772032,25801376,19252224,19267088
object_jya_iron,25804800,25814624,19267088,19270912
object_jya_door,25817088,25825920,19270912,19274608
object_spot01_objects2,25829376,25829392,19274608,19274640
object_spot11_obj,25833472,25840272,19274640,19279840
object_kibako2,25841664,25845952,19279840,19283504
object_dns,25849856,25864144,19283504,19292880
object_dnk,25866240,25878064,19292880,19300288
object_gi_fire,25878528,25882592,19300288,19302816
object_gi_insect,25882624,25885680,19302816,19304672
object_gi_butterfly,25886720,25889744,19304672,19306512
object_gi_ghost,25890816,25894320,19306512,19308960
object_gi_soul,25894912,25898928,19308960,19311040
object_bowl,25899008,25912560,19311040,19316400
object_po_field,25915392,25942592,19316400,19333152
object_demo_kekkai,25944064,26004752,19333152,19368720
object_efc_doughnut,26005504,26009680,19368720,19370976
object_gi_dekupouch,26013696,26017872,19370976,19373616
object_ganon_anime1,26021888,26070080,19373616,19422160
object_ganon_anime2,26071040,26137904,19422160,19478048
object_ganon_anime3,26140672,26224624,19478048,19548528
object_gi_rupy,26226688,26228736,19548528,19549584
object_spot01_matoya,26230784,26246288,19549584,19560832
object_spot01_matoyab,26247168,26255840,19560832,19566256
object_po_composer,26259456,26288032,19566256,19583344
object_mu,26288128,26332752,19583344,19606672
object_wf,26333184,26375424,19606672,19631520
object_skb,26378240,26396688,19631520,19644944
object_gj,26398720,26441504,19644944,19678352
object_geff,26443776,26447792,19678352,19681744
object_haka_door,26447872,26462576,19681744,19688416
object_gs,26464256,26466944,19688416,19691216
object_ps,26468352,26519808,19691216,19716848
object_bwall,26521600,26526032,19716848,19719888
object_crow,26529792,26534096,19719888,19721856
object_cow,26537984,26558128,19721856,19732448
object_cob,26558464,26567184,19732448,19735776
object_gi_sword_1,26570752,26574112,19735776,19737616
object_door_killer,26574848,26581984,19737616,19739536
object_ouke_haka,26583040,26585456,19739536,19741920
object_timeblock,26587136,26590048,19741920,19744624
object_zl4,26591232,26709536,19744624,19823664
g_pn_01,26710016,26716928,19823664,19825984
g_pn_02,26718208,26725120,19825984,19828400
g_pn_03,26726400,26733312,19828400,19830512
g_pn_04,26734592,26741504,19830512,19832816
g_pn_05,26742784,26749696,19832816,19835136
g_pn_06,26750976,26757888,19835136,19838048
g_pn_07,26759168,26766080,19838048,19841488
g_pn_08,26767360,26774272,19841488,19844368
g_pn_09,26775552,26782464,19844368,19847328
g_pn_10,26783744,26790656,19847328,19849296
g_pn_11,26791936,26798848,19849296,19852432
g_pn_12,26800128,26807040,19852432,19854896
g_pn_13,26808320,26815232,19854896,19857696
g_pn_14,26816512,26823424,19857696,19860176
g_pn_15,26824704,26831616,19860176,19862544
g_pn_16,26832896,26839808,19862544,19864752
g_pn_17,26841088,26848000,19864752,19866272
g_pn_18,26849280,26856192,19866272,19868208
g_pn_19,26857472,26864384,19868208,19870448
g_pn_20,26865664,26872576,19870448,19872656
g_pn_21,26873856,26880768,19872656,19874816
g_pn_22,26882048,26888960,19874816,19877344
g_pn_23,26890240,26897152,19877344,19879136
g_pn_24,26898432,26905344,19879136,19881072
g_pn_25,26906624,26913536,19881072,19883632
g_pn_26,26914816,26921728,19883632,19886672
g_pn_27,26923008,26929920,19886672,19888880
g_pn_28,26931200,26938112,19888880,19891152
g_pn_29,26939392,26946304,19891152,19892784
g_pn_30,26947584,26954496,19892784,19894656
g_pn_31,26955776,26962688,19894656,19896880
g_pn_32,26963968,26970880,19896880,19899040
g_pn_33,26972160,26979072,19899040,19901168
g_pn_34,26980352,26987264,19901168,19903392
g_pn_35,26988544,26995456,19903392,19905760
g_pn_36,26996736,27003648,19905760,19907904
g_pn_37,27004928,27011840,19907904,19910576
g_pn_38,27013120,27020032,19910576,19912912
g_pn_39,27021312,27028224,19912912,19915872
g_pn_40,27029504,27036416,19915872,19918864
g_pn_41,27037696,27044608,19918864,19920944
g_pn_42,27045888,27052800,19920944,19923232
g_pn_43,27054080,27060992,19923232,19925632
g_pn_44,27062272,27069184,19925632,19928208
g_pn_45,27070464,27077376,19928208,19930544
g_pn_46,27078656,27085568,19930544,19932448
g_pn_47,27086848,27093760,19932448,19935504
g_pn_48,27095040,27101952,19935504,19937056
g_pn_49,27103232,27110144,19937056,19939808
g_pn_50,27111424,27118336,19939808,19942336
g_pn_51,27119616,27126528,19942336,19944592
g_pn_52,27127808,27134720,19944592,19947200
g_pn_53,27136000,27142912,19947200,19949728
g_pn_54,27144192,27151104,19949728,19952032
g_pn_55,27152384,27159296,19952032,19954656
g_pn_56,27160576,27167488,19954656,19957040
g_pn_57,27168768,27175680,19957040,19957552
z_select_static,27176960,27185664,19957552,19959584
nintendo_rogo_static,27189248,27200960,19959584,19965584
title_static,27201536,27436480,19965584,20099824
parameter_static,27439104,27454208,20099824,20104112
vr_fine0_static,27455488,27504640,20104112,20115008
vr_fine0_pal_static,27504640,27504896,20115008,0
vr_fine1_static,27508736,27557888,20115264,20140272
vr_fine1_pal_static,27557888,27558144,20140272,0
vr_fine2_static,27561984,27611136,20140528,20160928
vr_fine2_pal_static,27611136,27611392,20160928,0
vr_fine3_static,27615232,27664384,20161184,20176784
vr_fine3_pal_static,27664384,27664640,20176784,0
vr_cloud0_static,27668480,27717632,20177040,20204656
vr_cloud0_pal_static,27717632,27717888,20204656,0
vr_cloud1_static,27721728,27770880,20204912,20233392
vr_cloud1_pal_static,27770880,27771136,20233392,0
vr_cloud2_static,27774976,27824128,20233648,20263152
vr_cloud2_pal_static,27824128,27824384,20263152,0
vr_cloud3_static,27828224,27877376,20263408,20283520
vr_cloud3_pal_static,27877376,27877632,20283520,0
vr_holy0_static,27881472,27947008,20283776,20310672
vr_holy0_pal_static,27947008,27947264,20310672,0
vr_holy1_static,27951104,28016640,20310928,20337744
vr_holy1_pal_static,28016640,28016896,20337744,0
vr_MDVR_static,28020736,28282880,20338000,20521360
vr_MDVR_pal_static,28282880,28284928,20521360,0
vr_MNVR_static,28286976,28549120,20523408,20679328
vr_MNVR_pal_static,28549120,28551168,20679328,0
vr_RUVR_static,28553216,28815360,20681376,20900608
vr_RUVR_pal_static,28815360,28817408,20900608,0
vr_LHVR_static,28819456,29081600,20902656,21152608
vr_LHVR_pal_static,29081600,29083648,21152608,0
vr_KHVR_static,29085696,29347840,21154656,21391872
vr_KHVR_pal_static,29347840,29349888,21391872,0
vr_K3VR_static,29351936,29548544,21393920,21568832
vr_K3VR_pal_static,29548544,29550080,21568832,0
vr_K4VR_static,29552640,29749248,21570368,21753536
vr_K4VR_pal_static,29749248,29750784,21753536,0
vr_K5VR_static,29753344,29949952,21755072,21929904
vr_K5VR_pal_static,29949952,29951488,21929904,0
vr_SP1a_static,29954048,30085120,21931440,21991568
vr_SP1a_pal_static,30085120,30086144,21991568,0
vr_MLVR_static,30089216,30351360,21992592,22226144
vr_MLVR_pal_static,30351360,30353408,22226144,0
vr_KKRVR_static,30355456,30617600,22228192,22372336
vr_KKRVR_pal_static,30617600,30619648,22372336,0
vr_KR3VR_static,30621696,30818304,22374384,22487104
vr_KR3VR_pal_static,30818304,30819840,22487104,0
vr_IPVR_static,30822400,31084544,22488640,22630112
vr_IPVR_pal_static,31084544,31086592,22630112,0
vr_KSVR_static,31088640,31219712,22632160,22730736
vr_KSVR_pal_static,31219712,31220736,22730736,0
vr_GLVR_static,31223808,31354880,22731760,22847152
vr_GLVR_pal_static,31354880,31355904,22847152,0
vr_ZRVR_static,31358976,31490048,22848176,22945984
vr_ZRVR_pal_static,31490048,31491072,22945984,0
vr_DGVR_static,31494144,31625216,22947008,23030688
vr_DGVR_pal_static,31625216,31626240,23030688,0
vr_ALVR_static,31629312,31760384,23031712,23130416
vr_ALVR_pal_static,31760384,31761408,23130416,0
vr_NSVR_static,31764480,31895552,23131440,23219264
vr_NSVR_pal_static,31895552,31896576,23219264,0
vr_LBVR_static,31899648,32161792,23220288,23398992
vr_LBVR_pal_static,32161792,32163840,23398992,0
vr_TTVR_static,32165888,32362496,23401040,23535552
vr_TTVR_pal_static,32362496,32364032,23535552,0
vr_FCVR_static,32366592,32497664,23537088,23612112
vr_FCVR_pal_static,32497664,32498688,23612112,0
elf_message_field,32501760,32501872,23613136,23613280
elf_message_ydan,32505856,32505872,23613280,23613312
ydan_scene,32509952,32565776,23613312,23646768
ydan_room_0,32567296,32654064,23646768,23700304
ydan_room_1,32657408,32674128,23700304,23713952
ydan_room_2,32677888,32702000,23713952,23731488
ydan_room_3,32702464,32784800,23731488,23787424
ydan_room_4,32788480,32807888,23787424,23801744
ydan_room_5,32808960,32842528,23801744,23825408
ydan_room_6,32845824,32865984,23825408,23840960
ydan_room_7,32866304,32901392,23840960,23869536
ydan_room_8,32903168,32906496,23869536,23871728
ydan_room_9,32907264,32946336,23871728,23903168
ydan_room_10,32948224,32968064,23903168,23916704
ydan_room_11,32968704,32997744,23916704,23934352
ddan_scene,33001472,33087808,23934352,23985440
ddan_room_0,33091584,33204384,23985440,24039856
ddan_room_1,33206272,33245952,24039856,24061584
ddan_room_2,33247232,33279392,24061584,24079872
ddan_room_3,33280000,33336768,24079872,24109872
ddan_room_4,33337344,33376336,24109872,24129504
ddan_room_5,33378304,33402592,24129504,24142880
ddan_room_6,33402880,33412096,24142880,24149056
ddan_room_7,33415168,33445584,24149056,24164080
ddan_room_8,33447936,33485824,24164080,24187968
ddan_room_9,33488896,33535312,24187968,24213600
ddan_room_10,33538048,33570384,24213600,24233408
ddan_room_11,33570816,33579136,24233408,24238720
ddan_room_12,33583104,33617712,24238720,24259328
ddan_room_13,33619968,33629312,24259328,24265584
ddan_room_14,33632256,33641616,24265584,24271792
ddan_room_15,33644544,33654864,24271792,24278864
ddan_room_16,33656832,33678672,24278864,24294816
bdan_scene,33681408,33769408,24294816,24351456
bdan_room_0,33771520,33788016,24351456,24360320
bdan_room_1,33792000,33816208,24360320,24369888
bdan_room_2,33816576,33853904,24369888,24391168
bdan_room_3,33857536,33886560,24391168,24410000
bdan_room_4,33890304,33906768,24410000,24418016
bdan_room_5,33910784,33935392,24418016,24433648
bdan_room_6,33939456,33956416,24433648,24440928
bdan_room_7,33959936,33973536,24440928,24448304
bdan_room_8,33976320,33990784,24448304,24453312
bdan_room_9,33992704,34008176,24453312,24459424
bdan_room_10,34009088,34023472,24459424,24464368
bdan_room_11,34025472,34039808,24464368,24469344
bdan_room_12,34041856,34057424,24469344,24475536
bdan_room_13,34058240,34069328,24475536,24483936
bdan_room_14,34070528,34095584,24483936,24498528
bdan_room_15,34099200,34109152,24498528,24502224
Bmori1_scene,34111488,34201488,24502224,24555040
Bmori1_room_0,34201600,34257760,24555040,24589968
Bmori1_room_1,34258944,34282320,24589968,24601808
Bmori1_room_2,34283520,34347424,24601808,24632256
Bmori1_room_3,34349056,34363888,24632256,24639392
Bmori1_room_4,34365440,34378416,24639392,24644336
Bmori1_room_5,34381824,34395584,24644336,24651328
Bmori1_room_6,34398208,34436128,24651328,24666320
Bmori1_room_7,34439168,34516848,24666320,24705456
Bmori1_room_8,34516992,34613904,24705456,24752704
Bmori1_room_9,34615296,34656560,24752704,24772304
Bmori1_room_10,34660352,34681808,24772304,24785840
Bmori1_room_11,34684928,34728800,24785840,24803392
Bmori1_room_12,34729984,34763728,24803392,24821216
Bmori1_room_13,34766848,34802336,24821216,24839312
Bmori1_room_14,34803712,34827072,24839312,24851136
Bmori1_room_15,34828288,34838160,24851136,24857616
Bmori1_room_16,34840576,34860960,24857616,24867152
Bmori1_room_17,34861056,34898112,24867152,24882752
Bmori1_room_18,34902016,34906944,24882752,24885408
Bmori1_room_19,34910208,34911504,24885408,24886208
Bmori1_room_20,34914304,34919168,24886208,24889696
Bmori1_room_21,34922496,34928512,24889696,24892832
Bmori1_room_22,34930688,34938336,24892832,24896240
HIDAN_scene,34938880,35047792,24896240,24959840
HIDAN_room_0,35049472,35078848,24959840,24973408
HIDAN_room_1,35082240,35133920,24973408,24998864
HIDAN_room_2,35135488,35200976,24998864,25027392
HIDAN_room_3,35201024,35210464,25027392,25032480
HIDAN_room_4,35213312,35244176,25032480,25047008
HIDAN_room_5,35246080,35287600,25047008,25063744
HIDAN_room_6,35291136,35319712,25063744,25078640
HIDAN_room_7,35319808,35334624,25078640,25086096
HIDAN_room_8,35336192,35375808,25086096,25106416
HIDAN_room_9,35377152,35411824,25106416,25121728
HIDAN_room_10,35414016,35513504,25121728,25162624
HIDAN_room_11,35516416,35530688,25162624,25169712
HIDAN_room_12,35532800,35543936,25169712,25174592
HIDAN_room_13,35545088,35597280,25174592,25194832
HIDAN_room_14,35598336,35607136,25194832,25199520
HIDAN_room_15,35610624,35615184,25199520,25201984
HIDAN_room_16,35618816,35666288,25201984,25226240
HIDAN_room_17,35667968,35705152,25226240,25242464
HIDAN_room_18,35708928,35724160,25242464,25250608
HIDAN_room_19,35725312,35742176,25250608,25259056
HIDAN_room_20,35745792,35773712,25259056,25273296
HIDAN_room_21,35774464,35808448,25273296,25291792
HIDAN_room_22,35811328,35838720,25291792,25305744
HIDAN_room_23,35840000,35867936,25305744,25320048
HIDAN_room_24,35868672,35890496,25320048,25330272
HIDAN_room_25,35893248,35920608,25330272,25344752
HIDAN_room_26,35921920,35948704,25344752,25356352
MIZUsin_scene,35950592,36039920,25356352,25404736
MIZUsin_room_0,36040704,36129920,25404736,25449936
MIZUsin_room_1,36130816,36172128,25449936,25470032
MIZUsin_room_2,36175872,36199312,25470032,25483520
MIZUsin_room_3,36200448,36226832,25483520,25497840
MIZUsin_room_4,36229120,36253664,25497840,25512160
MIZUsin_room_5,36253696,36296176,25512160,25537952
MIZUsin_room_6,36298752,36344512,25537952,25564048
MIZUsin_room_7,36347904,36369744,25564048,25576320
MIZUsin_room_8,36372480,36429008,25576320,25609888
MIZUsin_room_9,36429824,36462560,25609888,25627984
MIZUsin_room_10,36462592,36487088,25627984,25640624
MIZUsin_room_11,36487168,36506032,25640624,25651344
MIZUsin_room_12,36507648,36535696,25651344,25665536
MIZUsin_room_13,36536320,36538880,25665536,25666960
MIZUsin_room_14,36540416,36568672,25666960,25681904
MIZUsin_room_15,36569088,36598832,25681904,25699424
MIZUsin_room_16,36601856,36616912,25699424,25709072
MIZUsin_room_17,36618240,36653600,25709072,25726448
MIZUsin_room_18,36655104,36671680,25726448,25736528
MIZUsin_room_19,36675584,36690224,25736528,25746320
MIZUsin_room_20,36691968,36718400,25746320,25762064
MIZUsin_room_21,36720640,36750496,25762064,25778448
MIZUsin_room_22,36753408,36790512,25778448,25797984
jyasinzou_scene,36794368,36899648,25797984,25862752
jyasinzou_room_0,36900864,36970304,25862752,25898240
jyasinzou_room_1,36970496,37008128,25898240,25916768
jyasinzou_room_2,37011456,37035024,25916768,25927440
jyasinzou_room_3,37036032,37051216,25927440,25936752
jyasinzou_room_4,37052416,37081712,25936752,25953808
jyasinzou_room_5,37085184,37183296,25953808,26003344
jyasinzou_room_6,37183488,37201920,26003344,26011504
jyasinzou_room_7,37203968,37225744,26011504,26021392
jyasinzou_room_8,37228544,37261424,26021392,26037152
jyasinzou_room_9,37265408,37289456,26037152,26047904
jyasinzou_room_10,37289984,37323168,26047904,26063248
jyasinzou_room_11,37326848,37330960,26063248,26065888
jyasinzou_room_12,37335040,37343328,26065888,26071024
jyasinzou_room_13,37347328,37369936,26071024,26084912
jyasinzou_room_14,37371904,37391504,26084912,26094608
jyasinzou_room_15,37392384,37426288,26094608,26110336
jyasinzou_room_16,37429248,37454224,26110336,26121808
jyasinzou_room_17,37457920,37496336,26121808,26138480
jyasinzou_room_18,37498880,37522608,26138480,26150400
jyasinzou_room_19,37523456,37547488,26150400,26161120
jyasinzou_room_20,37548032,37581248,26161120,26176464
jyasinzou_room_21,37584896,37602896,26176464,26185904
jyasinzou_room_22,37605376,37617872,26185904,26193088
jyasinzou_room_23,37621760,37659024,26193088,26212112
jyasinzou_room_24,37662720,37688496,26212112,26223936
jyasinzou_room_25,37691392,37780336,26223936,26270048
jyasinzou_room_26,37781504,37833504,26270048,26298112
jyasinzou_room_27,37834752,37856960,26298112,26305888
jyasinzou_room_28,37859328,37894688,26305888,26323728
HAKAdan_scene,37896192,37995456,26323728,26382064
HAKAdan_room_0,37998592,38043840,26382064,26397360
HAKAdan_room_1,38047744,38054592,26397360,26401040
HAKAdan_room_2,38055936,38099216,26401040,26423376
HAKAdan_room_3,38100992,38111552,26423376,26430080
HAKAdan_room_4,38113280,38120512,26430080,26433888
HAKAdan_room_5,38121472,38144608,26433888,26445584
HAKAdan_room_6,38146048,38176112,26445584,26459424
HAKAdan_room_7,38178816,38185648,26459424,26463072
HAKAdan_room_8,38187008,38207584,26463072,26472944
HAKAdan_room_9,38211584,38263648,26472944,26497776
HAKAdan_room_10,38264832,38295456,26497776,26513104
HAKAdan_room_11,38297600,38313280,26513104,26522368
HAKAdan_room_12,38313984,38336288,26522368,26533696
HAKAdan_room_13,38338560,38342576,26533696,26536592
HAKAdan_room_14,38342656,38365504,26536592,26548416
HAKAdan_room_15,38367232,38396528,26548416,26560864
HAKAdan_room_16,38400000,38410368,26560864,26566336
HAKAdan_room_17,38412288,38423760,26566336,26572832
HAKAdan_room_18,38424576,38478464,26572832,26591712
HAKAdan_room_19,38481920,38493472,26591712,26598576
HAKAdan_room_20,38494208,38501920,26598576,26602624
HAKAdan_room_21,38502400,38548656,26602624,26626656
HAKAdan_room_22,38551552,38562208,26626656,26633504
HAKAdanCH_scene,38563840,38614368,26633504,26664288
HAKAdanCH_room_0,38617088,38704624,26664288,26706720
HAKAdanCH_room_1,38707200,38752976,26706720,26725664
HAKAdanCH_room_2,38756352,38769040,26725664,26730896
HAKAdanCH_room_3,38772736,38780000,26730896,26734480
HAKAdanCH_room_4,38780928,38790224,26734480,26740192
HAKAdanCH_room_5,38793216,38803808,26740192,26746464
HAKAdanCH_room_6,38805504,38817408,26746464,26755440
ice_doukutu_scene,38817792,38888944,26755440,26812672
ice_doukutu_room_0,38891520,38925920,26812672,26840144
ice_doukutu_room_1,38928384,38978880,26840144,26876224
ice_doukutu_room_2,38981632,39004912,26876224,26894320
ice_doukutu_room_3,39006208,39039104,26894320,26917168
ice_doukutu_room_4,39043072,39073392,26917168,26939712
ice_doukutu_room_5,39075840,39110800,26939712,26963216
ice_doukutu_room_6,39112704,39129696,26963216,26975296
ice_doukutu_room_7,39133184,39155952,26975296,26988432
ice_doukutu_room_8,39157760,39164240,26988432,26992176
ice_doukutu_room_9,39165952,39200336,26992176,27013504
ice_doukutu_room_10,39202816,39220192,27013504,27027392
ice_doukutu_room_11,39223296,39246080,27027392,27042768
men_scene,39247872,39318832,27042768,27089264
men_room_0,39321600,39387024,27089264,27126576
men_room_1,39387136,39424656,27126576,27148800
men_room_2,39428096,39448448,27148800,27159344
men_room_3,39448576,39480352,27159344,27178864
men_room_4,39481344,39522640,27178864,27206240
men_room_5,39526400,39547104,27206240,27220416
men_room_6,39550976,39583552,27220416,27240736
men_room_7,39583744,39617328,27240736,27262512
men_room_8,39620608,39653904,27262512,27276400
men_room_9,39657472,39672048,27276400,27284912
men_room_10,39673856,39697504,27284912,27300400
ganontika_scene,39698432,39835584,27300400,27384896
ganontika_room_0,39837696,39875008,27384896,27397776
ganontika_room_1,39878656,39995824,27397776,27450240
ganontika_room_2,39997440,40028128,27450240,27466080
ganontika_room_3,40030208,40069520,27466080,27486768
ganontika_room_4,40071168,40103056,27486768,27501872
ganontika_room_5,40103936,40133952,27501872,27515984
ganontika_room_6,40136704,40201200,27515984,27538368
ganontika_room_7,40202240,40234128,27538368,27553984
ganontika_room_8,40235008,40271984,27553984,27569376
ganontika_room_9,40275968,40323216,27569376,27584768
ganontika_room_10,40325120,40352624,27584768,27597168
ganontika_room_11,40353792,40380752,27597168,27609360
ganontika_room_12,40382464,40428400,27609360,27629312
ganontika_room_13,40431616,40463680,27629312,27645104
ganontika_room_14,40464384,40505760,27645104,27661648
ganontika_room_15,40509440,40541504,27661648,27677440
ganontika_room_16,40542208,40554016,27677440,27681936
ganontika_room_17,40554496,40588960,27681936,27693952
ganontika_room_18,40591360,40642160,27693952,27713104
ganontika_room_19,40644608,40676672,27713104,27728880
spot00_scene,40677376,40849952,27728880,27836064
spot00_room_0,40853504,40940080,27836064,27873008
spot01_scene,40943616,41058640,27873008,27950704
spot01_room_0,41062400,41103072,27950704,27968864
spot02_scene,41103360,41151616,27968864,27998656
spot02_room_0,41152512,41162464,27998656,28002224
spot02_room_1,41164800,41287568,28002224,28076848
spot03_scene,41287680,41334112,28076848,28110736
spot03_room_0,41336832,41392512,28110736,28140080
spot03_room_1,41394176,41424128,28140080,28157376
spot04_scene,41426944,41497152,28157376,28202688
spot04_room_0,41500672,41612432,28202688,28267456
spot04_room_1,41615360,41649536,28267456,28287744
spot04_room_2,41652224,41672816,28287744,28300256
spot05_scene,41676800,41762144,28300256,28356560
spot05_room_0,41762816,41803520,28356560,28372912
spot06_scene,41803776,41915440,28372912,28450448
spot06_room_0,41918464,41960992,28450448,28470544
spot07_scene,41963520,42002464,28470544,28500448
spot07_room_0,42004480,42029808,28500448,28511472
spot07_room_1,42033152,42084768,28511472,28537968
spot08_scene,42086400,42157728,28537968,28591856
spot08_room_0,42160128,42193248,28591856,28607552
spot09_scene,42196992,42266976,28607552,28653840
spot09_room_0,42270720,42305472,28653840,28669264
spot10_scene,42307584,42374192,28669264,28712960
spot10_room_0,42377216,42386928,28712960,28716640
spot10_room_1,42389504,42423344,28716640,28735328
spot10_room_2,42426368,42445808,28735328,28745184
spot10_room_3,42446848,42470064,28745184,28757808
spot10_room_4,42471424,42480848,28757808,28761232
spot10_room_5,42483712,42512368,28761232,28774832
spot10_room_6,42512384,42527472,28774832,28784080
spot10_room_7,42528768,42538432,28784080,28787584
spot10_room_8,42541056,42550896,28787584,28791152
spot10_room_9,42553344,42568672,28791152,28799712
spot11_scene,42569728,42673376,28799712,28872544
spot11_room_0,42676224,42727360,28872544,28899696
spot12_scene,42729472,42794624,28899696,28940880
spot12_room_0,42795008,42866112,28940880,28978656
spot12_room_1,42868736,42918048,28978656,29006288
spot13_scene,42921984,42946096,29006288,29022720
spot13_room_0,42946560,42948880,29022720,29024064
spot13_room_1,42950656,43027008,29024064,29070032
spot15_scene,43028480,43128064,29070032,29137712
spot15_room_0,43130880,43184576,29137712,29161280
spot16_scene,43188224,43313808,29161280,29252032
spot16_room_0,43315200,43359504,29252032,29274224
spot17_scene,43360256,43425504,29274224,29318960
spot17_room_0,43425792,43452544,29318960,29332864
spot17_room_1,43454464,43529056,29332864,29368752
spot18_scene,43532288,43574352,29368752,29395872
spot18_room_0,43577344,43653072,29395872,29438784
spot18_room_1,43655168,43680256,29438784,29454784
spot18_room_2,43683840,43755952,29454784,29496224
spot18_room_3,43757568,43879664,29496224,29561952
market_day_scene,43880448,43890288,29561952,29567376
market_day_room_0,43892736,43915376,29567376,29573120
market_night_scene,43917312,43927088,29573120,29578432
market_night_room_0,43929600,43952032,29578432,29584032
kenjyanoma_scene,43954176,43968752,29584032,29589920
kenjyanoma_room_0,43970560,44048656,29589920,29628928
tokinoma_scene,44052480,44128160,29628928,29661536
tokinoma_room_0,44130304,44224992,29661536,29693664
tokinoma_room_1,44228608,44257488,29693664,29705200
link_home_scene,44261376,44268384,29705200,29708384
link_home_room_0,44269568,44432512,29708384,29738592
kokiri_shop_scene,44433408,44435840,29738592,29740064
kokiri_shop_room_0,44437504,44637328,29740064,29771824
kokiri_home_scene,44638208,44641472,29771824,29773728
kokiri_home_room_0,44642304,44821552,29773728,29808384
kakusiana_scene,44822528,44877856,29808384,29849536
kakusiana_room_0,44879872,44909216,29849536,29868000
kakusiana_room_1,44912640,44933520,29868000,29882544
kakusiana_room_2,44937216,44947648,29882544,29889200
kakusiana_room_3,44949504,44970288,29889200,29903760
kakusiana_room_4,44974080,45005152,29903760,29926208
kakusiana_room_5,45006848,45024992,29926208,29941248
kakusiana_room_6,45027328,45050480,29941248,29955488
kakusiana_room_7,45051904,45068240,29955488,29967152
kakusiana_room_8,45068288,45082160,29967152,29975136
kakusiana_room_9,45084672,45107920,29975136,29989424
kakusiana_room_10,45109248,45132336,29989424,30008960
kakusiana_room_11,45133824,45168304,30008960,30030304
kakusiana_room_12,45170688,45203024,30030304,30050656
kakusiana_room_13,45203456,45231824,30050656,30071728
entra_scene,45232128,45233120,30071728,30072352
entra_room_0,45236224,45390704,30072352,30102432
moribossroom_scene,45391872,45398272,30102432,30107600
moribossroom_room_0,45400064,45424320,30107600,30122560
moribossroom_room_1,45424640,45480624,30122560,30150656
syatekijyou_scene,45481984,45531840,30150656,30180624
syatekijyou_room_0,45535232,45565680,30180624,30190496
shop1_scene,45568000,45568752,30190496,30190960
shop1_room_0,45572096,45742000,30190960,30213328
hairal_niwa_scene,45744128,45814672,30213328,30258272
hairal_niwa_room_0,45817856,45861088,30258272,30274608
ganon_tou_scene,45862912,45882224,30274608,30288640
ganon_tou_room_0,45883392,45964016,30288640,30338320
market_alley_scene,45965312,45970000,30338320,30340752
market_alley_room_0,45973504,46454528,30340752,30410240
spot20_scene,46456832,46529984,30410240,30455216
spot20_room_0,46530560,46556880,30455216,30465504
market_ruins_scene,46559232,46564912,30465504,30468656
market_ruins_room_0,46567424,46577696,30468656,30471168
entra_n_scene,46579712,46580784,30471168,30471824
entra_n_room_0,46583808,46738288,30471824,30492336
enrui_scene,46739456,46740448,30492336,30492960
enrui_room_0,46743552,46898016,30492960,30519040
market_alley_n_scene,46899200,46904048,30519040,30521584
market_alley_n_room_0,46907392,47388400,30521584,30573840
hiral_demo_scene,47390720,47406416,30573840,30579776
hiral_demo_room_0,47407104,47408704,30579776,30580224
kokiri_home3_scene,47411200,47417248,30580224,30583616
kokiri_home3_room_0,47419392,47642128,30583616,30628144
malon_stable_scene,47644672,47646320,30628144,30629072
malon_stable_room_0,47648768,47837776,30629072,30659424
kakariko_scene,47841280,47845024,30659424,30661648
kakariko_room_0,47845376,48021440,30661648,30684288
bdan_boss_scene,48021504,48025152,30684288,30686672
bdan_boss_room_0,48025600,48037920,30686672,30694288
bdan_boss_room_1,48041984,48062656,30694288,30705136
FIRE_bs_scene,48066560,48086016,30705136,30717552
FIRE_bs_room_0,48087040,48104048,30717552,30727200
FIRE_bs_room_1,48107520,48136160,30727200,30742352
hut_scene,48136192,48137488,30742352,30743120
hut_room_0,48140288,48309664,30743120,30764160
daiyousei_izumi_scene,48312320,48369664,30764160,30791920
daiyousei_izumi_room_0,48369664,48384272,30791920,30797840
hakaana_scene,48386048,48388752,30797840,30799424
hakaana_room_0,48390144,48421072,30799424,30817024
yousei_izumi_tate_scene,48422912,48457744,30817024,30840704
yousei_izumi_tate_room_0,48459776,48476880,30840704,30847744
yousei_izumi_yoko_scene,48480256,48532896,30847744,30871776
yousei_izumi_yoko_room_0,48533504,48549904,30871776,30878656
golon_scene,48553984,48554912,30878656,30879248
golon_room_0,48558080,48714192,30879248,30898064
zoora_scene,48717824,48718736,30898064,30898656
zoora_room_0,48721920,48878048,30898656,30919744
drag_scene,48881664,48882672,30919744,30920368
drag_room_0,48885760,49065568,30920368,30945856
alley_shop_scene,49065984,49067440,30945856,30946752
alley_shop_room_0,49070080,49228848,30946752,30966384
night_shop_scene,49229824,49231472,30966384,30967456
night_shop_room_0,49233920,49400160,30967456,30989056
impa_scene,49401856,49405200,30989056,30990928
impa_room_0,49405952,49565600,30990928,31009408
labo_scene,49565696,49569520,31009408,31011504
labo_room_0,49569792,49751792,31011504,31039904
tent_scene,49754112,49755776,31039904,31040896
tent_room_0,49758208,49968800,31040896,31078400
nakaniwa_scene,49971200,49986080,31078400,31084816
nakaniwa_room_0,49987584,50085568,31084816,31142624
ddan_boss_scene,50085888,50096224,31142624,31151552
ddan_boss_room_0,50098176,50118192,31151552,31160800
ddan_boss_room_1,50118656,50134496,31160800,31171232
ydan_boss_scene,50135040,50140992,31171232,31176160
ydan_boss_room_0,50143232,50171888,31176160,31200352
ydan_boss_room_1,50171904,50198512,31200352,31216144
HAKAdan_bs_scene,50200576,50210688,31216144,31223408
HAKAdan_bs_room_0,50212864,50223584,31223408,31227696
HAKAdan_bs_room_1,50225152,50249552,31227696,31242576
MIZUsin_bs_scene,50249728,50256480,31242576,31246224
MIZUsin_bs_room_0,50257920,50275440,31246224,31257632
MIZUsin_bs_room_1,50278400,50324208,31257632,31281248
ganon_scene,50327552,50395056,31281248,31321696
ganon_room_0,50397184,50429648,31321696,31335360
ganon_room_1,50429952,50460528,31335360,31346352
ganon_room_2,50462720,50493520,31346352,31359568
ganon_room_3,50495488,50526000,31359568,31371264
ganon_room_4,50528256,50565328,31371264,31389232
ganon_room_5,50569216,50604816,31389232,31405200
ganon_room_6,50606080,50645920,31405200,31422816
ganon_room_7,50647040,50689952,31422816,31440784
ganon_room_8,50692096,50719712,31440784,31453344
ganon_room_9,50720768,50743584,31453344,31468592
ganon_boss_scene,50745344,50777120,31468592,31492816
ganon_boss_room_0,50778112,50802304,31492816,31498816
jyasinboss_scene,50802688,50838768,31498816,31517136
jyasinboss_room_0,50839552,50843600,31517136,31519296
jyasinboss_room_1,50843648,50875968,31519296,31535216
jyasinboss_room_2,50876416,50892224,31535216,31541760
jyasinboss_room_3,50892800,50939648,31541760,31570672
kokiri_home4_scene,50941952,50948784,31570672,31574736
kokiri_home4_room_0,50950144,51181904,31574736,31626480
kokiri_home5_scene,51183616,51188752,31626480,31629488
kokiri_home5_room_0,51191808,51392352,31629488,31668128
ganon_final_scene,51392512,51466624,31668128,31721536
ganon_final_room_0,51470336,51523248,31721536,31742080
kakariko3_scene,51523584,51525696,31742080,31743312
kakariko3_room_0,51527680,51701120,31743312,31769952
hakasitarelay_scene,51703808,51761776,31769952,31807296
hakasitarelay_room_0,51765248,51794624,31807296,31825136
hakasitarelay_room_1,51798016,51824416,31825136,31840112
hakasitarelay_room_2,51826688,51860656,31840112,31858736
hakasitarelay_room_3,51863552,51899616,31858736,31881264
hakasitarelay_room_4,51900416,51917952,31881264,31894320
hakasitarelay_room_5,51920896,51938384,31894320,31906640
hakasitarelay_room_6,51941376,51972784,31906640,31926912
shrine_scene,51974144,51979488,31926912,31929808
shrine_room_0,51982336,52321008,31929808,31985008
turibori_scene,52322304,52397792,31985008,32037616
turibori_room_0,52400128,52426592,32037616,32049856
shrine_n_scene,52428800,52434176,32049856,32052768
shrine_n_room_0,52436992,52775696,32052768,32094784
shrine_r_scene,52776960,52782224,32094784,32097584
shrine_r_room_0,52785152,53123824,32097584,32140464
hakaana2_scene,53125120,53178512,32140464,32179312
hakaana2_room_0,53182464,53209104,32179312,32190160
gerudoway_scene,53211136,53266720,32190160,32221856
gerudoway_room_0,53268480,53288256,32221856,32231648
gerudoway_room_1,53288960,53318320,32231648,32246016
gerudoway_room_2,53321728,53337680,32246016,32252464
gerudoway_room_3,53338112,53383952,32252464,32273552
gerudoway_room_4,53387264,53401888,32273552,32279840
gerudoway_room_5,53403648,53423680,32279840,32287760
hairal_niwa_n_scene,53424128,53461232,32287760,32313392
hairal_niwa_n_room_0,53465088,53478944,32313392,32318384
bowling_scene,53481472,53541664,32318384,32352448
bowling_room_0,53542912,53567968,32352448,32362496
hakaana_ouke_scene,53571584,53590752,32362496,32374096
hakaana_ouke_room_0,53592064,53635072,32374096,32393520
hakaana_ouke_room_1,53637120,53655552,32393520,32403696
hakaana_ouke_room_2,53657600,53682448,32403696,32419808
hylia_labo_scene,53686272,53756048,32419808,32459440
hylia_labo_room_0,53760000,53790160,32459440,32470864
souko_scene,53792768,53820432,32470864,32486720
souko_room_0,53821440,53859648,32486720,32507456
souko_room_1,53862400,53904432,32507456,32529232
souko_room_2,53907456,53940608,32529232,32546672
miharigoya_scene,53944320,53994832,32546672,32576560
miharigoya_room_0,53997568,54013360,32576560,32582160
mahouya_scene,54013952,54057504,32582160,32610992
mahouya_room_0,54059008,54086288,32610992,32621504
takaraya_scene,54087680,54116784,32621504,32637344
takaraya_room_0,54120448,54160832,32637344,32659200
takaraya_room_1,54161408,54169600,32659200,32663088
takaraya_room_2,54169600,54177840,32663088,32667008
takaraya_room_3,54181888,54192160,32667008,32672560
takaraya_room_4,54194176,54206496,32672560,32679456
takaraya_room_5,54210560,54222848,32679456,32686304
takaraya_room_6,54222848,54233856,32686304,32692208
ganon_sonogo_scene,54235136,54267664,32692208,32710800
ganon_sonogo_room_0,54267904,54300288,32710800,32724816
ganon_sonogo_room_1,54300672,54332336,32724816,32738704
ganon_sonogo_room_2,54333440,54369440,32738704,32756960
ganon_sonogo_room_3,54370304,54392384,32756960,32766432
ganon_sonogo_room_4,54394880,54430960,32766432,32784096
ganon_demo_scene,54431744,54468720,32784096,32814080
ganon_demo_room_0,54472704,54489424,32814080,32823072
face_shop_scene,54493184,54494064,32823072,32823632
face_shop_room_0,54497280,54687296,32823632,32858192
kinsuta_scene,54689792,54695440,32858192,32861680
kinsuta_room_0,54697984,54755488,32861680,32901680
ganontikasonogo_scene,54759424,54778624,32901680,32912720
ganontikasonogo_room_0,54779904,54877056,32912720,32955856
ganontikasonogo_room_1,54878208,54918944,32955856,32972464
bump_texture_static,54919168,54920192,32972464,32973136
anime_model_1_static,54923264,54923280,32973136,32973168
anime_model_2_static,54927360,54927376,32973168,32973200
anime_model_3_static,54931456,54931472,32973200,32973232
anime_model_4_static,54935552,54935568,32973232,32973264
anime_model_5_static,54939648,54939664,32973264,32973296
anime_model_6_static,54943744,54943760,32973296,32973328
anime_texture_1_static,54947840,54947856,32973328,32973360
anime_texture_2_static,54951936,54951952,32973360,32973392
anime_texture_3_static,54956032,54956048,32973392,32973424
anime_texture_4_static,54960128,54960144,32973424,32973456
anime_texture_5_static,54964224,54964240,32973456,32973488
anime_texture_6_static,54968320,54968336,32973488,32973520
softsprite_matrix_static,54972416,54972480,32973520,32973552
