makerom,0,4176,0,0
boot,4176,45632,4176,0
dmadata,45632,70032,45632,0
Audiobank,70032,249680,70032,0
Audioseq,249680,575952,249680,0
Audiotable,575952,5102944,575952,0
kanji,5102944,5611616,5102944,0
link_animetion,5615616,8129584,5611616,0
icon_item_static,8130560,8689824,8125584,0
icon_item_24_static,8691712,8737792,8684848,0
icon_item_field_static,8740864,8788272,8730928,8756176
icon_item_dungeon_static,8790016,8797568,8756176,8757568
icon_item_gameover_static,8798208,8811264,8757568,8761168
icon_item_jpn_static,8814592,8871040,8761168,8779088
icon_item_nes_static,8871936,8928384,8779088,8794848
item_name_static,8929280,9181184,8794848,0
map_name_static,9183232,9320448,9046752,0
do_action_static,9322496,9344768,9183968,0
message_static,9347072,9363840,9206240,0
message_texture_static,9367552,9372160,9223008,0
cn_font_static,9375744,9620480,9227616,0
jpn_message_data_static,9621504,9859920,9472352,0
cn_message_data_static,9863168,10021712,9710768,0
staff_message_data_static,10022912,10026832,9869312,0
map_grand_static,10027008,10085200,9873232,0
map_48x85_static,10088448,10227168,9931424,0
map_i_static,10227712,11202832,10070144,0
code,11206656,12290240,11045264,11565152
ovl_title,12290240,12292592,11565152,11566640
ovl_select,12292592,12303984,11566640,11572336
ovl_opening,12303984,12304320,11572336,11572608
ovl_file_choose,12304320,12372624,11572608,11603072
ovl_kaleido_scope,12372624,12487360,11603072,11650528
ovl_player_actor,12487360,12644816,11650528,11735216
ovl_map_mark_data,12644816,12672304,11735216,11736016
ovl_En_Test,12672304,12695008,11736016,11747056
ovl_En_GirlA,12695008,12705536,11747056,11751376
ovl_En_Part,12705536,12711264,11751376,11754848
ovl_En_Light,12711264,12714848,11754848,11756976
ovl_En_Door,12714848,12718496,11756976,11759472
ovl_En_Box,12718496,12725488,11759472,11763600
ovl_En_Poh,12725488,12742368,11763600,11772736
ovl_En_Okuta,12742368,12752064,11772736,11778432
ovl_En_Bom,12752064,12755856,11778432,11780912
ovl_En_Wallmas,12755856,12762528,11780912,11784784
ovl_En_Dodongo,12762528,12774208,11784784,11791504
ovl_En_Firefly,12774208,12782768,11791504,11796416
ovl_En_Horse,12782768,12832528,11796416,11821776
ovl_En_Arrow,12832528,12838416,11821776,11825328
ovl_En_Elf,12838416,12857296,11825328,11835680
ovl_En_Niw,12857296,12870400,11835680,11843568
ovl_En_Tite,12870400,12882080,11843568,11849648
ovl_En_Reeba,12882080,12888848,11849648,11853760
ovl_En_Peehat,12888848,12902928,11853760,11861344
ovl_En_Holl,12902928,12906976,11861344,11863872
ovl_En_Scene_Change,12906976,12907280,11863872,11864080
ovl_En_Zf,12907280,12934640,11864080,11878544
ovl_En_Hata,12934640,12936064,11878544,11879600
ovl_Boss_Dodongo,12936064,12975744,11879600,11901200
ovl_Boss_Goma,12975744,13000224,11901200,11913712
ovl_En_Zl1,13000224,13016112,11913712,11920544
ovl_En_Viewer,13016112,13028048,11920544,11927424
ovl_En_Goma,13028048,13039488,11927424,11933888
ovl_Bg_Pushbox,13039488,13040256,11933888,11934432
ovl_En_Bubble,13040256,13045408,11934432,11937728
ovl_Door_Shutter,13045408,13054304,11937728,11943136
ovl_En_Dodojr,13054304,13062144,11943136,11947744
ovl_En_Bdfire,13062144,13065120,11947744,11949680
ovl_En_Boom,13065120,13067376,11949680,11951216
ovl_En_Torch2,13067376,13077456,11951216,11957456
ovl_En_Bili,13077456,13086368,11957456,11962688
ovl_En_Tp,13086368,13094160,11962688,11967488
ovl_En_St,13094160,13105536,11967488,11974176
ovl_En_Bw,13105536,13118736,11974176,11981728
ovl_En_Eiyer,13118736,13126000,11981728,11986112
ovl_En_River_Sound,13126000,13128448,11986112,11987776
ovl_En_Horse_Normal,13128448,13138208,11987776,11993120
ovl_En_Ossan,13138208,13164288,11993120,12005104
ovl_Bg_Treemouth,13164288,13170016,12005104,12007728
ovl_Bg_Dodoago,13170016,13173408,12007728,12009936
ovl_Bg_Hidan_Dalm,13173408,13175536,12009936,12011296
ovl_Bg_Hidan_Hrock,13175536,13177632,12011296,12012672
ovl_En_Horse_Ganon,13177632,13181088,12012672,12014912
ovl_Bg_Hidan_Rock,13181088,13185440,12014912,12017648
ovl_Bg_Hidan_Rsekizou,13185440,13188480,12017648,12019504
ovl_Bg_Hidan_Sekizou,13188480,13193680,12019504,12022784
ovl_Bg_Hidan_Sima,13193680,13197520,12022784,12025296
ovl_Bg_Hidan_Syoku,13197520,13198640,12025296,12025968
ovl_En_Xc,13198640,13225104,12025968,12036976
ovl_Bg_Hidan_Curtain,13225104,13227824,12036976,12038736
ovl_Bg_Spot00_Hanebasi,13227824,13232192,12038736,12041696
ovl_En_Mb,13232192,13249136,12041696,12050976
ovl_En_Bombf,13249136,13254400,12050976,12054400
ovl_Bg_Hidan_Firewall,13254400,13256288,12054400,12055696
ovl_Bg_Dy_Yoseizo,13256288,13268048,12055696,12062528
ovl_En_Zl2,13268048,13286224,12062528,12069904
ovl_Bg_Hidan_Fslift,13286224,13287456,12069904,12070672
ovl_En_OE2,13287456,13287680,12070672,12070800
ovl_Bg_Ydan_Hasi,13287680,13289648,12070800,12072096
ovl_Bg_Ydan_Maruta,13289648,13291408,12072096,12073264
ovl_Boss_Ganondrof,13291408,13311264,12073264,12084304
ovl_En_Am,13311264,13320480,12084304,12089552
ovl_En_Dekubaba,13320480,13335504,12089552,12097792
ovl_En_M_Fire1,13335504,13335920,12097792,12098096
ovl_En_M_Thunder,13335920,13341552,12098096,12101584
ovl_Bg_Ddan_Jd,13341552,13343168,12101584,12102656
ovl_Bg_Breakwall,13343168,13346864,12102656,12105072
ovl_En_Jj,13346864,13352448,12105072,12107760
ovl_En_Horse_Zelda,13352448,13355248,12107760,12109648
ovl_Bg_Ddan_Kd,13355248,13357536,12109648,12111104
ovl_Door_Warp1,13357536,13374688,12111104,12119552
ovl_Obj_Syokudai,13374688,13377824,12119552,12121728
ovl_Item_B_Heart,13377824,13378864,12121728,12122464
ovl_En_Dekunuts,13378864,13385008,12122464,12125872
ovl_Bg_Menkuri_Kaiten,13385008,13385408,12125872,12126176
ovl_Bg_Menkuri_Eye,13385408,13386576,12126176,12126992
ovl_En_Vali,13386576,13396496,12126992,12132784
ovl_Bg_Mizu_Movebg,13396496,13400976,12132784,12135488
ovl_Bg_Mizu_Water,13400976,13404256,12135488,12137408
ovl_Arms_Hook,13404256,13407696,12137408,12139648
ovl_En_fHG,13407696,13418240,12139648,12145632
ovl_Bg_Mori_Hineri,13418240,13421648,12145632,12147744
ovl_En_Bb,13421648,13437232,12147744,12157104
ovl_Bg_Toki_Hikari,13437232,13440720,12157104,12158912
ovl_En_Yukabyun,13440720,13442272,12158912,12160032
ovl_Bg_Toki_Swd,13442272,13447984,12160032,12162288
ovl_En_Fhg_Fire,13447984,13457872,12162288,12168288
ovl_Bg_Mjin,13457872,13458880,12168288,12169008
ovl_Bg_Hidan_Kousi,13458880,13460304,12169008,12169920
ovl_Door_Toki,13460304,13460656,12169920,12170176
ovl_Bg_Hidan_Hamstep,13460656,13464416,12170176,12172576
ovl_En_Bird,13464416,13465632,12172576,12173408
ovl_En_Wood02,13465632,13470192,12173408,12176384
ovl_En_Lightbox,13470192,13471344,12176384,12177216
ovl_En_Pu_box,13471344,13472176,12177216,12177824
ovl_En_Trap,13472176,13476944,12177824,12180464
ovl_En_Arow_Trap,13476944,13477280,12180464,12180752
ovl_En_Vase,13477280,13477536,12180752,12180944
ovl_En_Ta,13477536,13492320,12180944,12188592
ovl_En_Tk,13492320,13500048,12188592,12193360
ovl_Bg_Mori_Bigst,13500048,13502400,12193360,12194768
ovl_Bg_Mori_Elevator,13502400,13505200,12194768,12196352
ovl_Bg_Mori_Kaitenkabe,13505200,13506848,12196352,12197488
ovl_Bg_Mori_Rakkatenjo,13506848,13509280,12197488,12198944
ovl_En_Vm,13509280,13515616,12198944,12202736
ovl_Demo_Effect,13515616,13539072,12202736,12215504
ovl_Demo_Kankyo,13539072,13554592,12215504,12223424
ovl_Bg_Hidan_Fwbig,13554592,13557888,12223424,12225632
ovl_En_Floormas,13557888,13571168,12225632,12232608
ovl_En_Heishi1,13571168,13576560,12232608,12235712
ovl_En_Rd,13576560,13586992,12235712,12241376
ovl_En_Po_Sisters,13586992,13606688,12241376,12252208
ovl_Bg_Heavy_Block,13606688,13613072,12252208,12256144
ovl_Bg_Po_Event,13613072,13620800,12256144,12260992
ovl_Obj_Mure,13620800,13624912,12260992,12263392
ovl_En_Sw,13624912,13639104,12263392,12272016
ovl_Boss_Fd,13639104,13668640,12272016,12288576
ovl_Object_Kankyo,13668640,13681568,12288576,12296192
ovl_En_Du,13681568,13688368,12296192,12300144
ovl_En_Fd,13688368,13699792,12300144,12307232
ovl_En_Horse_Link_Child,13699792,13707472,12307232,12311200
ovl_Door_Ana,13707472,13709120,12311200,12312336
ovl_Bg_Spot02_Objects,13709120,13714080,12312336,12315360
ovl_Bg_Haka,13714080,13715808,12315360,12316576
ovl_Magic_Wind,13715808,13723232,12316576,12322400
ovl_Magic_Fire,13723232,13732192,12322400,12329568
ovl_En_Ru1,13732192,13762560,12329568,12342880
ovl_Boss_Fd2,13762560,13778224,12342880,12352272
ovl_En_Fd_Fire,13778224,13781568,12352272,12354576
ovl_En_Dh,13781568,13788448,12354576,12358816
ovl_En_Dha,13788448,13792544,12358816,12361344
ovl_En_Rl,13792544,13796352,12361344,12363280
ovl_En_Encount1,13796352,13799264,12363280,12365280
ovl_Demo_Du,13799264,13813568,12365280,12371280
ovl_Demo_Im,13813568,13829808,12371280,12378064
ovl_Demo_Tre_Lgt,13829808,13831616,12378064,12379312
ovl_En_Fw,13831616,13837696,12379312,12383424
ovl_Bg_Vb_Sima,13837696,13839520,12383424,12384736
ovl_En_Vb_Ball,13839520,13844048,12384736,12387616
ovl_Bg_Haka_Megane,13844048,13845072,12387616,12388320
ovl_Bg_Haka_MeganeBG,13845072,13846800,12388320,12389440
ovl_Bg_Haka_Ship,13846800,13849440,12389440,12391184
ovl_Bg_Haka_Sgami,13849440,13852544,12391184,12393200
ovl_En_Heishi2,13852544,13861248,12393200,12397712
ovl_En_Encount2,13861248,13865904,12397712,12400736
ovl_En_Fire_Rock,13865904,13870272,12400736,12403408
ovl_En_Brob,13870272,13874608,12403408,12406064
ovl_Mir_Ray,13874608,13880928,12406064,12410320
ovl_Bg_Spot09_Obj,13880928,13882240,12410320,12411136
ovl_Bg_Spot18_Obj,13882240,13884496,12411136,12412480
ovl_Boss_Va,13884496,13944032,12412480,12444416
ovl_Bg_Haka_Tubo,13944032,13946624,12444416,12446176
ovl_Bg_Haka_Trap,13946624,13952208,12446176,12449664
ovl_Bg_Haka_Huta,13952208,13954928,12449664,12451456
ovl_Bg_Haka_Zou,13954928,13959520,12451456,12454400
ovl_Bg_Spot17_Funen,13959520,13960112,12454400,12454848
ovl_En_Syateki_Itm,13960112,13963600,12454848,12457040
ovl_En_Syateki_Man,13963600,13967120,12457040,12459232
ovl_En_Tana,13967120,13967808,12459232,12459712
ovl_En_Nb,13967808,13985680,12459712,12467360
ovl_Boss_Mo,13985680,14033504,12467360,12495408
ovl_En_Sb,14033504,14038688,12495408,12498336
ovl_En_Bigokuta,14038688,14049696,12498336,12504688
ovl_En_Karebaba,14049696,14056080,12504688,12508480
ovl_Bg_Bdan_Objects,14056080,14060896,12508480,12511360
ovl_Demo_Sa,14060896,14071936,12511360,12516080
ovl_Demo_Go,14071936,14075344,12516080,12518032
ovl_En_In,14075344,14087024,12518032,12525152
ovl_En_Tr,14087024,14093424,12525152,12529056
ovl_Bg_Spot16_Bombstone,14093424,14098880,12529056,12532640
ovl_Bg_Hidan_Kowarerukabe,14098880,14102688,12532640,12534784
ovl_Bg_Bombwall,14102688,14104928,12534784,12536256
ovl_En_Ru2,14104928,14116576,12536256,12541152
ovl_Obj_Dekujr,14116576,14118176,12541152,12542256
ovl_Bg_Mizu_Uzu,14118176,14118640,12542256,12542608
ovl_Bg_Spot06_Objects,14118640,14123760,12542608,12545888
ovl_Bg_Ice_Objects,14123760,14127664,12545888,12548064
ovl_Bg_Haka_Water,14127664,14129712,12548064,12549312
ovl_En_Ma2,14129712,14133904,12549312,12552000
ovl_En_Bom_Chu,14133904,14139696,12552000,12555824
ovl_En_Horse_Game_Check,14139696,14144000,12555824,12558464
ovl_Boss_Tw,14144000,14222160,12558464,12600320
ovl_En_Rr,14222160,14231680,12600320,12606064
ovl_En_Ba,14231680,14239568,12606064,12610480
ovl_En_Bx,14239568,14242384,12610480,12612480
ovl_En_Anubice,14242384,14247168,12612480,12615472
ovl_En_Anubice_Fire,14247168,14250688,12615472,12617888
ovl_Bg_Mori_Hashigo,14250688,14252928,12617888,12619296
ovl_Bg_Mori_Hashira4,14252928,14254336,12619296,12620224
ovl_Bg_Mori_Idomizu,14254336,14255936,12620224,12621280
ovl_Bg_Spot16_Doughnut,14255936,14257408,12621280,12622304
ovl_Bg_Bdan_Switch,14257408,14262576,12622304,12624864
ovl_En_Ma1,14262576,14267408,12624864,12627856
ovl_Boss_Ganon,14267408,14407360,12627856,12704960
ovl_Boss_Sst,14407360,14457936,12704960,12731584
ovl_En_Ny,14457936,14464400,12731584,12735584
ovl_En_Fr,14464400,14475296,12735584,12742096
ovl_Item_Shield,14475296,14477872,12742096,12743824
ovl_Bg_Ice_Shelter,14477872,14482544,12743824,12746784
ovl_En_Ice_Hono,14482544,14487136,12746784,12749552
ovl_Item_Ocarina,14487136,14489136,12749552,12750800
ovl_Magic_Dark,14489136,14495360,12750800,12755120
ovl_Demo_6K,14495360,14506976,12755120,12762352
ovl_En_Anubice_Tag,14506976,14507696,12762352,12762880
ovl_Bg_Haka_Gate,14507696,14511936,12762880,12765600
ovl_Bg_Spot15_Saku,14511936,14512768,12765600,12766208
ovl_Bg_Jya_Goroiwa,14512768,14514688,12766208,12767536
ovl_Bg_Jya_Zurerukabe,14514688,14516400,12767536,12768656
ovl_Bg_Jya_Cobra,14516400,14523888,12768656,12773312
ovl_Bg_Jya_Kanaami,14523888,14524832,12773312,12773952
ovl_Fishing,14524832,14599728,12773952,12811072
ovl_Obj_Oshihiki,14599728,14606560,12811072,12815088
ovl_Bg_Gate_Shutter,14606560,14607728,12815088,12815840
ovl_Eff_Dust,14607728,14612800,12815840,12818432
ovl_Bg_Spot01_Fusya,14612800,14613472,12818432,12818944
ovl_Bg_Spot01_Idohashira,14613472,14616544,12818944,12820896
ovl_Bg_Spot01_Idomizu,14616544,14617344,12820896,12821504
ovl_Bg_Po_Syokudai,14617344,14619760,12821504,12823136
ovl_Bg_Ganon_Otyuka,14619760,14629552,12823136,12829664
ovl_Bg_Spot15_Rrbox,14629552,14633104,12829664,12831808
ovl_Bg_Umajump,14633104,14633504,12831808,12832112
ovl_En_Insect,14633504,14643008,12832112,12837472
ovl_En_Butte,14643008,14648592,12837472,12840864
ovl_En_Fish,14648592,14657056,12840864,12845408
ovl_Bg_Spot08_Iceblock,14657056,14661216,12845408,12847856
ovl_Item_Etcetera,14661216,14663472,12847856,12849232
ovl_Arrow_Fire,14663472,14671376,12849232,12855328
ovl_Arrow_Ice,14671376,14679312,12855328,12860880
ovl_Arrow_Light,14679312,14687264,12860880,12866560
ovl_Obj_Kibako,14687264,14690592,12866560,12868464
ovl_Obj_Tsubo,14690592,14694672,12868464,12870912
ovl_En_Wonder_Item,14694672,14697824,12870912,12872784
ovl_En_Ik,14697824,14715824,12872784,12881680
ovl_Demo_Ik,14715824,14721216,12881680,12884480
ovl_En_Skj,14721216,14735872,12884480,12892160
ovl_En_Skjneedle,14735872,14736656,12892160,12892736
ovl_En_G_Switch,14736656,14742832,12892736,12896752
ovl_Demo_Ext,14742832,14745216,12896752,12898288
ovl_Demo_Shd,14745216,14754448,12898288,12903760
ovl_En_Dns,14754448,14759456,12903760,12906528
ovl_Elf_Msg,14759456,14760976,12906528,12907472
ovl_En_Honotrap,14760976,14766448,12907472,12910896
ovl_En_Tubo_Trap,14766448,14769680,12910896,12912848
ovl_Obj_Ice_Poly,14769680,14772160,12912848,12914528
ovl_Bg_Spot03_Taki,14772160,14774496,12914528,12915984
ovl_Bg_Spot07_Taki,14774496,14776016,12915984,12916944
ovl_En_Fz,14776016,14784224,12916944,12921840
ovl_En_Po_Relay,14784224,14790128,12921840,12925616
ovl_Bg_Relay_Objects,14790128,14792096,12925616,12926928
ovl_En_Diving_Game,14792096,14798672,12926928,12930848
ovl_En_Kusa,14798672,14804016,12930848,12934144
ovl_Obj_Bean,14804016,14814144,12934144,12939552
ovl_Obj_Bombiwa,14814144,14815536,12939552,12940560
ovl_Obj_Switch,14815536,14823184,12940560,12944656
ovl_Obj_Elevator,14823184,14824144,12944656,12945296
ovl_Obj_Lift,14824144,14826736,12945296,12947056
ovl_Obj_Hsblock,14826736,14828224,12947056,12948064
ovl_En_Okarina_Tag,14828224,14833600,12948064,12950688
ovl_En_Yabusame_Mark,14833600,14835344,12950688,12951808
ovl_En_Goroiwa,14835344,14844496,12951808,12957296
ovl_En_Ex_Ruppy,14844496,14848784,12957296,12960016
ovl_En_Toryo,14848784,14852000,12960016,12961984
ovl_En_Daiku,14852000,14857952,12961984,12965856
ovl_En_Nwc,14857952,14860544,12965856,12967680
ovl_En_Blkobj,14860544,14861920,12967680,12968640
ovl_Item_Inbox,14861920,14862272,12968640,12968880
ovl_En_Ge1,14862272,14870512,12968880,12973280
ovl_Obj_Blockstop,14870512,14870928,12973280,12973600
ovl_En_Sda,14870928,14876608,12973600,12976832
ovl_En_Clear_Tag,14876608,14912304,12976832,12992064
ovl_En_Niw_Lady,14912304,14918704,12992064,12995920
ovl_En_Gm,14918704,14922080,12995920,12998096
ovl_En_Ms,14922080,14923856,12998096,12999312
ovl_En_Hs,14923856,14926832,12999312,13001088
ovl_Bg_Ingate,14926832,14927744,13001088,13001744
ovl_En_Kanban,14927744,14940368,13001744,13008240
ovl_En_Heishi3,14940368,14942880,13008240,13009776
ovl_En_Syateki_Niw,14942880,14951216,13009776,13014896
ovl_En_Attack_Niw,14951216,14955920,13014896,13017776
ovl_Bg_Spot01_Idosoko,14955920,14956448,13017776,13018176
ovl_En_Sa,14956448,14965264,13018176,13022976
ovl_En_Wonder_Talk,14965264,14966944,13022976,13024112
ovl_Bg_Gjyo_Bridge,14966944,14968208,13024112,13025008
ovl_En_Ds,14968208,14971312,13025008,13026848
ovl_En_Mk,14971312,14975040,13026848,13028992
ovl_En_Bom_Bowl_Man,14975040,14980480,13028992,13032368
ovl_En_Bom_Bowl_Pit,14980480,14982896,13032368,13033936
ovl_En_Owl,14982896,14998160,13033936,13041376
ovl_En_Ishi,14998160,15035360,13041376,13045408
ovl_Obj_Hana,15035360,15036144,13045408,13045952
ovl_Obj_Lightswitch,15036144,15041312,13045952,13048960
ovl_Obj_Mure2,15041312,15043904,13048960,13050560
ovl_En_Go,15043904,15061888,13050560,13060208
ovl_En_Fu,15061888,15065280,13060208,13062448
ovl_En_Changer,15065280,15067808,13062448,13064000
ovl_Bg_Jya_Megami,15067808,15072400,13064000,13067200
ovl_Bg_Jya_Lift,15072400,15073760,13067200,13068128
ovl_Bg_Jya_Bigmirror,15073760,15075888,13068128,13069616
ovl_Bg_Jya_Bombchuiwa,15075888,15078768,13069616,13071456
ovl_Bg_Jya_Amishutter,15078768,15079680,13071456,13071968
ovl_Bg_Jya_Bombiwa,15079680,15081152,13071968,13073024
ovl_Bg_Spot18_Basket,15081152,15085232,13073024,13075616
ovl_En_Ganon_Organ,15085232,15113968,13075616,13087712
ovl_En_Siofuki,15113968,15117472,13087712,13089920
ovl_En_Stream,15117472,15118896,13089920,13090928
ovl_En_Mm,15118896,15124624,13090928,13094576
ovl_En_Ko,15124624,15141328,13094576,13102640
ovl_En_Kz,15141328,15146864,13102640,13106112
ovl_En_Weather_Tag,15146864,15150688,13106112,13107680
ovl_Bg_Sst_Floor,15150688,15152064,13107680,13108720
ovl_En_Ani,15152064,15155504,13108720,13110768
ovl_En_Ex_Item,15155504,15159984,13110768,13113408
ovl_Bg_Jya_Ironobj,15159984,15163488,13113408,13115440
ovl_En_Js,15163488,15166000,13115440,13116960
ovl_En_Jsjutan,15166000,15185920,13116960,13123344
ovl_En_Cs,15185920,15190576,13123344,13126320
ovl_En_Md,15190576,15200416,13126320,13131264
ovl_En_Hy,15200416,15215072,13131264,13139008
ovl_En_Ganon_Mant,15215072,15232016,13139008,13145360
ovl_En_Okarina_Effect,15232016,15232976,13145360,13146000
ovl_En_Mag,15232976,15245328,13146000,13151536
ovl_Door_Gerudo,15245328,15246848,13151536,13152608
ovl_Elf_Msg2,15246848,15247984,13152608,13153248
ovl_Demo_Gt,15247984,15270016,13153248,13162656
ovl_En_Po_Field,15270016,15284864,13162656,13171408
ovl_Efc_Erupc,15284864,15287664,13171408,13173312
ovl_Bg_Zg,15287664,15288768,13173312,13174064
ovl_En_Heishi4,15288768,15292608,13174064,13176352
ovl_En_Zl3,15292608,15324944,13176352,13190096
ovl_Boss_Ganon2,15324944,15395424,13190096,13226896
ovl_En_Kakasi,15395424,15398816,13226896,13229072
ovl_En_Takara_Man,15398816,15401056,13229072,13230640
ovl_Obj_Makeoshihiki,15401056,15402224,13230640,13231456
ovl_Oceff_Spot,15402224,15406112,13231456,13234384
ovl_End_Title,15406112,15429216,13234384,13241456
ovl_En_Torch,15429216,15429456,13241456,13241664
ovl_Demo_Ec,15429456,15443888,13241664,13246512
ovl_Shot_Sun,15443888,15445616,13246512,13247728
ovl_En_Dy_Extra,15445616,15447056,13247728,13248768
ovl_En_Wonder_Talk2,15447056,15448752,13248768,13249952
ovl_En_Ge2,15448752,15455312,13249952,13253760
ovl_Obj_Roomtimer,15455312,15455904,13253760,13254208
ovl_En_Ssh,15455904,15465616,13254208,13259904
ovl_En_Sth,15465616,15482192,13259904,13269792
ovl_Oceff_Wipe,15482192,15485648,13269792,13272448
ovl_Effect_Ss_Dust,15485648,15487760,13272448,13273872
ovl_Effect_Ss_KiraKira,15487760,15489408,13273872,13275040
ovl_Effect_Ss_Bomb,15489408,15490480,13275040,13275856
ovl_Effect_Ss_Bomb2,15490480,15492784,13275856,13277280
ovl_Effect_Ss_Blast,15492784,15493696,13277280,13278000
ovl_Effect_Ss_G_Spk,15493696,15495152,13278000,13279072
ovl_Effect_Ss_D_Fire,15495152,15496416,13279072,13280048
ovl_Effect_Ss_Bubble,15496416,15497568,13280048,13280896
ovl_Effect_Ss_G_Ripple,15497568,15498944,13280896,13281920
ovl_Effect_Ss_G_Splash,15498944,15500144,13281920,13282704
ovl_Effect_Ss_G_Magma,15500144,15500752,13282704,13283184
ovl_Effect_Ss_G_Fire,15500752,15501408,13283184,13283680
ovl_Effect_Ss_Lightning,15501408,15503152,13283680,13285008
ovl_Effect_Ss_Dt_Bubble,15503152,15504576,13285008,13286032
ovl_Effect_Ss_Hahen,15504576,15506176,13286032,13287088
ovl_Effect_Ss_Stick,15506176,15507104,13287088,13287776
ovl_Effect_Ss_Sibuki,15507104,15508848,13287776,13289040
ovl_Effect_Ss_Sibuki2,15508848,15509664,13289040,13289680
ovl_Effect_Ss_G_Magma2,15509664,15510960,13289680,13290672
ovl_Effect_Ss_Stone1,15510960,15511856,13290672,13291360
ovl_Effect_Ss_HitMark,15511856,15513216,13291360,13292336
ovl_Effect_Ss_Fhg_Flash,15513216,15517184,13292336,13294512
ovl_Effect_Ss_K_Fire,15517184,15518272,13294512,13295360
ovl_Effect_Ss_Solder_Srch_Ball,15518272,15518704,13295360,13295712
ovl_Effect_Ss_Kakera,15518704,15522944,13295712,13298320
ovl_Effect_Ss_Ice_Piece,15522944,15524032,13298320,13299168
ovl_Effect_Ss_En_Ice,15524032,15526272,13299168,13300784
ovl_Effect_Ss_Fire_Tail,15526272,15528064,13300784,13302112
ovl_Effect_Ss_En_Fire,15528064,15529936,13302112,13303472
ovl_Effect_Ss_Extra,15529936,15530896,13303472,13304224
ovl_Effect_Ss_Fcircle,15530896,15532096,13304224,13305168
ovl_Effect_Ss_Dead_Db,15532096,15533344,13305168,13306160
ovl_Effect_Ss_Dead_Dd,15533344,15534768,13306160,13307216
ovl_Effect_Ss_Dead_Ds,15534768,15535920,13307216,13308112
ovl_Effect_Ss_Dead_Sound,15535920,15536240,13308112,13308384
ovl_Oceff_Storm,15536240,15543328,13308384,13314432
ovl_En_Weiyer,15543328,15549984,13314432,13318192
ovl_Bg_Spot05_Soko,15549984,15550784,13318192,13318752
ovl_Bg_Jya_1flift,15550784,15552464,13318752,13319824
ovl_Bg_Jya_Haheniron,15552464,15554496,13319824,13321200
ovl_Bg_Spot12_Gate,15554496,15555536,13321200,13321888
ovl_Bg_Spot12_Saku,15555536,15556752,13321888,13322704
ovl_En_Hintnuts,15556752,15563456,13322704,13326528
ovl_En_Nutsball,15563456,15565024,13326528,13327680
ovl_Bg_Spot00_Break,15565024,15565440,13327680,13328000
ovl_En_Shopnuts,15565440,15569296,13328000,13330256
ovl_En_It,15569296,15569696,13330256,13330528
ovl_En_GeldB,15569696,15591120,13330528,13341552
ovl_Oceff_Wipe2,15591120,15597120,13341552,13344688
ovl_Oceff_Wipe3,15597120,15603088,13344688,13348848
ovl_En_Niw_Girl,15603088,15605856,13348848,13350816
ovl_En_Dog,15605856,15610384,13350816,13353504
ovl_En_Si,15610384,15611664,13353504,13354384
ovl_Bg_Spot01_Objects2,15611664,15612880,13354384,13355264
ovl_Obj_Comb,15612880,15615024,13355264,13356800
ovl_Bg_Spot11_Bakudankabe,15615024,15616624,13356800,13357936
ovl_Obj_Kibako2,15616624,15618352,13357936,13359136
ovl_En_Dnt_Demo,15618352,15621712,13359136,13361360
ovl_En_Dnt_Jiji,15621712,15627120,13361360,13364144
ovl_En_Dnt_Nomal,15627120,15638896,13364144,13370192
ovl_En_Guest,15638896,15641360,13370192,13371904
ovl_Bg_Bom_Guard,15641360,15641904,13371904,13372336
ovl_En_Hs2,15641904,15643408,13372336,13373360
ovl_Demo_Kekkai,15643408,15648256,13373360,13376496
ovl_Bg_Spot08_Bakudankabe,15648256,15649952,13376496,13377696
ovl_Bg_Spot17_Bakudankabe,15649952,15651728,13377696,13378944
ovl_Obj_Mure3,15651728,15653728,13378944,13380272
ovl_En_Tg,15653728,15655488,13380272,13381472
ovl_En_Mu,15655488,15657824,13381472,13383088
ovl_En_Go2,15657824,15682464,13383088,13396496
ovl_En_Wf,15682464,15699632,13396496,13405600
ovl_En_Skb,15699632,15706016,13405600,13409488
ovl_Demo_Gj,15706016,15721552,13409488,13415504
ovl_Demo_Geff,15721552,15723632,13415504,13416752
ovl_Bg_Gnd_Firemeiro,15723632,15724992,13416752,13417680
ovl_Bg_Gnd_Darkmeiro,15724992,15726976,13417680,13418928
ovl_Bg_Gnd_Soulmeiro,15726976,15729120,13418928,13420416
ovl_Bg_Gnd_Nisekabe,15729120,15729488,13420416,13420704
ovl_Bg_Gnd_Iceblock,15729488,15733824,13420704,13423024
ovl_Bg_Ydan_Sp,15733824,15739744,13423024,13426688
ovl_En_Gb,15739744,15745680,13426688,13430416
ovl_En_Gs,15745680,15753472,13430416,13435264
ovl_Bg_Mizu_Bwall,15753472,15758800,13435264,13438256
ovl_Bg_Mizu_Shutter,15758800,15760848,13438256,13439584
ovl_En_Daiku_Kakariko,15760848,15765904,13439584,13442800
ovl_Bg_Bowl_Wall,15765904,15768336,13442800,13444528
ovl_En_Wall_Tubo,15768336,15769600,13444528,13445408
ovl_En_Po_Desert,15769600,15773120,13445408,13447808
ovl_En_Crow,15773120,15778912,13447808,13451440
ovl_Door_Killer,15778912,15784400,13451440,13454960
ovl_Bg_Spot11_Oasis,15784400,15786240,13454960,13456272
ovl_Bg_Spot18_Futa,15786240,15786656,13456272,13456592
ovl_Bg_Spot18_Shutter,15786656,15788016,13456592,13457488
ovl_En_Ma3,15788016,15792032,13457488,13460048
ovl_En_Cow,15792032,15797248,13460048,13462896
ovl_Bg_Ice_Turara,15797248,15799344,13462896,13464336
ovl_Bg_Ice_Shutter,15799344,15800480,13464336,13465056
ovl_En_Kakasi2,15800480,15802304,13465056,13466240
ovl_En_Kakasi3,15802304,15806624,13466240,13468896
ovl_Oceff_Wipe4,15806624,15810688,13468896,13471504
ovl_En_Eg,15810688,15811120,13471504,13471824
ovl_Bg_Menkuri_Nisekabe,15811120,15811456,13471824,13472080
ovl_En_Zo,15811456,15821120,13472080,13477696
ovl_Effect_Ss_Ice_Smoke,15821120,15822368,13477696,13478592
ovl_Obj_Makekinsuta,15822368,15822704,13478592,13478880
ovl_En_Ge3,15822704,15825840,13478880,13480816
ovl_Obj_Timeblock,15825840,15828992,13480816,13482752
ovl_Obj_Hamishi,15828992,15831120,13482752,13484240
ovl_En_Zl4,15831120,15850112,13484240,13492400
ovl_En_Mm2,15850112,15853632,13492400,13494640
ovl_Bg_Jya_Block,15853632,15854256,13494640,13495152
ovl_Obj_Warp2block,15854256,15857120,13495152,13497040
gameplay_keep,15859712,16235744,13497040,13670656
gameplay_field_keep,16236544,16290608,13670656,13703760
gameplay_dangeon_keep,16293888,16390896,13703760,13757264
gameplay_object_exchange_static,16392192,16392208,13757264,13757280
object_link_boy,16396288,16623616,13757280,13841728
object_link_child,16625664,16809856,13841728,13913728
object_box,16809984,16834560,13913728,13925024
object_human,16834560,16912768,13925024,13950544
object_okuta,16916480,16931968,13950544,13957408
object_poh,16932864,16953568,13957408,13969280
object_wallmaster,16957440,16998512,13969280,13991728
object_dy_obj,17002496,17122608,13991728,14057392
object_firefly,17125376,17131712,14057392,14060688
object_dodongo,17133568,17172800,14060688,14084288
object_fire,17174528,17191072,14084288,14090128
object_niw,17195008,17204544,14090128,14094384
object_tite,17207296,17222192,14094384,14103456
object_reeba,17223680,17231600,14103456,14108016
object_peehat,17231872,17239184,14108016,14111200
object_kingdodongo,17240064,17434848,14111200,14220560
object_horse,17436672,17493776,14220560,14258992
object_zf,17494016,17585056,14258992,14313488
object_goma,17588224,17711616,14313488,14393744
object_zl1,17715200,17798080,14393744,14432400
object_gol,17801216,17818144,14432400,14442288
object_bubble,17821696,17825984,14442288,14443856
object_dodojr,17829888,17838320,14443856,14449328
object_torch2,17842176,17860464,14449328,14456384
object_bl,17862656,17885264,14456384,14464352
object_tp,17887232,17894640,14464352,14468800
object_oA1,17895424,17913616,14468800,14477072
object_st,17915904,17939376,14477072,14487792
object_bw,17940480,17949280,14487792,14492560
object_ei,17952768,17966112,14492560,14499312
object_horse_normal,17969152,18010048,14499312,14528656
object_oB1,18010112,18036400,14528656,14538448
object_o_anime,18038784,18047312,14538448,14544752
object_spot04_objects,18051072,18056896,14544752,14547472
object_ddan_objects,18059264,18093920,14547472,14566832
object_hidan_objects,18096128,18193696,14566832,14608912
object_horse_ganon,18194432,18243728,14608912,14638992
object_oA2,18247680,18269904,14638992,14643504
object_spot00_objects,18272256,18279440,14643504,14645936
object_mb,18280448,18362784,14645936,14695808
object_bombf,18366464,18373120,14695808,14699232
object_sk2,18374656,18434048,14699232,14739808
object_oE1,18436096,18462736,14739808,14751008
object_oE_anime,18464768,18485344,14751008,14768144
object_oE2,18489344,18512496,14768144,14777952
object_ydan_objects,18513920,18550912,14777952,14802736
object_gnd,18554880,18632704,14802736,14855920
object_am,18632704,18656080,14855920,14866736
object_dekubaba,18657280,18672064,14866736,14875680
object_oA3,18673664,18682160,14875680,14879760
object_oA4,18685952,18691888,14879760,14882160
object_oA5,18694144,18699952,14882160,14884496
object_oA6,18702336,18708992,14884496,14887152
object_oA7,18710528,18715984,14887152,14889376
object_jj,18718720,18766528,14889376,14914096
object_oA8,18767872,18773936,14914096,14916384
object_oA9,18776064,18777376,14916384,14917232
object_oB2,18780160,18796768,14917232,14924592
object_oB3,18800640,18818192,14924592,14932256
object_oB4,18821120,18827376,14932256,14934800
object_horse_zelda,18829312,18858336,14934800,14951040
object_opening_demo1,18862080,18882656,14951040,14967296
object_warp1,18886656,18898096,14967296,14974768
object_b_heart,18898944,18900544,14974768,14975840
object_dekunuts,18903040,18916960,14975840,14983088
object_oE3,18919424,18948384,14983088,14995168
object_oE4,18952192,18972624,14995168,15003648
object_menkuri_objects,18972672,19008272,15003648,15024800
object_oE5,19009536,19031488,15024800,15034496
object_oE6,19034112,19045968,15034496,15040080
object_oE7,19046400,19057248,15040080,15045872
object_oE8,19058688,19071952,15045872,15051888
object_oE9,19075072,19087120,15051888,15056560
object_oE10,19087360,19098064,15056560,15061728
object_oE11,19099648,19112432,15061728,15066944
object_oE12,19116032,19130304,15066944,15073376
object_vali,19132416,19150928,15073376,15082112
object_oA10,19152896,19164848,15082112,15087072
object_oA11,19165184,19170752,15087072,15089568
object_mizu_objects,19173376,19219232,15089568,15113008
object_fhg,19222528,19291616,15113008,15152096
object_ossan,19292160,19331920,15152096,15167520
object_mori_hineri1,19333120,19354864,15167520,15174448
object_Bb,19357696,19364416,15174448,15177824
object_toki_objects,19365888,19399760,15177824,15191376
object_yukabyun,19402752,19408112,15191376,15193632
object_zl2,19410944,19479936,15193632,15221040
object_mjin,19480576,19485328,15221040,15223280
object_mjin_flash,19488768,19492864,15223280,15225440
object_mjin_dark,19492864,19496960,15225440,15228112
object_mjin_flame,19496960,19501056,15228112,15230416
object_mjin_ice,19501056,19505152,15230416,15233072
object_mjin_soul,19505152,19509248,15233072,15235776
object_mjin_wind,19509248,19513344,15235776,15238432
object_mjin_oka,19513344,19520352,15238432,15242880
object_haka_objects,19521536,19642032,15242880,15293808
object_spot06_objects,19644416,19656096,15293808,15300960
object_ice_objects,19656704,19692880,15300960,15323904
object_relay_objects,19693568,19707440,15323904,15332080
object_mori_hineri1a,19709952,19723456,15332080,15336256
object_mori_hineri2,19726336,19743744,15336256,15341872
object_mori_hineri2a,19746816,19771568,15341872,15349904
object_mori_objects,19775488,19810832,15349904,15363696
object_mori_tex,19812352,19852800,15363696,15382896
object_spot08_obj,19853312,19875328,15382896,15393264
object_warp2,19877888,19877904,15393264,15393280
object_hata,19881984,19894240,15393280,15398560
object_bird,19894272,19902880,15398560,15403680
object_wood02,19906560,19941328,15403680,15421424
object_lightbox,19943424,19951424,15421424,15423456
object_pu_box,19951616,19957248,15423456,15425744
object_trap,19959808,19968992,15425744,15432000
object_vase,19972096,19977616,15432000,15435648
object_im,19980288,20054576,15435648,15467664
object_ta,20058112,20116464,15467664,15496832
object_tk,20119552,20168272,15496832,15523248
object_xc,20168704,20286240,15523248,15595824
object_vm,20287488,20303728,15595824,15603264
object_bv,20303872,20426160,15603264,15653584
object_hakach_objects,20426752,20454128,15653584,15670640
object_efc_crystal_light,20455424,20458144,15670640,15672912
object_efc_fire_ball,20459520,20462848,15672912,15675792
object_efc_flash,20463616,20463632,15675792,15675808
object_efc_lgt_shower,20467712,20472528,15675808,15679152
object_efc_star_field,20475904,20482000,15679152,15682704
object_god_lgt,20484096,20501328,15682704,15692832
object_light_ring,20504576,20509312,15692832,15694032
object_triforce_spot,20512768,20523280,15694032,15700432
object_medal,20525056,20545856,15700432,15706640
object_bdan_objects,20549632,20602128,15706640,15735184
object_sd,20602880,20653792,15735184,15758128
object_rd,20656128,20717552,15758128,15791744
object_po_sisters,20717568,20775872,15791744,15820544
object_heavy_object,20779008,20785888,15820544,15823344
object_gndd,20787200,20859392,15823344,15857200
object_fd,20860928,20927088,15857200,15886224
object_du,20930560,21005872,15886224,15928016
object_fw,21008384,21040608,15928016,15946560
object_horse_link_child,21041152,21076768,15946560,15968224
object_spot02_objects,21078016,21169696,15968224,16012288
object_haka,21172224,21177440,16012288,16015936
object_ru1,21180416,21260928,16015936,16067440
object_syokudai,21262336,21277840,16067440,16074992
object_fd2,21278720,21351056,16074992,16116880
object_dh,21352448,21389504,16116880,16142000
object_rl,21393408,21424976,16142000,16155808
object_efc_tw,21426176,21431024,16155808,16160352
object_demo_tre_lgt,21434368,21434384,16160352,16160368
object_gi_key,21438464,21441056,16160368,16161440
object_mir_ray,21442560,21449984,16161440,16162672
object_brob,21450752,21457568,16162672,16165696
object_gi_jewel,21458944,21472896,16165696,16173072
object_spot09_obj,21475328,21575824,16173072,16218912
object_spot18_obj,21577728,21629456,16218912,16244976
object_bdoor,21630976,21661120,16244976,16259152
object_spot17_obj,21663744,21669936,16259152,16263264
object_shop_dungen,21671936,21686816,16263264,16271040
object_nb,21688320,21787104,16271040,16326592
object_mo,21790720,21822576,16326592,16341216
object_sb,21823488,21834912,16341216,16346112
object_gi_melody,21835776,21839136,16346112,16347408
object_gi_heart,21839872,21840368,16347408,16347744
object_gi_compass,21843968,21847312,16347744,16349152
object_gi_bosskey,21848064,21852176,16349152,16350800
object_gi_medal,21856256,21877616,16350800,16356368
object_gi_nuts,21880832,21885376,16356368,16358960
object_sa,21889024,21975600,16358960,16410320
object_gi_hearts,21979136,21985200,16410320,16412496
object_gi_arrowcase,21987328,21990576,16412496,16413952
object_gi_bombpouch,21991424,21995104,16413952,16415376
object_in,21995520,22096976,16415376,16464544
object_tr,22097920,22175280,16464544,16499424
object_spot16_obj,22175744,22181120,16499424,16502976
object_oE1s,22183936,22209888,16502976,16514160
object_oE4s,22212608,22232576,16514160,16522544
object_os_anime,22233088,22275648,16522544,16553520
object_gi_bottle,22278144,22280432,16553520,16554624
object_gi_stick,22282240,22283968,16554624,16555728
object_gi_map,22286336,22290784,16555728,16558624
object_oF1d_map,22294528,22361504,16558624,16594336
object_ru2,22364160,22427856,16594336,16624496
object_gi_shield_1,22429696,22433104,16624496,16626912
object_dekujr,22433792,22447376,16626912,16633136
object_gi_magicpot,22450176,22454736,16633136,16635008
object_gi_bomb_1,22458368,22461616,16635008,16636320
object_oF1s,22462464,22497440,16636320,16651312
object_ma2,22499328,22540016,16651312,16671536
object_gi_purse,22540288,22547312,16671536,16677264
object_hni,22548480,22593392,16677264,16708656
object_tw,22593536,22830000,16708656,16834000
object_rr,22831104,22834688,16834000,16836224
object_bxa,22835200,22846448,16836224,16843040
object_anubice,22847488,22862240,16843040,16850816
object_gi_gerudo,22863872,22868800,16850816,16853600
object_gi_arrow,22872064,22878992,16853600,16856016
object_gi_bomb_2,22880256,22881952,16856016,16857056
object_gi_egg,22884352,22889248,16857056,16859120
object_gi_scale,22892544,22896112,16859120,16860720
object_gi_shield_2,22896640,22900848,16860720,16862832
object_gi_hookshot,22904832,22910304,16862832,16865344
object_gi_ocarina,22913024,22916016,16865344,16866928
object_gi_milk,22917120,22922352,16866928,16868992
object_ma1,22925312,22961536,16868992,16885168
object_ganon,22962176,23027968,16885168,16909296
object_sst,23031808,23136176,16909296,16940304
object_ny,23138304,23146864,16940304,16943632
object_fr,23150592,23196848,16943632,16959440
object_gi_pachinko,23199744,23202912,16959440,16961040
object_gi_boomerang,23203840,23207328,16961040,16962784
object_gi_bow,23207936,23211312,16962784,16964592
object_gi_glasses,23212032,23216512,16964592,16966384
object_gi_liquid,23220224,23226576,16966384,16968736
object_ani,23228416,23258880,16968736,16982192
object_demo_6k,23261184,23276448,16982192,16990736
object_gi_shield_3,23277568,23282368,16990736,16992384
object_gi_letter,23285760,23289344,16992384,16994224
object_spot15_obj,23289856,23297280,16994224,16997648
object_jya_obj,23298048,23413056,16997648,17041072
object_gi_clothes,23416832,23423072,17041072,17044208
object_gi_bean,23425024,23427264,17044208,17045472
object_gi_fish,23429120,23431504,17045472,17046736
object_gi_saw,23433216,23436160,17046736,17048224
object_gi_hammer,23437312,23440576,17048224,17049712
object_gi_grass,23441408,23444496,17049712,17051424
object_gi_longsword,23445504,23447744,17051424,17052688
object_spot01_objects,23449600,23458960,17052688,17058736
object_md,23461888,23503184,17058736,17079472
object_km1,23506944,23529920,17079472,17088224
object_kw1,23531520,23558368,17088224,17098336
object_zo,23560192,23609408,17098336,17120224
object_kz,23613440,23647968,17120224,17133680
object_umajump,23650304,23655536,17133680,17136160
object_masterkokiri,23658496,23659712,17136160,17137200
object_masterkokirihead,23662592,23674016,17137200,17141744
object_mastergolon,23674880,23675152,17141744,17141936
object_masterzoora,23678976,23680928,17141936,17143776
object_aob,23683072,23705264,17143776,17151152
object_ik,23707648,23840208,17151152,17233312
object_ahg,23842816,23865776,17233312,17243328
object_cne,23867392,23878096,17243328,17247280
object_gi_niwatori,23879680,23886320,17247280,17251008
object_skj,23887872,23924272,17251008,17273664
object_gi_bottle_letter,23924736,23927936,17273664,17275328
object_bji,23928832,23945616,17275328,17282112
object_bba,23949312,23966352,17282112,17288704
object_gi_ocarina_0,23969792,23972880,17288704,17290432
object_ds,23973888,23992192,17290432,17299856
object_ane,23994368,24022960,17299856,17310368
object_boj,24023040,24046784,17310368,17320720
object_spot03_object,24047616,24053344,17320720,17323664
object_spot07_object,24055808,24083760,17323664,17338096
object_fz,24084480,24098000,17338096,17342128
object_bob,24100864,24121120,17342128,17348848
object_ge1,24121344,24163504,17348848,17365632
object_yabusame_point,24166400,24170064,17365632,17366832
object_gi_boots_2,24170496,24177600,17366832,17370112
object_gi_seed,24178688,24181440,17370112,17371680
object_gnd_magic,24182784,24187520,17371680,17375600
object_d_elevator,24190976,24195984,17375600,17379712
object_d_hsblock,24199168,24205152,17379712,17383920
object_d_lift,24207360,24213504,17383920,17388864
object_mamenoki,24215552,24225504,17388864,17395856
object_goroiwa,24227840,24234144,17395856,17398864
object_toryo,24236032,24265056,17398864,17411168
object_daiku,24268800,24303728,17411168,17428704
object_nwc,24305664,24309152,17428704,17431088
object_blkobj,24309760,24389776,17431088,17471168
object_gm,24391680,24392400,17471168,17471712
object_ms,24395776,24411600,17471712,17479152
object_hs,24412160,24437360,17479152,17490688
object_ingate,24440832,24445424,17490688,17492192
object_lightswitch,24449024,24458272,17492192,17496816
object_kusa,24461312,24462208,17496816,17497328
object_tsubo,24465408,24472048,17497328,17502176
object_gi_gloves,24473600,24480096,17502176,17504960
object_gi_coin,24481792,24483920,17504960,17505936
object_kanban,24485888,24491952,17505936,17507440
object_gjyo_objects,24494080,24499696,17507440,17510352
object_owl,24502272,24568000,17510352,17537392
object_mk,24571904,24595968,17537392,17547760
object_fu,24596480,24624288,17547760,17560416
object_gi_ki_tan_mask,24625152,24628720,17560416,17562176
object_gi_redead_mask,24629248,24631952,17562176,17563328
object_gi_skj_mask,24633344,24636640,17563328,17565008
object_gi_rabit_mask,24637440,24641280,17565008,17566752
object_gi_truth_mask,24641536,24647776,17566752,17569568
object_ganon_objects,24649728,24654192,17569568,17571568
object_siofuki,24657920,24661424,17571568,17573040
object_stream,24662016,24664704,17573040,17574288
object_mm,24666112,24698992,17574288,17590304
object_fa,24702976,24718224,17590304,17595840
object_os,24719360,24737392,17595840,17604880
object_gi_eye_lotion,24739840,24742256,17604880,17606032
object_gi_powder,24743936,24746880,17606032,17607536
object_gi_mushroom,24748032,24751312,17607536,17608896
object_gi_ticketstone,24752128,24756896,17608896,17611472
object_gi_brokensword,24760320,24762768,17611472,17612688
object_js,24764416,24788784,17612688,17623760
object_cs,24788992,24823120,17623760,17638640
object_gi_prescription,24825856,24828960,17638640,17639776
object_gi_bracelet,24829952,24833008,17639776,17641088
object_gi_soldout,24834048,24835280,17641088,17641392
object_gi_frog,24838144,24842512,17641392,17643520
object_mag,24846336,24976448,17643520,17681408
object_door_gerudo,24977408,24979872,17681408,17682352
object_gt,24981504,25060848,17682352,17720256
object_efc_erupc,25063424,25073904,17720256,17725616
object_zl2_anime1,25075712,25122320,17725616,17755856
object_zl2_anime2,25124864,25168608,17755856,17787280
object_gi_golonmask,25169920,25175984,17787280,17790768
object_gi_zoramask,25178112,25183792,17790768,17793760
object_gi_gerudomask,25186304,25191424,17793760,17797056
object_ganon2,25194496,25409520,17797056,17932592
object_ka,25411584,25438144,17932592,17940512
object_ts,25440256,25460720,17940512,17949232
object_zg,25460736,25465344,17949232,17949856
object_gi_hoverboots,25468928,25476720,17949856,17953776
object_gi_m_arrow,25477120,25480832,17953776,17955312
object_ds2,25481216,25498224,17955312,17962784
object_ec,25501696,25553200,17962784,18001824
object_fish,25554944,25642480,18001824,18040848
object_gi_sutaru,25645056,25646672,18040848,18041648
object_gi_goddess,25649152,25652304,18041648,18042848
object_ssh,25653248,25676800,18042848,18054096
object_bigokuta,25677824,25705424,18054096,18068080
object_bg,25706496,25735872,18068080,18081376
object_spot05_objects,25739264,25744112,18081376,18084288
object_spot12_obj,25747456,25756608,18084288,18088496
object_bombiwa,25759744,25762560,18088496,18090688
object_hintnuts,25763840,25776448,18090688,18098304
object_rs,25780224,25798784,18098304,18106848
object_spot00_break,25800704,25808416,18106848,18111680
object_gla,25808896,25849584,18111680,18133520
object_shopnuts,25849856,25867664,18133520,18143552
object_geldb,25870336,25917168,18143552,18169584
object_gr,25919488,25959568,18169584,18180736
object_dog,25960448,25989792,18180736,18193312
object_jya_iron,25993216,26003040,18193312,18196576
object_jya_door,26005504,26014336,18196576,18199728
object_spot01_objects2,26017792,26017808,18199728,18199744
object_spot11_obj,26021888,26028688,18199744,18204080
object_kibako2,26030080,26034368,18204080,18207072
object_dns,26038272,26052560,18207072,18215344
object_dnk,26054656,26066480,18215344,18221856
object_gi_fire,26066944,26071008,18221856,18224112
object_gi_insect,26071040,26074096,18224112,18225696
object_gi_butterfly,26075136,26078160,18225696,18227248
object_gi_ghost,26079232,26082736,18227248,18229424
object_gi_soul,26083328,26087344,18229424,18231232
object_bowl,26087424,26100976,18231232,18236000
object_po_field,26103808,26131008,18236000,18250896
object_demo_kekkai,26132480,26193168,18250896,18282368
object_efc_doughnut,26193920,26198096,18282368,18284320
object_gi_dekupouch,26202112,26206288,18284320,18286608
object_ganon_anime1,26210304,26258496,18286608,18328112
object_ganon_anime2,26259456,26326320,18328112,18376480
object_ganon_anime3,26329088,26413040,18376480,18438448
object_gi_rupy,26415104,26417152,18438448,18439344
object_spot01_matoya,26419200,26434704,18439344,18449200
object_spot01_matoyab,26435584,26444256,18449200,18454000
object_po_composer,26447872,26476448,18454000,18469120
object_mu,26476544,26521168,18469120,18489216
object_wf,26521600,26563840,18489216,18509968
object_skb,26566656,26585104,18509968,18521904
object_gj,26587136,26629920,18521904,18550944
object_geff,26632192,26636208,18550944,18553936
object_haka_door,26636288,26650992,18553936,18558800
object_gs,26652672,26655360,18558800,18561264
object_ps,26656768,26708224,18561264,18583872
object_bwall,26710016,26714448,18583872,18586368
object_crow,26718208,26722512,18586368,18588080
object_cow,26726400,26746544,18588080,18597408
object_cob,26746880,26755600,18597408,18600320
object_gi_sword_1,26759168,26762528,18600320,18601888
object_door_killer,26763264,26770400,18601888,18603504
object_ouke_haka,26771456,26773872,18603504,18605360
object_timeblock,26775552,26778464,18605360,18607616
object_zl4,26779648,26897952,18607616,18675728
g_pn_01,26898432,26905344,18675728,18677408
g_pn_02,26906624,26913536,18677408,18678816
g_pn_03,26914816,26921728,18678816,18680432
g_pn_04,26923008,26929920,18680432,18682096
g_pn_05,26931200,26938112,18682096,18683600
g_pn_06,26939392,26946304,18683600,18685616
g_pn_07,26947584,26954496,18685616,18687920
g_pn_08,26955776,26962688,18687920,18689776
g_pn_09,26963968,26970880,18689776,18691616
g_pn_10,26972160,26979072,18691616,18693248
g_pn_11,26980352,26987264,18693248,18695424
g_pn_12,26988544,26995456,18695424,18696992
g_pn_13,26996736,27003648,18696992,18698752
g_pn_14,27004928,27011840,18698752,18700192
g_pn_15,27013120,27020032,18700192,18701472
g_pn_16,27021312,27028224,18701472,18702896
g_pn_17,27029504,27036416,18702896,18704192
g_pn_18,27037696,27044608,18704192,18705552
g_pn_19,27045888,27052800,18705552,18707232
g_pn_20,27054080,27060992,18707232,18708944
g_pn_21,27062272,27069184,18708944,18710576
g_pn_22,27070464,27077376,18710576,18712272
g_pn_23,27078656,27085568,18712272,18713680
g_pn_24,27086848,27093760,18713680,18714736
g_pn_25,27095040,27101952,18714736,18716512
g_pn_26,27103232,27110144,18716512,18718544
g_pn_27,27111424,27118336,18718544,18720272
g_pn_28,27119616,27126528,18720272,18721728
g_pn_29,27127808,27134720,18721728,18722656
g_pn_30,27136000,27142912,18722656,18723792
g_pn_31,27144192,27151104,18723792,18725376
g_pn_32,27152384,27159296,18725376,18727024
g_pn_33,27160576,27167488,18727024,18728320
g_pn_34,27168768,27175680,18728320,18729712
g_pn_35,27176960,27183872,18729712,18731504
g_pn_36,27185152,27192064,18731504,18733360
g_pn_37,27193344,27200256,18733360,18735056
g_pn_38,27201536,27208448,18735056,18736704
g_pn_39,27209728,27216640,18736704,18738528
g_pn_40,27217920,27224832,18738528,18740512
g_pn_41,27226112,27233024,18740512,18741968
g_pn_42,27234304,27241216,18741968,18743552
g_pn_43,27242496,27249408,18743552,18744992
g_pn_44,27250688,27257600,18744992,18746464
g_pn_45,27258880,27265792,18746464,18747920
g_pn_46,27267072,27273984,18747920,18748976
g_pn_47,27275264,27282176,18748976,18751136
g_pn_48,27283456,27290368,18751136,18752144
g_pn_49,27291648,27298560,18752144,18754112
g_pn_50,27299840,27306752,18754112,18755600
g_pn_51,27308032,27314944,18755600,18756976
g_pn_52,27316224,27323136,18756976,18758416
g_pn_53,27324416,27331328,18758416,18760048
g_pn_54,27332608,27339520,18760048,18761232
g_pn_55,27340800,27347712,18761232,18763056
g_pn_56,27348992,27355904,18763056,18764688
g_pn_57,27357184,27364096,18764688,18765072
z_select_static,27365376,27374080,18765072,18766800
nintendo_rogo_static,27377664,27389376,18766800,18771280
title_static,27389952,27624896,18771280,18880320
parameter_static,27627520,27642880,18880320,18883984
vr_fine0_static,27643904,27693056,18883984,18892800
vr_fine0_pal_static,27693056,27693312,18892800,0
vr_fine1_static,27697152,27746304,18893056,18913136
vr_fine1_pal_static,27746304,27746560,18913136,0
vr_fine2_static,27750400,27799552,18913392,18930352
vr_fine2_pal_static,27799552,27799808,18930352,0
vr_fine3_static,27803648,27852800,18930608,18942800
vr_fine3_pal_static,27852800,27853056,18942800,0
vr_cloud0_static,27856896,27906048,18943056,18965760
vr_cloud0_pal_static,27906048,27906304,18965760,0
vr_cloud1_static,27910144,27959296,18966016,18989488
vr_cloud1_pal_static,27959296,27959552,18989488,0
vr_cloud2_static,27963392,28012544,18989744,19013872
vr_cloud2_pal_static,28012544,28012800,19013872,0
vr_cloud3_static,28016640,28065792,19014128,19030976
vr_cloud3_pal_static,28065792,28066048,19030976,0
vr_holy0_static,28069888,28135424,19031232,19048528
vr_holy0_pal_static,28135424,28135680,19048528,0
vr_holy1_static,28139520,28205056,19048784,19065264
vr_holy1_pal_static,28205056,28205312,19065264,0
vr_MDVR_static,28209152,28471296,19065520,19230928
vr_MDVR_pal_static,28471296,28473344,19230928,0
vr_MNVR_static,28475392,28737536,19232976,19371152
vr_MNVR_pal_static,28737536,28739584,19371152,0
vr_RUVR_static,28741632,29003776,19373200,19564064
vr_RUVR_pal_static,29003776,29005824,19564064,0
vr_LHVR_static,29007872,29270016,19566112,19769328
vr_LHVR_pal_static,29270016,29272064,19769328,0
vr_KHVR_static,29274112,29536256,19771376,19967872
vr_KHVR_pal_static,29536256,29538304,19967872,0
vr_K3VR_static,29540352,29736960,19969920,20119696
vr_K3VR_pal_static,29736960,29738496,20119696,0
vr_K4VR_static,29741056,29937664,20121232,20271792
vr_K4VR_pal_static,29937664,29939200,20271792,0
vr_K5VR_static,29941760,30138368,20273328,20424704
vr_K5VR_pal_static,30138368,30139904,20424704,0
vr_SP1a_static,30142464,30273536,20426240,20478928
vr_SP1a_pal_static,30273536,30274560,20478928,0
vr_MLVR_static,30277632,30539776,20479952,20674144
vr_MLVR_pal_static,30539776,30541824,20674144,0
vr_KKRVR_static,30543872,30806016,20676192,20805376
vr_KKRVR_pal_static,30806016,30808064,20805376,0
vr_KR3VR_static,30810112,31006720,20807424,20909760
vr_KR3VR_pal_static,31006720,31008256,20909760,0
vr_IPVR_static,31010816,31272960,20911296,21040416
vr_IPVR_pal_static,31272960,31275008,21040416,0
vr_KSVR_static,31277056,31408128,21042464,21125680
vr_KSVR_pal_static,31408128,31409152,21125680,0
vr_GLVR_static,31412224,31543296,21126704,21220192
vr_GLVR_pal_static,31543296,31544320,21220192,0
vr_ZRVR_static,31547392,31678464,21221216,21302224
vr_ZRVR_pal_static,31678464,31679488,21302224,0
vr_DGVR_static,31682560,31813632,21303248,21379008
vr_DGVR_pal_static,31813632,31814656,21379008,0
vr_ALVR_static,31817728,31948800,21380032,21466176
vr_ALVR_pal_static,31948800,31949824,21466176,0
vr_NSVR_static,31952896,32083968,21467200,21546064
vr_NSVR_pal_static,32083968,32084992,21546064,0
vr_LBVR_static,32088064,32350208,21547088,21706528
vr_LBVR_pal_static,32350208,32352256,21706528,0
vr_TTVR_static,32354304,32550912,21708576,21831056
vr_TTVR_pal_static,32550912,32552448,21831056,0
vr_FCVR_static,32555008,32686080,21832592,21901152
vr_FCVR_pal_static,32686080,32687104,21901152,0
elf_message_field,32690176,32690288,21902176,21902304
elf_message_ydan,32694272,32694288,21902304,21902320
ydan_scene,32698368,32754192,21902320,21930288
ydan_room_0,32755712,32842480,21930288,21976624
ydan_room_1,32845824,32862544,21976624,21988192
ydan_room_2,32866304,32890416,21988192,22003120
ydan_room_3,32890880,32973216,22003120,22051568
ydan_room_4,32976896,32996304,22051568,22063888
ydan_room_5,32997376,33030944,22063888,22083840
ydan_room_6,33034240,33054400,22083840,22097008
ydan_room_7,33054720,33089808,22097008,22121392
ydan_room_8,33091584,33094912,22121392,22123216
ydan_room_9,33095680,33134752,22123216,22150400
ydan_room_10,33136640,33156480,22150400,22161984
ydan_room_11,33157120,33186160,22161984,22177216
ddan_scene,33189888,33276224,22177216,22219840
ddan_room_0,33280000,33392800,22219840,22265632
ddan_room_1,33394688,33434368,22265632,22284208
ddan_room_2,33435648,33467808,22284208,22299856
ddan_room_3,33468416,33525184,22299856,22325152
ddan_room_4,33525760,33564752,22325152,22341712
ddan_room_5,33566720,33591008,22341712,22353072
ddan_room_6,33591296,33600512,22353072,22358224
ddan_room_7,33603584,33634000,22358224,22370848
ddan_room_8,33636352,33674240,22370848,22390416
ddan_room_9,33677312,33723728,22390416,22411648
ddan_room_10,33726464,33758800,22411648,22427984
ddan_room_11,33759232,33767552,22427984,22432320
ddan_room_12,33771520,33806128,22432320,22449360
ddan_room_13,33808384,33817728,22449360,22454576
ddan_room_14,33820672,33830032,22454576,22459760
ddan_room_15,33832960,33843280,22459760,22465536
ddan_room_16,33845248,33867088,22465536,22479264
bdan_scene,33869824,33957824,22479264,22527296
bdan_room_0,33959936,33976432,22527296,22534880
bdan_room_1,33980416,34004624,22534880,22542992
bdan_room_2,34004992,34042320,22542992,22561376
bdan_room_3,34045952,34074976,22561376,22577408
bdan_room_4,34078720,34095184,22577408,22584192
bdan_room_5,34099200,34123808,22584192,22597680
bdan_room_6,34127872,34144832,22597680,22603872
bdan_room_7,34148352,34161952,22603872,22609984
bdan_room_8,34164736,34179200,22609984,22614384
bdan_room_9,34181120,34196592,22614384,22619824
bdan_room_10,34197504,34211888,22619824,22624176
bdan_room_11,34213888,34228224,22624176,22628544
bdan_room_12,34230272,34245840,22628544,22634048
bdan_room_13,34246656,34257744,22634048,22641328
bdan_room_14,34258944,34284000,22641328,22653888
bdan_room_15,34287616,34297568,22653888,22656976
Bmori1_scene,34299904,34389904,22656976,22699952
Bmori1_room_0,34390016,34446272,22699952,22730544
Bmori1_room_1,34447360,34470752,22730544,22740640
Bmori1_room_2,34471936,34535984,22740640,22765840
Bmori1_room_3,34537472,34552336,22765840,22772000
Bmori1_room_4,34553856,34566832,22772000,22776384
Bmori1_room_5,34570240,34584032,22776384,22782432
Bmori1_room_6,34586624,34624704,22782432,22795088
Bmori1_room_7,34627584,34705408,22795088,22829024
Bmori1_room_8,34705408,34802544,22829024,22868560
Bmori1_room_9,34803712,34845072,22868560,22885488
Bmori1_room_10,34848768,34870240,22885488,22897344
Bmori1_room_11,34873344,34917328,22897344,22912144
Bmori1_room_12,34918400,34952160,22912144,22927504
Bmori1_room_13,34955264,34990768,22927504,22943120
Bmori1_room_14,34992128,35015600,22943120,22953168
Bmori1_room_15,35016704,35026576,22953168,22958672
Bmori1_room_16,35028992,35049376,22958672,22966720
Bmori1_room_17,35049472,35086672,22966720,22980000
Bmori1_room_18,35090432,35095360,22980000,22982192
Bmori1_room_19,35098624,35099920,22982192,22982896
Bmori1_room_20,35102720,35107584,22982896,22985760
Bmori1_room_21,35110912,35116928,22985760,22988416
Bmori1_room_22,35119104,35126752,22988416,22991344
HIDAN_scene,35127296,35236208,22991344,23044032
HIDAN_room_0,35237888,35267264,23044032,23055424
HIDAN_room_1,35270656,35322336,23055424,23076144
HIDAN_room_2,35323904,35389392,23076144,23099168
HIDAN_room_3,35389440,35398880,23099168,23103552
HIDAN_room_4,35401728,35432592,23103552,23115600
HIDAN_room_5,35434496,35476016,23115600,23129248
HIDAN_room_6,35479552,35508128,23129248,23141872
HIDAN_room_7,35508224,35523040,23141872,23148336
HIDAN_room_8,35524608,35564224,23148336,23165392
HIDAN_room_9,35565568,35600240,23165392,23178464
HIDAN_room_10,35602432,35701920,23178464,23210864
HIDAN_room_11,35704832,35719104,23210864,23216864
HIDAN_room_12,35721216,35732352,23216864,23221216
HIDAN_room_13,35733504,35785696,23221216,23237536
HIDAN_room_14,35786752,35795552,23237536,23241520
HIDAN_room_15,35799040,35803600,23241520,23243568
HIDAN_room_16,35807232,35854704,23243568,23263376
HIDAN_room_17,35856384,35893568,23263376,23277136
HIDAN_room_18,35897344,35912576,23277136,23284112
HIDAN_room_19,35913728,35930592,23284112,23291408
HIDAN_room_20,35934208,35962128,23291408,23303424
HIDAN_room_21,35962880,35996864,23303424,23319232
HIDAN_room_22,35999744,36027136,23319232,23330992
HIDAN_room_23,36028416,36056352,23330992,23343072
HIDAN_room_24,36057088,36078912,23343072,23351824
HIDAN_room_25,36081664,36109024,23351824,23364080
HIDAN_room_26,36110336,36137120,23364080,23374064
MIZUsin_scene,36139008,36228336,23374064,23413584
MIZUsin_room_0,36229120,36318336,23413584,23451936
MIZUsin_room_1,36319232,36360544,23451936,23469200
MIZUsin_room_2,36364288,36387728,23469200,23480800
MIZUsin_room_3,36388864,36415248,23480800,23492976
MIZUsin_room_4,36417536,36442080,23492976,23505184
MIZUsin_room_5,36442112,36484592,23505184,23527424
MIZUsin_room_6,36487168,36532928,23527424,23549664
MIZUsin_room_7,36536320,36558160,23549664,23560144
MIZUsin_room_8,36560896,36617424,23560144,23589024
MIZUsin_room_9,36618240,36650976,23589024,23604736
MIZUsin_room_10,36651008,36675504,23604736,23615488
MIZUsin_room_11,36675584,36694448,23615488,23624672
MIZUsin_room_12,36696064,36724112,23624672,23636880
MIZUsin_room_13,36724736,36727296,23636880,23638112
MIZUsin_room_14,36728832,36757088,23638112,23650704
MIZUsin_room_15,36757504,36787248,23650704,23665664
MIZUsin_room_16,36790272,36805328,23665664,23674000
MIZUsin_room_17,36806656,36842016,23674000,23688816
MIZUsin_room_18,36843520,36860096,23688816,23697568
MIZUsin_room_19,36864000,36878640,23697568,23706016
MIZUsin_room_20,36880384,36906816,23706016,23719536
MIZUsin_room_21,36909056,36938912,23719536,23733584
MIZUsin_room_22,36941824,36978928,23733584,23749984
jyasinzou_scene,36982784,37088064,23749984,23803632
jyasinzou_room_0,37089280,37158720,23803632,23832544
jyasinzou_room_1,37158912,37196544,23832544,23847888
jyasinzou_room_2,37199872,37223440,23847888,23856880
jyasinzou_room_3,37224448,37239632,23856880,23864544
jyasinzou_room_4,37240832,37270128,23864544,23879024
jyasinzou_room_5,37273600,37371712,23879024,23920672
jyasinzou_room_6,37371904,37390336,23920672,23927536
jyasinzou_room_7,37392384,37414160,23927536,23936048
jyasinzou_room_8,37416960,37449840,23936048,23949136
jyasinzou_room_9,37453824,37477872,23949136,23958304
jyasinzou_room_10,37478400,37511584,23958304,23971472
jyasinzou_room_11,37515264,37519376,23971472,23973664
jyasinzou_room_12,37523456,37531744,23973664,23977984
jyasinzou_room_13,37535744,37558352,23977984,23989664
jyasinzou_room_14,37560320,37579920,23989664,23997792
jyasinzou_room_15,37580800,37614704,23997792,24011152
jyasinzou_room_16,37617664,37642640,24011152,24021008
jyasinzou_room_17,37646336,37684752,24021008,24034800
jyasinzou_room_18,37687296,37711024,24034800,24044416
jyasinzou_room_19,37711872,37735904,24044416,24053552
jyasinzou_room_20,37736448,37769664,24053552,24066720
jyasinzou_room_21,37773312,37791312,24066720,24074672
jyasinzou_room_22,37793792,37806288,24074672,24080672
jyasinzou_room_23,37810176,37847440,24080672,24096864
jyasinzou_room_24,37851136,37876912,24096864,24106912
jyasinzou_room_25,37879808,37968752,24106912,24146144
jyasinzou_room_26,37969920,38021920,24146144,24169776
jyasinzou_room_27,38023168,38045376,24169776,24176048
jyasinzou_room_28,38047744,38083104,24176048,24191136
HAKAdan_scene,38084608,38183872,24191136,24239760
HAKAdan_room_0,38187008,38232256,24239760,24252688
HAKAdan_room_1,38236160,38243008,24252688,24255936
HAKAdan_room_2,38244352,38287632,24255936,24274528
HAKAdan_room_3,38289408,38299968,24274528,24280352
HAKAdan_room_4,38301696,38308928,24280352,24283712
HAKAdan_room_5,38309888,38333024,24283712,24293296
HAKAdan_room_6,38334464,38364528,24293296,24304976
HAKAdan_room_7,38367232,38374064,24304976,24308208
HAKAdan_room_8,38375424,38396000,24308208,24316688
HAKAdan_room_9,38400000,38452064,24316688,24337472
HAKAdan_room_10,38453248,38483872,24337472,24350288
HAKAdan_room_11,38486016,38501696,24350288,24358160
HAKAdan_room_12,38502400,38524704,24358160,24367744
HAKAdan_room_13,38526976,38530992,24367744,24370128
HAKAdan_room_14,38531072,38553920,24370128,24379920
HAKAdan_room_15,38555648,38584944,24379920,24390240
HAKAdan_room_16,38588416,38598784,24390240,24395008
HAKAdan_room_17,38600704,38612176,24395008,24400608
HAKAdan_room_18,38612992,38666880,24400608,24415456
HAKAdan_room_19,38670336,38681888,24415456,24421504
HAKAdan_room_20,38682624,38690336,24421504,24425088
HAKAdan_room_21,38690816,38737072,24425088,24444928
HAKAdan_room_22,38739968,38750624,24444928,24450864
HAKAdanCH_scene,38752256,38802784,24450864,24476688
HAKAdanCH_room_0,38805504,38893040,24476688,24512224
HAKAdanCH_room_1,38895616,38941392,24512224,24528336
HAKAdanCH_room_2,38944768,38957456,24528336,24532800
HAKAdanCH_room_3,38961152,38968416,24532800,24535904
HAKAdanCH_room_4,38969344,38978640,24535904,24540896
HAKAdanCH_room_5,38981632,38992224,24540896,24546288
HAKAdanCH_room_6,38993920,39005824,24546288,24553936
ice_doukutu_scene,39006208,39077360,24553936,24602368
ice_doukutu_room_0,39079936,39114336,24602368,24621968
ice_doukutu_room_1,39116800,39167296,24621968,24651808
ice_doukutu_room_2,39170048,39193328,24651808,24667824
ice_doukutu_room_3,39194624,39227520,24667824,24687808
ice_doukutu_room_4,39231488,39261808,24687808,24707552
ice_doukutu_room_5,39264256,39299216,24707552,24727952
ice_doukutu_room_6,39301120,39318112,24727952,24738128
ice_doukutu_room_7,39321600,39344368,24738128,24749440
ice_doukutu_room_8,39346176,39352656,24749440,24752672
ice_doukutu_room_9,39354368,39388752,24752672,24770320
ice_doukutu_room_10,39391232,39408608,24770320,24782512
ice_doukutu_room_11,39411712,39434496,24782512,24795568
men_scene,39436288,39507248,24795568,24834800
men_room_0,39510016,39575440,24834800,24867120
men_room_1,39575552,39613072,24867120,24886128
men_room_2,39616512,39636864,24886128,24894848
men_room_3,39636992,39668768,24894848,24911328
men_room_4,39669760,39711056,24911328,24934992
men_room_5,39714816,39735520,24934992,24946816
men_room_6,39739392,39771968,24946816,24964240
men_room_7,39772160,39805744,24964240,24982688
men_room_8,39809024,39842320,24982688,24994304
men_room_9,39845888,39860464,24994304,25001456
men_room_10,39862272,39885920,25001456,25014720
ganontika_scene,39886848,40024000,25014720,25085312
ganontika_room_0,40026112,40063424,25085312,25096544
ganontika_room_1,40067072,40184240,25096544,25142016
ganontika_room_2,40185856,40216544,25142016,25155728
ganontika_room_3,40218624,40257936,25155728,25173552
ganontika_room_4,40259584,40291472,25173552,25186384
ganontika_room_5,40292352,40322368,25186384,25198416
ganontika_room_6,40325120,40389616,25198416,25217184
ganontika_room_7,40390656,40422544,25217184,25230416
ganontika_room_8,40423424,40460400,25230416,25243792
ganontika_room_9,40464384,40511632,25243792,25257008
ganontika_room_10,40513536,40541040,25257008,25267360
ganontika_room_11,40542208,40569168,25267360,25277600
ganontika_room_12,40570880,40616816,25277600,25294480
ganontika_room_13,40620032,40652096,25294480,25307792
ganontika_room_14,40652800,40694176,25307792,25320912
ganontika_room_15,40697856,40729920,25320912,25334240
ganontika_room_16,40730624,40742432,25334240,25338192
ganontika_room_17,40742912,40777376,25338192,25348512
ganontika_room_18,40779776,40830576,25348512,25364768
ganontika_room_19,40833024,40865088,25364768,25378032
spot00_scene,40865792,41038368,25378032,25467056
spot00_room_0,41041920,41128496,25467056,25497584
spot01_scene,41132032,41247056,25497584,25564768
spot01_room_0,41250816,41291488,25564768,25579760
spot02_scene,41291776,41340032,25579760,25604064
spot02_room_0,41340928,41350880,25604064,25607136
spot02_room_1,41353216,41475984,25607136,25670928
spot03_scene,41476096,41522528,25670928,25699856
spot03_room_0,41525248,41580928,25699856,25724608
spot03_room_1,41582592,41612544,25724608,25739504
spot04_scene,41615360,41685568,25739504,25778784
spot04_room_0,41689088,41800848,25778784,25833536
spot04_room_1,41803776,41837952,25833536,25851120
spot04_room_2,41840640,41861232,25851120,25861680
spot05_scene,41865216,41950560,25861680,25910016
spot05_room_0,41951232,41991936,25910016,25923776
spot06_scene,41992192,42103856,25923776,25990368
spot06_room_0,42106880,42149408,25990368,26007040
spot07_scene,42151936,42190880,26007040,26031344
spot07_room_0,42192896,42218224,26031344,26040576
spot07_room_1,42221568,42273184,26040576,26063152
spot08_scene,42274816,42346144,26063152,26109776
spot08_room_0,42348544,42381664,26109776,26122784
spot09_scene,42385408,42455392,26122784,26161760
spot09_room_0,42459136,42493888,26161760,26174720
spot10_scene,42496000,42562608,26174720,26211632
spot10_room_0,42565632,42575344,26211632,26214928
spot10_room_1,42577920,42611760,26214928,26230912
spot10_room_2,42614784,42634224,26230912,26239632
spot10_room_3,42635264,42658480,26239632,26250672
spot10_room_4,42659840,42669264,26250672,26253728
spot10_room_5,42672128,42700784,26253728,26265360
spot10_room_6,42700800,42715888,26265360,26273360
spot10_room_7,42717184,42726848,26273360,26276480
spot10_room_8,42729472,42739312,26276480,26279680
spot10_room_9,42741760,42757088,26279680,26287120
spot11_scene,42758144,42861792,26287120,26349600
spot11_room_0,42864640,42915776,26349600,26372080
spot12_scene,42917888,42983040,26372080,26407696
spot12_room_0,42983424,43054528,26407696,26439008
spot12_room_1,43057152,43106464,26439008,26463408
spot13_scene,43110400,43134512,26463408,26477648
spot13_room_0,43134976,43137296,26477648,26478800
spot13_room_1,43139072,43215424,26478800,26517552
spot15_scene,43216896,43316480,26517552,26576544
spot15_room_0,43319296,43372992,26576544,26595872
spot16_scene,43376640,43502224,26595872,26676320
spot16_room_0,43503616,43547920,26676320,26694768
spot17_scene,43548672,43613920,26694768,26732976
spot17_room_0,43614208,43640960,26732976,26744752
spot17_room_1,43642880,43717472,26744752,26774784
spot18_scene,43720704,43762768,26774784,26797600
spot18_room_0,43765760,43841488,26797600,26829776
spot18_room_1,43843584,43868672,26829776,26843664
spot18_room_2,43872256,43944368,26843664,26876992
spot18_room_3,43945984,44068080,26876992,26929552
market_day_scene,44068864,44078704,26929552,26933792
market_day_room_0,44081152,44103792,26933792,26938304
market_night_scene,44105728,44115504,26938304,26942480
market_night_room_0,44118016,44140448,26942480,26946848
kenjyanoma_scene,44142592,44157168,26946848,26951712
kenjyanoma_room_0,44158976,44237072,26951712,26986208
tokinoma_scene,44240896,44316576,26986208,27013552
tokinoma_room_0,44318720,44413408,27013552,27039504
tokinoma_room_1,44417024,44445904,27039504,27049312
link_home_scene,44449792,44456800,27049312,27051904
link_home_room_0,44457984,44620928,27051904,27078080
kokiri_shop_scene,44621824,44624256,27078080,27079232
kokiri_shop_room_0,44625920,44825744,27079232,27106496
kokiri_home_scene,44826624,44829888,27106496,27108000
kokiri_home_room_0,44830720,45009968,27108000,27137984
kakusiana_scene,45010944,45066272,27137984,27172576
kakusiana_room_0,45068288,45097632,27172576,27188864
kakusiana_room_1,45101056,45121936,27188864,27201696
kakusiana_room_2,45125632,45136064,27201696,27207456
kakusiana_room_3,45137920,45158704,27207456,27220288
kakusiana_room_4,45162496,45193568,27220288,27240560
kakusiana_room_5,45195264,45213408,27240560,27253904
kakusiana_room_6,45215744,45238896,27253904,27266400
kakusiana_room_7,45240320,45256656,27266400,27276512
kakusiana_room_8,45256704,45270576,27276512,27283440
kakusiana_room_9,45273088,45296336,27283440,27295968
kakusiana_room_10,45297664,45320752,27295968,27311504
kakusiana_room_11,45322240,45356720,27311504,27329936
kakusiana_room_12,45359104,45391440,27329936,27347776
kakusiana_room_13,45391872,45420240,27347776,27366816
entra_scene,45420544,45421536,27366816,27367312
entra_room_0,45424640,45579120,27367312,27393408
moribossroom_scene,45580288,45586688,27393408,27397808
moribossroom_room_0,45588480,45612736,27397808,27410528
moribossroom_room_1,45613056,45669040,27410528,27435568
syatekijyou_scene,45670400,45720256,27435568,27461456
syatekijyou_room_0,45723648,45754096,27461456,27469744
shop1_scene,45756416,45757168,27469744,27470112
shop1_room_0,45760512,45930416,27470112,27489088
hairal_niwa_scene,45932544,46003088,27489088,27527968
hairal_niwa_room_0,46006272,46049504,27527968,27540640
ganon_tou_scene,46051328,46070640,27540640,27552464
ganon_tou_room_0,46071808,46152432,27552464,27595664
market_alley_scene,46153728,46158416,27595664,27597600
market_alley_room_0,46161920,46642944,27597600,27657536
spot20_scene,46645248,46718400,27657536,27696544
spot20_room_0,46718976,46745296,27696544,27705264
market_ruins_scene,46747648,46753328,27705264,27707744
market_ruins_room_0,46755840,46766112,27707744,27709776
entra_n_scene,46768128,46769200,27709776,27710320
entra_n_room_0,46772224,46926704,27710320,27727792
enrui_scene,46927872,46928864,27727792,27728304
enrui_room_0,46931968,47086432,27728304,27750800
market_alley_n_scene,47087616,47092464,27750800,27752848
market_alley_n_room_0,47095808,47576816,27752848,27796960
hiral_demo_scene,47579136,47594832,27796960,27802016
hiral_demo_room_0,47595520,47597120,27802016,27802400
kokiri_home3_scene,47599616,47605664,27802400,27805056
kokiri_home3_room_0,47607808,47830544,27805056,27843584
malon_stable_scene,47833088,47834736,27843584,27844320
malon_stable_room_0,47837184,48026192,27844320,27870464
kakariko_scene,48029696,48033440,27870464,27872192
kakariko_room_0,48033792,48209856,27872192,27891632
bdan_boss_scene,48209920,48213568,27891632,27893584
bdan_boss_room_0,48214016,48226336,27893584,27900176
bdan_boss_room_1,48230400,48251072,27900176,27909584
FIRE_bs_scene,48254976,48274432,27909584,27919632
FIRE_bs_room_0,48275456,48292464,27919632,27927776
FIRE_bs_room_1,48295936,48324576,27927776,27940672
hut_scene,48324608,48325904,27940672,27941296
hut_room_0,48328704,48498080,27941296,27958912
daiyousei_izumi_scene,48500736,48558080,27958912,27982240
daiyousei_izumi_room_0,48558080,48572688,27982240,27987248
hakaana_scene,48574464,48577168,27987248,27988528
hakaana_room_0,48578560,48609488,27988528,28003824
yousei_izumi_tate_scene,48611328,48646160,28003824,28024672
yousei_izumi_tate_room_0,48648192,48665296,28024672,28030656
yousei_izumi_yoko_scene,48668672,48721312,28030656,28051056
yousei_izumi_yoko_room_0,48721920,48738320,28051056,28056768
golon_scene,48742400,48743328,28056768,28057264
golon_room_0,48746496,48902608,28057264,28073264
zoora_scene,48906240,48907152,28073264,28073744
zoora_room_0,48910336,49066464,28073744,28091760
drag_scene,49070080,49071088,28091760,28092256
drag_room_0,49074176,49253984,28092256,28113840
alley_shop_scene,49254400,49255856,28113840,28114560
alley_shop_room_0,49258496,49417264,28114560,28131344
night_shop_scene,49418240,49419888,28131344,28132176
night_shop_room_0,49422336,49588576,28132176,28150576
impa_scene,49590272,49593616,28150576,28152032
impa_room_0,49594368,49754016,28152032,28167808
labo_scene,49754112,49757936,28167808,28169456
labo_room_0,49758208,49940208,28169456,28193968
tent_scene,49942528,49944192,28193968,28194752
tent_room_0,49946624,50157216,28194752,28227056
nakaniwa_scene,50159616,50174496,28227056,28232272
nakaniwa_room_0,50176000,50273984,28232272,28282928
ddan_boss_scene,50274304,50284640,28282928,28290704
ddan_boss_room_0,50286592,50306608,28290704,28298768
ddan_boss_room_1,50307072,50322912,28298768,28307680
ydan_boss_scene,50323456,50329408,28307680,28311808
ydan_boss_room_0,50331648,50360304,28311808,28332912
ydan_boss_room_1,50360320,50386928,28332912,28346432
HAKAdan_bs_scene,50388992,50399104,28346432,28352608
HAKAdan_bs_room_0,50401280,50412000,28352608,28356304
HAKAdan_bs_room_1,50413568,50437968,28356304,28368928
MIZUsin_bs_scene,50438144,50444896,28368928,28371872
MIZUsin_bs_room_0,50446336,50463856,28371872,28381696
MIZUsin_bs_room_1,50466816,50512624,28381696,28401680
ganon_scene,50515968,50583472,28401680,28434512
ganon_room_0,50585600,50618064,28434512,28446160
ganon_room_1,50618368,50648944,28446160,28455456
ganon_room_2,50651136,50681936,28455456,28466656
ganon_room_3,50683904,50714416,28466656,28476704
ganon_room_4,50716672,50753744,28476704,28491952
ganon_room_5,50757632,50793232,28491952,28505344
ganon_room_6,50794496,50834336,28505344,28520448
ganon_room_7,50835456,50878368,28520448,28535312
ganon_room_8,50880512,50908128,28535312,28545936
ganon_room_9,50909184,50932000,28545936,28559216
ganon_boss_scene,50933760,50965536,28559216,28580336
ganon_boss_room_0,50966528,50990720,28580336,28585408
jyasinboss_scene,50991104,51027184,28585408,28601008
jyasinboss_room_0,51027968,51032016,28601008,28602864
jyasinboss_room_1,51032064,51064384,28602864,28616400
jyasinboss_room_2,51064832,51080640,28616400,28622160
jyasinboss_room_3,51081216,51128064,28622160,28647312
kokiri_home4_scene,51130368,51137200,28647312,28650480
kokiri_home4_room_0,51138560,51370320,28650480,28696016
kokiri_home5_scene,51372032,51377168,28696016,28698368
kokiri_home5_room_0,51380224,51580768,28698368,28732256
ganon_final_scene,51580928,51655040,28732256,28779744
ganon_final_room_0,51658752,51711664,28779744,28796528
kakariko3_scene,51712000,51714112,28796528,28797488
kakariko3_room_0,51716096,51889536,28797488,28820176
hakasitarelay_scene,51892224,51950192,28820176,28851760
hakasitarelay_room_0,51953664,51983040,28851760,28867152
hakasitarelay_room_1,51986432,52012832,28867152,28880096
hakasitarelay_room_2,52015104,52049072,28880096,28896512
hakasitarelay_room_3,52051968,52088032,28896512,28916288
hakasitarelay_room_4,52088832,52106368,28916288,28928000
hakasitarelay_room_5,52109312,52126800,28928000,28938656
hakasitarelay_room_6,52129792,52161200,28938656,28956240
shrine_scene,52162560,52167904,28956240,28958544
shrine_room_0,52170752,52509424,28958544,29006064
turibori_scene,52510720,52586208,29006064,29049520
turibori_room_0,52588544,52615008,29049520,29059728
shrine_n_scene,52617216,52622592,29059728,29062032
shrine_n_room_0,52625408,52964112,29062032,29097472
shrine_r_scene,52965376,52970640,29097472,29099696
shrine_r_room_0,52973568,53312240,29099696,29136080
hakaana2_scene,53313536,53366928,29136080,29170592
hakaana2_room_0,53370880,53397520,29170592,29179616
gerudoway_scene,53399552,53455136,29179616,29207024
gerudoway_room_0,53456896,53476672,29207024,29215296
gerudoway_room_1,53477376,53506736,29215296,29227584
gerudoway_room_2,53510144,53526096,29227584,29233104
gerudoway_room_3,53526528,53572368,29233104,29250880
gerudoway_room_4,53575680,53590304,29250880,29256224
gerudoway_room_5,53592064,53612096,29256224,29262928
hairal_niwa_n_scene,53612544,53649648,29262928,29285488
hairal_niwa_n_room_0,53653504,53667360,29285488,29289504
bowling_scene,53669888,53730080,29289504,29320016
bowling_room_0,53731328,53756384,29320016,29328176
hakaana_ouke_scene,53760000,53779168,29328176,29338032
hakaana_ouke_room_0,53780480,53823488,29338032,29354656
hakaana_ouke_room_1,53825536,53843968,29354656,29363632
hakaana_ouke_room_2,53846016,53870864,29363632,29377520
hylia_labo_scene,53874688,53944464,29377520,29411840
hylia_labo_room_0,53948416,53978576,29411840,29421360
souko_scene,53981184,54008848,29421360,29434800
souko_room_0,54009856,54048064,29434800,29452656
souko_room_1,54050816,54092848,29452656,29471360
souko_room_2,54095872,54129024,29471360,29486176
miharigoya_scene,54132736,54183248,29486176,29512272
miharigoya_room_0,54185984,54201776,29512272,29517072
mahouya_scene,54202368,54245920,29517072,29542848
mahouya_room_0,54247424,54274704,29542848,29551488
takaraya_scene,54276096,54305200,29551488,29564768
takaraya_room_0,54308864,54349248,29564768,29583472
takaraya_room_1,54349824,54358016,29583472,29586832
takaraya_room_2,54358016,54366256,29586832,29590224
takaraya_room_3,54370304,54380576,29590224,29595024
takaraya_room_4,54382592,54394912,29595024,29601040
takaraya_room_5,54398976,54411264,29601040,29607056
takaraya_room_6,54411264,54422272,29607056,29612112
ganon_sonogo_scene,54423552,54456080,29612112,29627376
ganon_sonogo_room_0,54456320,54488704,29627376,29639472
ganon_sonogo_room_1,54489088,54520752,29639472,29651264
ganon_sonogo_room_2,54521856,54557856,29651264,29666832
ganon_sonogo_room_3,54558720,54580800,29666832,29674928
ganon_sonogo_room_4,54583296,54619376,29674928,29690208
ganon_demo_scene,54620160,54657136,29690208,29716448
ganon_demo_room_0,54661120,54677840,29716448,29724048
face_shop_scene,54681600,54682480,29724048,29724512
face_shop_room_0,54685696,54875712,29724512,29753040
kinsuta_scene,54878208,54883856,29753040,29755808
kinsuta_room_0,54886400,54943904,29755808,29791392
ganontikasonogo_scene,54947840,54967040,29791392,29800864
ganontikasonogo_room_0,54968320,55065472,29800864,29838832
ganontikasonogo_room_1,55066624,55107360,29838832,29853168
bump_texture_static,55107584,55108608,29853168,29853760
anime_model_1_static,55111680,55111696,29853760,29853776
anime_model_2_static,55115776,55115792,29853776,29853792
anime_model_3_static,55119872,55119888,29853792,29853808
anime_model_4_static,55123968,55123984,29853808,29853824
anime_model_5_static,55128064,55128080,29853824,29853840
anime_model_6_static,55132160,55132176,29853840,29853856
anime_texture_1_static,55136256,55136272,29853856,29853872
anime_texture_2_static,55140352,55140368,29853872,29853888
anime_texture_3_static,55144448,55144464,29853888,29853904
anime_texture_4_static,55148544,55148560,29853904,29853920
anime_texture_5_static,55152640,55152656,29853920,29853936
anime_texture_6_static,55156736,55156752,29853936,29853952
softsprite_matrix_static,55160832,55160896,29853952,29853984
