makerom,0,4192,0,0
boot,4192,77680,4192,0
dmadata,77680,102448,77680,0
Audiobank,102448,282096,102448,0
Audioseq,282096,608368,282096,0
Audiotable,608368,5135360,608368,0
link_animetion,5135360,7649328,5135360,0
icon_item_static,7651328,8215712,7651328,0
icon_item_24_static,8216576,8262656,8216576,0
icon_item_field_static,8265728,8313136,8265728,0
icon_item_dungeon_static,8314880,8322432,8314880,0
icon_item_gameover_static,8323072,8338560,8323072,0
icon_item_nes_static,8339456,8395904,8339456,0
icon_item_ger_static,8396800,8457088,8396800,0
icon_item_fra_static,8458240,8520832,8458240,0
item_name_static,8523776,8901632,8523776,0
map_name_static,8904704,9110528,8904704,0
do_action_static,9113600,9147008,9113600,0
message_static,9150464,9167232,9150464,0
message_texture_static,9170944,9175552,9170944,0
nes_font_static,9179136,9197056,9179136,0
nes_message_data_static,9199616,9429280,9199616,0
ger_message_data_static,9433088,9677296,9433088,0
fra_message_data_static,9678848,9904624,9678848,0
staff_message_data_static,9908224,9912144,9908224,0
map_grand_static,9912320,9970512,9912320,0
map_i_static,10113024,11088144,10113024,0
map_48x85_static,9973760,10112480,9973760,0
code,11091968,12382032,11091968,0
ovl_title,12382032,12384992,12382032,0
ovl_select,12384992,12397376,12384992,0
ovl_opening,12397376,12397712,12397376,0
ovl_file_choose,12397712,12461904,12397712,0
ovl_kaleido_scope,12461904,12587216,12461904,0
ovl_player_actor,12587216,12745056,12587216,0
ovl_map_mark_data,12745056,12772544,12745056,0
ovl_En_Test,12772544,12795248,12772544,0
ovl_Arms_Hook,12795248,12798848,12795248,0
ovl_Arrow_Fire,12798848,12806976,12798848,0
ovl_Arrow_Ice,12806976,12815136,12806976,0
ovl_Arrow_Light,12815136,12823312,12815136,0
ovl_Bg_Bdan_Objects,12823312,12828288,12823312,0
ovl_Bg_Bdan_Switch,12828288,12833728,12828288,0
ovl_Bg_Bom_Guard,12833728,12834368,12833728,0
ovl_Bg_Bombwall,12834368,12836816,12834368,0
ovl_Bg_Bowl_Wall,12836816,12839504,12836816,0
ovl_Bg_Breakwall,12839504,12843296,12839504,0
ovl_Bg_Ddan_Jd,12843296,12844896,12843296,0
ovl_Bg_Ddan_Kd,12844896,12847216,12844896,0
ovl_Bg_Dodoago,12847216,12850736,12847216,0
ovl_Bg_Dy_Yoseizo,12850736,12863264,12850736,0
ovl_Bg_Ganon_Otyuka,12863264,12873568,12863264,0
ovl_Bg_Gate_Shutter,12873568,12874944,12873568,0
ovl_Bg_Gjyo_Bridge,12874944,12876336,12874944,0
ovl_Bg_Gnd_Darkmeiro,12876336,12878528,12876336,0
ovl_Bg_Gnd_Firemeiro,12878528,12880032,12878528,0
ovl_Bg_Gnd_Iceblock,12880032,12884544,12880032,0
ovl_Bg_Gnd_Nisekabe,12884544,12884912,12884544,0
ovl_Bg_Gnd_Soulmeiro,12884912,12887200,12884912,0
ovl_Bg_Haka,12887200,12889056,12887200,0
ovl_Bg_Haka_Gate,12889056,12893600,12889056,0
ovl_Bg_Haka_Huta,12893600,12896288,12893600,0
ovl_Bg_Haka_Megane,12896288,12897296,12896288,0
ovl_Bg_Haka_MeganeBG,12897296,12899008,12897296,0
ovl_Bg_Haka_Sgami,12899008,12902112,12899008,0
ovl_Bg_Haka_Ship,12902112,12905088,12902112,0
ovl_Bg_Haka_Trap,12905088,12910640,12905088,0
ovl_Bg_Haka_Tubo,12910640,12913376,12910640,0
ovl_Bg_Haka_Water,12913376,12915616,12913376,0
ovl_Bg_Haka_Zou,12915616,12920176,12915616,0
ovl_Bg_Heavy_Block,12920176,12926848,12920176,0
ovl_Bg_Hidan_Curtain,12926848,12930048,12926848,0
ovl_Bg_Hidan_Dalm,12930048,12932160,12930048,0
ovl_Bg_Hidan_Firewall,12932160,12934176,12932160,0
ovl_Bg_Hidan_Fslift,12934176,12935376,12934176,0
ovl_Bg_Hidan_Fwbig,12935376,12938784,12935376,0
ovl_Bg_Hidan_Hamstep,12938784,12943120,12938784,0
ovl_Bg_Hidan_Hrock,12943120,12945216,12943120,0
ovl_Bg_Hidan_Kousi,12945216,12946944,12945216,0
ovl_Bg_Hidan_Kowarerukabe,12946944,12951136,12946944,0
ovl_Bg_Hidan_Rock,12951136,12955616,12951136,0
ovl_Bg_Hidan_Rsekizou,12955616,12958880,12955616,0
ovl_Bg_Hidan_Sekizou,12958880,12964272,12958880,0
ovl_Bg_Hidan_Sima,12964272,12968352,12964272,0
ovl_Bg_Hidan_Syoku,12968352,12969456,12968352,0
ovl_Bg_Ice_Objects,12969456,12973344,12969456,0
ovl_Bg_Ice_Shelter,12973344,12978336,12973344,0
ovl_Bg_Ice_Shutter,12978336,12979456,12978336,0
ovl_Bg_Ice_Turara,12979456,12981536,12979456,0
ovl_Bg_Ingate,12981536,12982592,12981536,0
ovl_Bg_Jya_1flift,12982592,12984480,12982592,0
ovl_Bg_Jya_Amishutter,12984480,12985536,12984480,0
ovl_Bg_Jya_Bigmirror,12985536,12988288,12985536,0
ovl_Bg_Jya_Block,12988288,12989056,12988288,0
ovl_Bg_Jya_Bombchuiwa,12989056,12992384,12989056,0
ovl_Bg_Jya_Bombiwa,12992384,12994256,12992384,0
ovl_Bg_Jya_Cobra,12994256,13002576,12994256,0
ovl_Bg_Jya_Goroiwa,13002576,13004448,13002576,0
ovl_Bg_Jya_Haheniron,13004448,13006464,13004448,0
ovl_Bg_Jya_Ironobj,13006464,13010208,13006464,0
ovl_Bg_Jya_Kanaami,13010208,13011328,13010208,0
ovl_Bg_Jya_Lift,13011328,13012752,13011328,0
ovl_Bg_Jya_Megami,13012752,13017632,13012752,0
ovl_Bg_Jya_Zurerukabe,13017632,13019728,13017632,0
ovl_Bg_Menkuri_Eye,13019728,13021056,13019728,0
ovl_Bg_Menkuri_Kaiten,13021056,13021440,13021056,0
ovl_Bg_Menkuri_Nisekabe,13021440,13021776,13021440,0
ovl_Bg_Mizu_Bwall,13021776,13027840,13021776,0
ovl_Bg_Mizu_Movebg,13027840,13032464,13027840,0
ovl_Bg_Mizu_Shutter,13032464,13034656,13032464,0
ovl_Bg_Mizu_Uzu,13034656,13035120,13034656,0
ovl_Bg_Mizu_Water,13035120,13038912,13035120,0
ovl_Bg_Mjin,13038912,13040000,13038912,0
ovl_Bg_Mori_Bigst,13040000,13043136,13040000,0
ovl_Bg_Mori_Elevator,13043136,13046560,13043136,0
ovl_Bg_Mori_Hashigo,13046560,13049376,13046560,0
ovl_Bg_Mori_Hashira4,13049376,13051264,13049376,0
ovl_Bg_Mori_Hineri,13051264,13054960,13051264,0
ovl_Bg_Mori_Idomizu,13054960,13056880,13054960,0
ovl_Bg_Mori_Kaitenkabe,13056880,13058848,13056880,0
ovl_Bg_Mori_Rakkatenjo,13058848,13062080,13058848,0
ovl_Bg_Po_Event,13062080,13069904,13062080,0
ovl_Bg_Po_Syokudai,13069904,13072512,13069904,0
ovl_Bg_Pushbox,13072512,13073392,13072512,0
ovl_Bg_Relay_Objects,13073392,13075328,13073392,0
ovl_Bg_Spot00_Break,13075328,13075744,13075328,0
ovl_Bg_Spot00_Hanebasi,13075744,13080416,13075744,0
ovl_Bg_Spot01_Fusya,13080416,13081216,13080416,0
ovl_Bg_Spot01_Idohashira,13081216,13084800,13081216,0
ovl_Bg_Spot01_Idomizu,13084800,13085728,13084800,0
ovl_Bg_Spot01_Idosoko,13085728,13086432,13085728,0
ovl_Bg_Spot01_Objects2,13086432,13087744,13086432,0
ovl_Bg_Spot02_Objects,13087744,13092992,13087744,0
ovl_Bg_Spot03_Taki,13092992,13095440,13092992,0
ovl_Bg_Spot05_Soko,13095440,13096224,13095440,0
ovl_Bg_Spot06_Objects,13096224,13101520,13096224,0
ovl_Bg_Spot07_Taki,13101520,13103216,13101520,0
ovl_Bg_Spot08_Bakudankabe,13103216,13104896,13103216,0
ovl_Bg_Spot08_Iceblock,13104896,13109376,13104896,0
ovl_Bg_Spot09_Obj,13109376,13111072,13109376,0
ovl_Bg_Spot11_Bakudankabe,13111072,13112720,13111072,0
ovl_Bg_Spot11_Oasis,13112720,13114672,13112720,0
ovl_Bg_Spot12_Gate,13114672,13115840,13114672,0
ovl_Bg_Spot12_Saku,13115840,13117184,13115840,0
ovl_Bg_Spot15_Rrbox,13117184,13121008,13117184,0
ovl_Bg_Spot15_Saku,13121008,13122000,13121008,0
ovl_Bg_Spot16_Bombstone,13122000,13128160,13122000,0
ovl_Bg_Spot16_Doughnut,13128160,13130080,13128160,0
ovl_Bg_Spot17_Bakudankabe,13130080,13132192,13130080,0
ovl_Bg_Spot17_Funen,13132192,13132976,13132192,0
ovl_Bg_Spot18_Basket,13132976,13137184,13132976,0
ovl_Bg_Spot18_Futa,13137184,13137584,13137184,0
ovl_Bg_Spot18_Obj,13137584,13140336,13137584,0
ovl_Bg_Spot18_Shutter,13140336,13141680,13140336,0
ovl_Bg_Sst_Floor,13141680,13143200,13141680,0
ovl_Bg_Toki_Hikari,13143200,13147104,13143200,0
ovl_Bg_Toki_Swd,13147104,13152928,13147104,0
ovl_Bg_Treemouth,13152928,13158784,13152928,0
ovl_Bg_Umajump,13158784,13159168,13158784,0
ovl_Bg_Vb_Sima,13159168,13161120,13159168,0
ovl_Bg_Ydan_Hasi,13161120,13163232,13161120,0
ovl_Bg_Ydan_Maruta,13163232,13164976,13163232,0
ovl_Bg_Ydan_Sp,13164976,13171136,13164976,0
ovl_Bg_Zg,13171136,13172528,13171136,0
ovl_Boss_Dodongo,13172528,13212512,13172528,0
ovl_Boss_Fd,13212512,13243408,13212512,0
ovl_Boss_Fd2,13243408,13260304,13243408,0
ovl_Boss_Ganon,13260304,13402464,13260304,0
ovl_Boss_Ganon2,13402464,13475136,13402464,0
ovl_Boss_Ganondrof,13475136,13496592,13475136,0
ovl_Boss_Goma,13496592,13521408,13496592,0
ovl_Boss_Mo,13521408,13570496,13521408,0
ovl_Boss_Sst,13570496,13621376,13570496,0
ovl_Boss_Tw,13621376,13702128,13621376,0
ovl_Boss_Va,13702128,13762688,13702128,0
ovl_Demo_6K,13762688,13775360,13762688,0
ovl_Demo_Du,13775360,13790176,13775360,0
ovl_Demo_Ec,13790176,13805184,13790176,0
ovl_Demo_Effect,13805184,13830848,13805184,0
ovl_Demo_Ext,13830848,13833584,13830848,0
ovl_Demo_Geff,13833584,13836384,13833584,0
ovl_Demo_Gj,13836384,13852576,13836384,0
ovl_Demo_Go,13852576,13856160,13852576,0
ovl_Demo_Gt,13856160,13879856,13856160,0
ovl_Demo_Ik,13879856,13886224,13879856,0
ovl_Demo_Im,13886224,13903280,13886224,0
ovl_Demo_Kankyo,13903280,13919920,13903280,0
ovl_Demo_Kekkai,13919920,13925184,13919920,0
ovl_Demo_Sa,13925184,13936912,13925184,0
ovl_Demo_Shd,13936912,13946272,13936912,0
ovl_Demo_Tre_Lgt,13946272,13948368,13946272,0
ovl_Door_Ana,13948368,13950144,13948368,0
ovl_Door_Gerudo,13950144,13951792,13950144,0
ovl_Door_Killer,13951792,13957504,13951792,0
ovl_Door_Shutter,13957504,13966592,13957504,0
ovl_Door_Toki,13966592,13966944,13966592,0
ovl_Door_Warp1,13966944,13984640,13966944,0
ovl_Efc_Erupc,13984640,13987744,13984640,0
ovl_Eff_Dust,13987744,13993088,13987744,0
ovl_Effect_Ss_Blast,13993088,13994112,13993088,0
ovl_Effect_Ss_Bomb,13994112,13995296,13994112,0
ovl_Effect_Ss_Bomb2,13995296,13997840,13995296,0
ovl_Effect_Ss_Bubble,13997840,13999136,13997840,0
ovl_Effect_Ss_D_Fire,13999136,14000496,13999136,0
ovl_Effect_Ss_Dead_Db,14000496,14001840,14000496,0
ovl_Effect_Ss_Dead_Dd,14001840,14003424,14001840,0
ovl_Effect_Ss_Dead_Ds,14003424,14004736,14003424,0
ovl_Effect_Ss_Dead_Sound,14004736,14005120,14004736,0
ovl_Effect_Ss_Dt_Bubble,14005120,14006688,14005120,0
ovl_Effect_Ss_Dust,14006688,14008880,14006688,0
ovl_Effect_Ss_En_Fire,14008880,14010880,14008880,0
ovl_Effect_Ss_En_Ice,14010880,14013328,14010880,0
ovl_Effect_Ss_Extra,14013328,14014448,14013328,0
ovl_Effect_Ss_Fcircle,14014448,14015792,14014448,0
ovl_Effect_Ss_Fhg_Flash,14015792,14020112,14015792,0
ovl_Effect_Ss_Fire_Tail,14020112,14022048,14020112,0
ovl_Effect_Ss_G_Fire,14022048,14022688,14022048,0
ovl_Effect_Ss_G_Magma,14022688,14023280,14022688,0
ovl_Effect_Ss_G_Magma2,14023280,14024752,14023280,0
ovl_Effect_Ss_G_Ripple,14024752,14026240,14024752,0
ovl_Effect_Ss_G_Spk,14026240,14027792,14026240,0
ovl_Effect_Ss_G_Splash,14027792,14028992,14027792,0
ovl_Effect_Ss_Hahen,14028992,14030880,14028992,0
ovl_Effect_Ss_HitMark,14030880,14032336,14030880,0
ovl_Effect_Ss_Ice_Piece,14032336,14033600,14032336,0
ovl_Effect_Ss_Ice_Smoke,14033600,14035072,14033600,0
ovl_Effect_Ss_K_Fire,14035072,14036304,14035072,0
ovl_Effect_Ss_Kakera,14036304,14040800,14036304,0
ovl_Effect_Ss_KiraKira,14040800,14042560,14040800,0
ovl_Effect_Ss_Lightning,14042560,14044416,14042560,0
ovl_Effect_Ss_Sibuki,14044416,14046256,14044416,0
ovl_Effect_Ss_Sibuki2,14046256,14047232,14046256,0
ovl_Effect_Ss_Solder_Srch_Ball,14047232,14047648,14047232,0
ovl_Effect_Ss_Stick,14047648,14048720,14047648,0
ovl_Effect_Ss_Stone1,14048720,14049776,14048720,0
ovl_Elf_Msg,14049776,14052816,14049776,0
ovl_Elf_Msg2,14052816,14054896,14052816,0
ovl_En_Am,14054896,14064192,14054896,0
ovl_En_Ani,14064192,14067696,14064192,0
ovl_En_Anubice,14067696,14072944,14067696,0
ovl_En_Anubice_Fire,14072944,14076624,14072944,0
ovl_En_Anubice_Tag,14076624,14077600,14076624,0
ovl_En_Arow_Trap,14077600,14077936,14077600,0
ovl_En_Arrow,14077936,14084048,14077936,0
ovl_En_Attack_Niw,14084048,14088736,14084048,0
ovl_En_Ba,14088736,14096816,14088736,0
ovl_En_Bb,14096816,14112512,14096816,0
ovl_En_Bdfire,14112512,14115632,14112512,0
ovl_En_Bigokuta,14115632,14126960,14115632,0
ovl_En_Bili,14126960,14135936,14126960,0
ovl_En_Bird,14135936,14137136,14135936,0
ovl_En_Blkobj,14137136,14138784,14137136,0
ovl_En_Bom,14138784,14142720,14138784,0
ovl_En_Bom_Bowl_Man,14142720,14148880,14142720,0
ovl_En_Bom_Bowl_Pit,14148880,14151424,14148880,0
ovl_En_Bom_Chu,14151424,14157360,14151424,0
ovl_En_Bombf,14157360,14162768,14157360,0
ovl_En_Boom,14162768,14165136,14162768,0
ovl_En_Box,14165136,14172624,14165136,0
ovl_En_Brob,14172624,14176960,14172624,0
ovl_En_Bubble,14176960,14182192,14176960,0
ovl_En_Butte,14182192,14187936,14182192,0
ovl_En_Bw,14187936,14201248,14187936,0
ovl_En_Bx,14201248,14204240,14201248,0
ovl_En_Changer,14204240,14208112,14204240,0
ovl_En_Clear_Tag,14208112,14244496,14208112,0
ovl_En_Cow,14244496,14249680,14244496,0
ovl_En_Crow,14249680,14255424,14249680,0
ovl_En_Cs,14255424,14260160,14255424,0
ovl_En_Daiku,14260160,14266288,14260160,0
ovl_En_Daiku_Kakariko,14266288,14271584,14266288,0
ovl_En_Dekubaba,14271584,14287344,14271584,0
ovl_En_Dekunuts,14287344,14293456,14287344,0
ovl_En_Dh,14293456,14300432,14293456,0
ovl_En_Dha,14300432,14304512,14300432,0
ovl_En_Diving_Game,14304512,14311392,14304512,0
ovl_En_Dns,14311392,14316912,14311392,0
ovl_En_Dnt_Demo,14316912,14321520,14316912,0
ovl_En_Dnt_Jiji,14321520,14327632,14321520,0
ovl_En_Dnt_Nomal,14327632,14340176,14327632,0
ovl_En_Dodojr,14340176,14348000,14340176,0
ovl_En_Dodongo,14348000,14359648,14348000,0
ovl_En_Dog,14359648,14364256,14359648,0
ovl_En_Door,14364256,14367936,14364256,0
ovl_En_Ds,14367936,14371008,14367936,0
ovl_En_Du,14371008,14377856,14371008,0
ovl_En_Dy_Extra,14377856,14379552,14377856,0
ovl_En_Eg,14379552,14380080,14379552,0
ovl_En_Eiyer,14380080,14387392,14380080,0
ovl_En_Elf,14387392,14406576,14387392,0
ovl_En_Encount1,14406576,14411296,14406576,0
ovl_En_Encount2,14411296,14416688,14411296,0
ovl_En_Ex_Item,14416688,14422176,14416688,0
ovl_En_Ex_Ruppy,14422176,14426960,14422176,0
ovl_En_Fd,14426960,14438720,14426960,0
ovl_En_Fd_Fire,14438720,14442224,14438720,0
ovl_En_Fhg_Fire,14442224,14452912,14442224,0
ovl_En_Fire_Rock,14452912,14458112,14452912,0
ovl_En_Firefly,14458112,14466832,14458112,0
ovl_En_Fish,14466832,14475680,14466832,0
ovl_En_Floormas,14475680,14489136,14475680,0
ovl_En_Fr,14489136,14501024,14489136,0
ovl_En_Fu,14501024,14504480,14501024,0
ovl_En_Fw,14504480,14510656,14504480,0
ovl_En_Fz,14510656,14519104,14510656,0
ovl_En_G_Switch,14519104,14526944,14519104,0
ovl_En_Ganon_Mant,14526944,14544000,14526944,0
ovl_En_Ganon_Organ,14544000,14573056,14544000,0
ovl_En_Gb,14573056,14579184,14573056,0
ovl_En_Ge1,14579184,14587984,14579184,0
ovl_En_Ge2,14587984,14594720,14587984,0
ovl_En_Ge3,14594720,14598032,14594720,0
ovl_En_GeldB,14598032,14619600,14598032,0
ovl_En_GirlA,14619600,14631776,14619600,0
ovl_En_Gm,14631776,14635504,14631776,0
ovl_En_Go,14635504,14653872,14635504,0
ovl_En_Go2,14653872,14678848,14653872,0
ovl_En_Goma,14678848,14690592,14678848,0
ovl_En_Goroiwa,14690592,14700448,14690592,0
ovl_En_Gs,14700448,14708384,14700448,0
ovl_En_Guest,14708384,14711248,14708384,0
ovl_En_Hata,14711248,14712656,14711248,0
ovl_En_Heishi1,14712656,14719776,14712656,0
ovl_En_Heishi2,14719776,14729920,14719776,0
ovl_En_Heishi3,14729920,14732624,14729920,0
ovl_En_Heishi4,14732624,14737024,14732624,0
ovl_En_Hintnuts,14737024,14743696,14737024,0
ovl_En_Holl,14743696,14747824,14743696,0
ovl_En_Honotrap,14747824,14753648,14747824,0
ovl_En_Horse,14753648,14803408,14753648,0
ovl_En_Horse_Game_Check,14803408,14807776,14803408,0
ovl_En_Horse_Ganon,14807776,14811216,14807776,0
ovl_En_Horse_Link_Child,14811216,14819024,14811216,0
ovl_En_Horse_Normal,14819024,14828880,14819024,0
ovl_En_Horse_Zelda,14828880,14831648,14828880,0
ovl_En_Hs,14831648,14834720,14831648,0
ovl_En_Hs2,14834720,14836272,14834720,0
ovl_En_Hy,14836272,14851184,14836272,0
ovl_En_Ice_Hono,14851184,14856080,14851184,0
ovl_En_Ik,14856080,14875680,14856080,0
ovl_En_In,14875680,14887568,14875680,0
ovl_En_Insect,14887568,14897360,14887568,0
ovl_En_Ishi,14897360,14934768,14897360,0
ovl_En_It,14934768,14935152,14934768,0
ovl_En_Jj,14935152,14940800,14935152,0
ovl_En_Js,14940800,14943248,14940800,0
ovl_En_Jsjutan,14943248,14963328,14943248,0
ovl_En_Kakasi,14963328,14967072,14963328,0
ovl_En_Kakasi2,14967072,14970416,14967072,0
ovl_En_Kakasi3,14970416,14975152,14970416,0
ovl_En_Kanban,14975152,14988384,14975152,0
ovl_En_Karebaba,14988384,14995136,14988384,0
ovl_En_Ko,14995136,15012016,14995136,0
ovl_En_Kusa,15012016,15017568,15012016,0
ovl_En_Kz,15017568,15023184,15017568,0
ovl_En_Light,15023184,15026912,15023184,0
ovl_En_Lightbox,15026912,15028048,15026912,0
ovl_En_M_Fire1,15028048,15028464,15028048,0
ovl_En_M_Thunder,15028464,15034272,15028464,0
ovl_En_Ma1,15034272,15039152,15034272,0
ovl_En_Ma2,15039152,15043504,15039152,0
ovl_En_Ma3,15043504,15047696,15043504,0
ovl_En_Mag,15047696,15057120,15047696,0
ovl_En_Mb,15057120,15074016,15057120,0
ovl_En_Md,15074016,15083920,15074016,0
ovl_En_Mk,15083920,15087616,15083920,0
ovl_En_Mm,15087616,15093472,15087616,0
ovl_En_Mm2,15093472,15097264,15093472,0
ovl_En_Ms,15097264,15099056,15097264,0
ovl_En_Mu,15099056,15101472,15099056,0
ovl_En_Nb,15101472,15120400,15101472,0
ovl_En_Niw,15120400,15134736,15120400,0
ovl_En_Niw_Girl,15134736,15138000,15134736,0
ovl_En_Niw_Lady,15138000,15145696,15138000,0
ovl_En_Nutsball,15145696,15147376,15145696,0
ovl_En_Nwc,15147376,15150144,15147376,0
ovl_En_Ny,15150144,15157040,15150144,0
ovl_En_OE2,15157040,15157232,15157040,0
ovl_En_Okarina_Effect,15157232,15158704,15157232,0
ovl_En_Okarina_Tag,15158704,15165168,15158704,0
ovl_En_Okuta,15165168,15174960,15165168,0
ovl_En_Ossan,15174960,15204272,15174960,0
ovl_En_Owl,15204272,15220320,15204272,0
ovl_En_Part,15220320,15226160,15220320,0
ovl_En_Peehat,15226160,15240512,15226160,0
ovl_En_Po_Desert,15240512,15244176,15240512,0
ovl_En_Po_Field,15244176,15259456,15244176,0
ovl_En_Po_Relay,15259456,15265680,15259456,0
ovl_En_Po_Sisters,15265680,15285584,15265680,0
ovl_En_Poh,15285584,15302848,15285584,0
ovl_En_Pu_box,15302848,15303680,15302848,0
ovl_En_Rd,15303680,15314128,15303680,0
ovl_En_Reeba,15314128,15321392,15314128,0
ovl_En_River_Sound,15321392,15323824,15321392,0
ovl_En_Rl,15323824,15328320,15323824,0
ovl_En_Rr,15328320,15338512,15328320,0
ovl_En_Ru1,15338512,15369552,15338512,0
ovl_En_Ru2,15369552,15381856,15369552,0
ovl_En_Sa,15381856,15390704,15381856,0
ovl_En_Sb,15390704,15395952,15390704,0
ovl_En_Scene_Change,15395952,15396384,15395952,0
ovl_En_Sda,15396384,15402592,15396384,0
ovl_En_Shopnuts,15402592,15406544,15402592,0
ovl_En_Si,15406544,15407808,15406544,0
ovl_En_Siofuki,15407808,15411424,15407808,0
ovl_En_Skb,15411424,15417840,15411424,0
ovl_En_Skj,15417840,15433184,15417840,0
ovl_En_Skjneedle,15433184,15434144,15433184,0
ovl_En_Ssh,15434144,15443904,15434144,0
ovl_En_St,15443904,15455344,15443904,0
ovl_En_Sth,15455344,15472336,15455344,0
ovl_En_Stream,15472336,15473888,15472336,0
ovl_En_Sw,15473888,15488352,15473888,0
ovl_En_Syateki_Itm,15488352,15492896,15488352,0
ovl_En_Syateki_Man,15492896,15497120,15492896,0
ovl_En_Syateki_Niw,15497120,15505744,15497120,0
ovl_En_Ta,15505744,15520784,15505744,0
ovl_En_Takara_Man,15520784,15523296,15520784,0
ovl_En_Tana,15523296,15524368,15523296,0
ovl_En_Tg,15524368,15526192,15524368,0
ovl_En_Tite,15526192,15538096,15526192,0
ovl_En_Tk,15538096,15546176,15538096,0
ovl_En_Torch,15546176,15546416,15546176,0
ovl_En_Torch2,15546416,15556576,15546416,0
ovl_En_Toryo,15556576,15559760,15556576,0
ovl_En_Tp,15559760,15567712,15559760,0
ovl_En_Tr,15567712,15574224,15567712,0
ovl_En_Trap,15574224,15578976,15574224,0
ovl_En_Tubo_Trap,15578976,15582496,15578976,0
ovl_En_Vali,15582496,15592736,15582496,0
ovl_En_Vase,15592736,15592976,15592736,0
ovl_En_Vb_Ball,15592976,15597680,15592976,0
ovl_En_Viewer,15597680,15610544,15597680,0
ovl_En_Vm,15610544,15617088,15610544,0
ovl_En_Wall_Tubo,15617088,15618928,15617088,0
ovl_En_Wallmas,15618928,15625840,15618928,0
ovl_En_Weather_Tag,15625840,15630560,15625840,0
ovl_En_Weiyer,15630560,15637248,15630560,0
ovl_En_Wf,15637248,15654576,15637248,0
ovl_En_Wonder_Item,15654576,15658592,15654576,0
ovl_En_Wonder_Talk,15658592,15662144,15658592,0
ovl_En_Wonder_Talk2,15662144,15666400,15662144,0
ovl_En_Wood02,15666400,15671104,15666400,0
ovl_En_Xc,15671104,15698672,15671104,0
ovl_En_Yabusame_Mark,15698672,15701744,15698672,0
ovl_En_Yukabyun,15701744,15703424,15701744,0
ovl_En_Zf,15703424,15730784,15703424,0
ovl_En_Zl1,15730784,15746736,15730784,0
ovl_En_Zl2,15746736,15765712,15746736,0
ovl_En_Zl3,15765712,15799504,15765712,0
ovl_En_Zl4,15799504,15818560,15799504,0
ovl_En_Zo,15818560,15828704,15818560,0
ovl_En_fHG,15828704,15840320,15828704,0
ovl_End_Title,15840320,15857344,15840320,0
ovl_Fishing,15857344,15941008,15857344,0
ovl_Item_B_Heart,15941008,15942192,15941008,0
ovl_Item_Etcetera,15942192,15944736,15942192,0
ovl_Item_Inbox,15944736,15945072,15944736,0
ovl_Item_Ocarina,15945072,15947104,15945072,0
ovl_Item_Shield,15947104,15949840,15947104,0
ovl_Magic_Dark,15949840,15956400,15949840,0
ovl_Magic_Fire,15956400,15965504,15956400,0
ovl_Magic_Wind,15965504,15973520,15965504,0
ovl_Mir_Ray,15973520,15980224,15973520,0
ovl_Obj_Bean,15980224,15990944,15980224,0
ovl_Obj_Blockstop,15990944,15991344,15990944,0
ovl_Obj_Bombiwa,15991344,15992736,15991344,0
ovl_Obj_Comb,15992736,15994976,15992736,0
ovl_Obj_Dekujr,15994976,15996736,15994976,0
ovl_Obj_Elevator,15996736,15997904,15996736,0
ovl_Obj_Hamishi,15997904,16000160,15997904,0
ovl_Obj_Hana,16000160,16000928,16000160,0
ovl_Obj_Hsblock,16000928,16002720,16000928,0
ovl_Obj_Ice_Poly,16002720,16005344,16002720,0
ovl_Obj_Kibako,16005344,16008720,16005344,0
ovl_Obj_Kibako2,16008720,16010512,16008720,0
ovl_Obj_Lift,16010512,16013280,16010512,0
ovl_Obj_Lightswitch,16013280,16019120,16013280,0
ovl_Obj_Makekinsuta,16019120,16019792,16019120,0
ovl_Obj_Makeoshihiki,16019792,16021216,16019792,0
ovl_Obj_Mure,16021216,16026496,16021216,0
ovl_Obj_Mure2,16026496,16029200,16026496,0
ovl_Obj_Mure3,16029200,16031168,16029200,0
ovl_Obj_Oshihiki,16031168,16038928,16031168,0
ovl_Obj_Roomtimer,16038928,16039504,16038928,0
ovl_Obj_Switch,16039504,16047856,16039504,0
ovl_Obj_Syokudai,16047856,16051152,16047856,0
ovl_Obj_Timeblock,16051152,16054672,16051152,0
ovl_Obj_Tsubo,16054672,16058912,16054672,0
ovl_Obj_Warp2block,16058912,16062160,16058912,0
ovl_Object_Kankyo,16062160,16075936,16062160,0
ovl_Oceff_Spot,16075936,16080144,16075936,0
ovl_Oceff_Storm,16080144,16087488,16080144,0
ovl_Oceff_Wipe,16087488,16091104,16087488,0
ovl_Oceff_Wipe2,16091104,16097312,16091104,0
ovl_Oceff_Wipe3,16097312,16103488,16097312,0
ovl_Oceff_Wipe4,16103488,16107760,16103488,0
ovl_Shot_Sun,16107760,16109616,16107760,0
gameplay_keep,16113664,16467888,16113664,0
gameplay_field_keep,16470016,16524080,16470016,0
gameplay_dangeon_keep,16527360,16624368,16527360,0
gameplay_object_exchange_static,16625664,16625680,16625664,0
object_link_boy,16629760,16857088,16629760,0
object_link_child,16859136,17043328,16859136,0
object_box,17043456,17068032,17043456,0
object_human,17068032,17146240,17068032,0
object_okuta,17149952,17165440,17149952,0
object_poh,17166336,17187040,17166336,0
object_wallmaster,17190912,17231984,17190912,0
object_dy_obj,17235968,17356080,17235968,0
object_firefly,17358848,17365184,17358848,0
object_dodongo,17367040,17406272,17367040,0
object_fire,17408000,17424544,17408000,0
object_niw,17428480,17438016,17428480,0
object_tite,17440768,17455664,17440768,0
object_reeba,17457152,17465072,17457152,0
object_peehat,17465344,17472656,17465344,0
object_kingdodongo,17473536,17673440,17473536,0
object_horse,17674240,17731344,17674240,0
object_zf,17731584,17822624,17731584,0
object_goma,17825792,17954304,17825792,0
object_zl1,17956864,18039744,17956864,0
object_gol,18042880,18059808,18042880,0
object_bubble,18063360,18067648,18063360,0
object_dodojr,18071552,18079984,18071552,0
object_torch2,18083840,18102128,18083840,0
object_bl,18104320,18126928,18104320,0
object_tp,18128896,18136304,18128896,0
object_oA1,18137088,18155280,18137088,0
object_st,18157568,18181040,18157568,0
object_bw,18182144,18190944,18182144,0
object_ei,18194432,18207776,18194432,0
object_horse_normal,18210816,18251712,18210816,0
object_oB1,18251776,18278064,18251776,0
object_o_anime,18280448,18288976,18280448,0
object_spot04_objects,18292736,18298560,18292736,0
object_ddan_objects,18300928,18335584,18300928,0
object_hidan_objects,18337792,18435360,18337792,0
object_horse_ganon,18436096,18485392,18436096,0
object_oA2,18489344,18511568,18489344,0
object_spot00_objects,18513920,18521104,18513920,0
object_mb,18522112,18604448,18522112,0
object_bombf,18608128,18614784,18608128,0
object_sk2,18616320,18675712,18616320,0
object_oE1,18677760,18704400,18677760,0
object_oE_anime,18706432,18727008,18706432,0
object_oE2,18731008,18754160,18731008,0
object_ydan_objects,18755584,18792576,18755584,0
object_gnd,18796544,18874368,18796544,0
object_am,18874368,18897744,18874368,0
object_dekubaba,18898944,18913728,18898944,0
object_oA3,18915328,18923824,18915328,0
object_oA4,18927616,18933552,18927616,0
object_oA5,18935808,18941616,18935808,0
object_oA6,18944000,18950656,18944000,0
object_oA7,18952192,18957648,18952192,0
object_jj,18960384,19008192,18960384,0
object_oA8,19009536,19015600,19009536,0
object_oA9,19017728,19019040,19017728,0
object_oB2,19021824,19038432,19021824,0
object_oB3,19042304,19059856,19042304,0
object_oB4,19062784,19069040,19062784,0
object_horse_zelda,19070976,19100000,19070976,0
object_opening_demo1,19103744,19124320,19103744,0
object_warp1,19128320,19139760,19128320,0
object_b_heart,19140608,19142208,19140608,0
object_dekunuts,19144704,19158624,19144704,0
object_oE3,19161088,19190048,19161088,0
object_oE4,19193856,19214288,19193856,0
object_menkuri_objects,19214336,19249936,19214336,0
object_oE5,19251200,19273152,19251200,0
object_oE6,19275776,19287632,19275776,0
object_oE7,19288064,19298912,19288064,0
object_oE8,19300352,19313616,19300352,0
object_oE9,19316736,19328784,19316736,0
object_oE10,19329024,19339728,19329024,0
object_oE11,19341312,19354096,19341312,0
object_oE12,19357696,19371968,19357696,0
object_vali,19374080,19392592,19374080,0
object_oA10,19394560,19406512,19394560,0
object_oA11,19406848,19412416,19406848,0
object_mizu_objects,19415040,19460896,19415040,0
object_fhg,19464192,19538400,19464192,0
object_ossan,19542016,19581776,19542016,0
object_mori_hineri1,19582976,19604720,19582976,0
object_Bb,19607552,19614272,19607552,0
object_toki_objects,19615744,19649616,19615744,0
object_yukabyun,19652608,19657968,19652608,0
object_zl2,19660800,19729792,19660800,0
object_mjin,19730432,19735184,19730432,0
object_mjin_flash,19738624,19742720,19738624,0
object_mjin_dark,19742720,19746816,19742720,0
object_mjin_flame,19746816,19750912,19746816,0
object_mjin_ice,19750912,19755008,19750912,0
object_mjin_soul,19755008,19759104,19755008,0
object_mjin_wind,19759104,19763200,19759104,0
object_mjin_oka,19763200,19770208,19763200,0
object_haka_objects,19771392,19891888,19771392,0
object_spot06_objects,19894272,19905952,19894272,0
object_ice_objects,19906560,19942736,19906560,0
object_relay_objects,19943424,19957296,19943424,0
object_mori_hineri1a,19959808,19973312,19959808,0
object_mori_hineri2,19976192,19993600,19976192,0
object_mori_hineri2a,19996672,20021424,19996672,0
object_mori_objects,20025344,20060688,20025344,0
object_mori_tex,20062208,20102656,20062208,0
object_spot08_obj,20103168,20125184,20103168,0
object_warp2,20127744,20127760,20127744,0
object_hata,20131840,20144096,20131840,0
object_bird,20144128,20152736,20144128,0
object_wood02,20156416,20191184,20156416,0
object_lightbox,20193280,20201280,20193280,0
object_pu_box,20201472,20207104,20201472,0
object_trap,20209664,20218848,20209664,0
object_vase,20221952,20227472,20221952,0
object_im,20230144,20304432,20230144,0
object_ta,20307968,20366320,20307968,0
object_tk,20369408,20418128,20369408,0
object_xc,20418560,20533504,20418560,0
object_vm,20537344,20553584,20537344,0
object_bv,20553728,20681136,20553728,0
object_hakach_objects,20684800,20712176,20684800,0
object_efc_crystal_light,20713472,20716192,20713472,0
object_efc_fire_ball,20717568,20720896,20717568,0
object_efc_flash,20721664,20721680,20721664,0
object_efc_lgt_shower,20725760,20730576,20725760,0
object_efc_star_field,20733952,20740048,20733952,0
object_god_lgt,20742144,20759376,20742144,0
object_light_ring,20762624,20767360,20762624,0
object_triforce_spot,20770816,20781328,20770816,0
object_medal,20783104,20803904,20783104,0
object_bdan_objects,20807680,20860176,20807680,0
object_sd,20860928,20911840,20860928,0
object_rd,20914176,20975600,20914176,0
object_po_sisters,20975616,21033920,20975616,0
object_heavy_object,21037056,21043936,21037056,0
object_gndd,21045248,21117440,21045248,0
object_fd,21118976,21190256,21118976,0
object_du,21192704,21266480,21192704,0
object_fw,21270528,21302752,21270528,0
object_horse_link_child,21303296,21338912,21303296,0
object_spot02_objects,21340160,21431840,21340160,0
object_haka,21434368,21439584,21434368,0
object_ru1,21442560,21523072,21442560,0
object_syokudai,21524480,21539984,21524480,0
object_fd2,21540864,21613200,21540864,0
object_dh,21614592,21651648,21614592,0
object_rl,21655552,21687120,21655552,0
object_efc_tw,21688320,21693168,21688320,0
object_demo_tre_lgt,21696512,21696528,21696512,0
object_gi_key,21700608,21703200,21700608,0
object_mir_ray,21704704,21712128,21704704,0
object_brob,21712896,21719712,21712896,0
object_gi_jewel,21721088,21735040,21721088,0
object_spot09_obj,21737472,21837968,21737472,0
object_spot18_obj,21839872,21891600,21839872,0
object_bdoor,21893120,21923264,21893120,0
object_spot17_obj,21925888,21932080,21925888,0
object_shop_dungen,21934080,21948960,21934080,0
object_nb,21950464,22049248,21950464,0
object_mo,22052864,22089840,22052864,0
object_sb,22093824,22105248,22093824,0
object_gi_melody,22106112,22109472,22106112,0
object_gi_heart,22110208,22110704,22110208,0
object_gi_compass,22114304,22117648,22114304,0
object_gi_bosskey,22118400,22122512,22118400,0
object_gi_medal,22126592,22147952,22126592,0
object_gi_nuts,22151168,22155712,22151168,0
object_sa,22159360,22245936,22159360,0
object_gi_hearts,22249472,22255536,22249472,0
object_gi_arrowcase,22257664,22260912,22257664,0
object_gi_bombpouch,22261760,22265440,22261760,0
object_in,22265856,22367312,22265856,0
object_tr,22368256,22445616,22368256,0
object_spot16_obj,22446080,22451456,22446080,0
object_oE1s,22454272,22480224,22454272,0
object_oE4s,22482944,22502912,22482944,0
object_os_anime,22503424,22545984,22503424,0
object_gi_bottle,22548480,22550768,22548480,0
object_gi_stick,22552576,22554304,22552576,0
object_gi_map,22556672,22561120,22556672,0
object_oF1d_map,22564864,22631840,22564864,0
object_ru2,22634496,22698192,22634496,0
object_gi_shield_1,22700032,22703440,22700032,0
object_dekujr,22704128,22717712,22704128,0
object_gi_magicpot,22720512,22725072,22720512,0
object_gi_bomb_1,22728704,22731952,22728704,0
object_oF1s,22732800,22767776,22732800,0
object_ma2,22769664,22810352,22769664,0
object_gi_purse,22810624,22817648,22810624,0
object_hni,22818816,22863728,22818816,0
object_tw,22863872,23105456,22863872,0
object_rr,23105536,23109120,23105536,0
object_bxa,23109632,23120880,23109632,0
object_anubice,23121920,23136672,23121920,0
object_gi_gerudo,23138304,23143232,23138304,0
object_gi_arrow,23146496,23153424,23146496,0
object_gi_bomb_2,23154688,23156384,23154688,0
object_gi_egg,23158784,23163680,23158784,0
object_gi_scale,23166976,23170544,23166976,0
object_gi_shield_2,23171072,23175280,23171072,0
object_gi_hookshot,23179264,23184736,23179264,0
object_gi_ocarina,23187456,23190448,23187456,0
object_gi_milk,23191552,23196784,23191552,0
object_ma1,23199744,23235968,23199744,0
object_ganon,23236608,23307520,23236608,0
object_sst,23310336,23419824,23310336,0
object_ny,23420928,23429488,23420928,0
object_fr,23433216,23479472,23433216,0
object_gi_pachinko,23482368,23485536,23482368,0
object_gi_boomerang,23486464,23489952,23486464,0
object_gi_bow,23490560,23493936,23490560,0
object_gi_glasses,23494656,23499136,23494656,0
object_gi_liquid,23502848,23509200,23502848,0
object_ani,23511040,23541504,23511040,0
object_demo_6k,23543808,23559072,23543808,0
object_gi_shield_3,23560192,23564992,23560192,0
object_gi_letter,23568384,23571968,23568384,0
object_spot15_obj,23572480,23579904,23572480,0
object_jya_obj,23580672,23695680,23580672,0
object_gi_clothes,23699456,23705696,23699456,0
object_gi_bean,23707648,23709888,23707648,0
object_gi_fish,23711744,23714128,23711744,0
object_gi_saw,23715840,23718784,23715840,0
object_gi_hammer,23719936,23723200,23719936,0
object_gi_grass,23724032,23727120,23724032,0
object_gi_longsword,23728128,23730368,23728128,0
object_spot01_objects,23732224,23741584,23732224,0
object_md,23744512,23785808,23744512,0
object_km1,23789568,23812544,23789568,0
object_kw1,23814144,23840992,23814144,0
object_zo,23842816,23892032,23842816,0
object_kz,23896064,23930592,23896064,0
object_umajump,23932928,23938160,23932928,0
object_masterkokiri,23941120,23942336,23941120,0
object_masterkokirihead,23945216,23956640,23945216,0
object_mastergolon,23957504,23957776,23957504,0
object_masterzoora,23961600,23963552,23961600,0
object_aob,23965696,23987888,23965696,0
object_ik,23990272,24122832,23990272,0
object_ahg,24125440,24148400,24125440,0
object_cne,24150016,24160720,24150016,0
object_gi_niwatori,24162304,24168944,24162304,0
object_skj,24170496,24206896,24170496,0
object_gi_bottle_letter,24207360,24210560,24207360,0
object_bji,24211456,24228240,24211456,0
object_bba,24231936,24248976,24231936,0
object_gi_ocarina_0,24252416,24255504,24252416,0
object_ds,24256512,24274816,24256512,0
object_ane,24276992,24305584,24276992,0
object_boj,24305664,24329408,24305664,0
object_spot03_object,24330240,24335968,24330240,0
object_spot07_object,24338432,24366384,24338432,0
object_fz,24367104,24380624,24367104,0
object_bob,24383488,24403744,24383488,0
object_ge1,24403968,24446128,24403968,0
object_yabusame_point,24449024,24452688,24449024,0
object_gi_boots_2,24453120,24460224,24453120,0
object_gi_seed,24461312,24464064,24461312,0
object_gnd_magic,24465408,24470144,24465408,0
object_d_elevator,24473600,24478608,24473600,0
object_d_hsblock,24481792,24487776,24481792,0
object_d_lift,24489984,24496128,24489984,0
object_mamenoki,24498176,24508128,24498176,0
object_goroiwa,24510464,24516768,24510464,0
object_toryo,24518656,24547680,24518656,0
object_daiku,24551424,24586352,24551424,0
object_nwc,24588288,24591776,24588288,0
object_blkobj,24592384,24672400,24592384,0
object_gm,24674304,24675024,24674304,0
object_ms,24678400,24694224,24678400,0
object_hs,24694784,24719984,24694784,0
object_ingate,24723456,24728048,24723456,0
object_lightswitch,24731648,24740896,24731648,0
object_kusa,24743936,24744832,24743936,0
object_tsubo,24748032,24754672,24748032,0
object_gi_gloves,24756224,24762720,24756224,0
object_gi_coin,24764416,24766544,24764416,0
object_kanban,24768512,24774576,24768512,0
object_gjyo_objects,24776704,24782320,24776704,0
object_owl,24784896,24850624,24784896,0
object_mk,24854528,24878592,24854528,0
object_fu,24879104,24906912,24879104,0
object_gi_ki_tan_mask,24907776,24911344,24907776,0
object_gi_redead_mask,24911872,24914576,24911872,0
object_gi_skj_mask,24915968,24919264,24915968,0
object_gi_rabit_mask,24920064,24923904,24920064,0
object_gi_truth_mask,24924160,24930400,24924160,0
object_ganon_objects,24932352,24936816,24932352,0
object_siofuki,24940544,24944048,24940544,0
object_stream,24944640,24947328,24944640,0
object_mm,24948736,24981616,24948736,0
object_fa,24985600,25000848,24985600,0
object_os,25001984,25020016,25001984,0
object_gi_eye_lotion,25022464,25024880,25022464,0
object_gi_powder,25026560,25029504,25026560,0
object_gi_mushroom,25030656,25033936,25030656,0
object_gi_ticketstone,25034752,25039520,25034752,0
object_gi_brokensword,25042944,25045392,25042944,0
object_js,25047040,25071408,25047040,0
object_cs,25071616,25105744,25071616,0
object_gi_prescription,25108480,25111584,25108480,0
object_gi_bracelet,25112576,25115632,25112576,0
object_gi_soldout,25116672,25117904,25116672,0
object_gi_frog,25120768,25125136,25120768,0
object_mag,25128960,25260096,25128960,0
object_door_gerudo,25264128,25266592,25264128,0
object_gt,25268224,25347568,25268224,0
object_efc_erupc,25350144,25360624,25350144,0
object_zl2_anime1,25362432,25409040,25362432,0
object_zl2_anime2,25411584,25455328,25411584,0
object_gi_golonmask,25456640,25462704,25456640,0
object_gi_zoramask,25464832,25470512,25464832,0
object_gi_gerudomask,25473024,25478144,25473024,0
object_ganon2,25481216,25701360,25481216,0
object_ka,25702400,25728960,25702400,0
object_ts,25731072,25751536,25731072,0
object_zg,25751552,25756160,25751552,0
object_gi_hoverboots,25759744,25767536,25759744,0
object_gi_m_arrow,25767936,25771648,25767936,0
object_ds2,25772032,25789040,25772032,0
object_ec,25792512,25844016,25792512,0
object_fish,25845760,25933296,25845760,0
object_gi_sutaru,25935872,25937488,25935872,0
object_gi_goddess,25939968,25943120,25939968,0
object_ssh,25944064,25967616,25944064,0
object_bigokuta,25968640,25996240,25968640,0
object_bg,25997312,26026688,25997312,0
object_spot05_objects,26030080,26034928,26030080,0
object_spot12_obj,26038272,26047424,26038272,0
object_bombiwa,26050560,26053376,26050560,0
object_hintnuts,26054656,26067264,26054656,0
object_rs,26071040,26089600,26071040,0
object_spot00_break,26091520,26099232,26091520,0
object_gla,26099712,26140400,26099712,0
object_shopnuts,26140672,26158480,26140672,0
object_geldb,26161152,26207984,26161152,0
object_gr,26210304,26250384,26210304,0
object_dog,26251264,26280608,26251264,0
object_jya_iron,26284032,26293856,26284032,0
object_jya_door,26296320,26305152,26296320,0
object_spot01_objects2,26308608,26308624,26308608,0
object_spot11_obj,26312704,26319504,26312704,0
object_kibako2,26320896,26325184,26320896,0
object_dns,26329088,26343376,26329088,0
object_dnk,26345472,26357296,26345472,0
object_gi_fire,26357760,26361824,26357760,0
object_gi_insect,26361856,26364912,26361856,0
object_gi_butterfly,26365952,26368976,26365952,0
object_gi_ghost,26370048,26373552,26370048,0
object_gi_soul,26374144,26378160,26374144,0
object_bowl,26378240,26391792,26378240,0
object_po_field,26394624,26421824,26394624,0
object_demo_kekkai,26423296,26483984,26423296,0
object_efc_doughnut,26484736,26488912,26484736,0
object_gi_dekupouch,26492928,26497104,26492928,0
object_ganon_anime1,26501120,26549312,26501120,0
object_ganon_anime2,26550272,26617136,26550272,0
object_ganon_anime3,26619904,26703856,26619904,0
object_gi_rupy,26705920,26707968,26705920,0
object_spot01_matoya,26710016,26725520,26710016,0
object_spot01_matoyab,26726400,26735072,26726400,0
object_po_composer,26738688,26767264,26738688,0
object_mu,26767360,26811984,26767360,0
object_wf,26812416,26854656,26812416,0
object_skb,26857472,26875920,26857472,0
object_gj,26877952,26920736,26877952,0
object_geff,26923008,26927024,26923008,0
object_haka_door,26927104,26941808,26927104,0
object_gs,26943488,26946176,26943488,0
object_ps,26947584,26999040,26947584,0
object_bwall,27000832,27005264,27000832,0
object_crow,27009024,27013328,27009024,0
object_cow,27017216,27037360,27017216,0
object_cob,27037696,27046416,27037696,0
object_gi_sword_1,27049984,27053344,27049984,0
object_door_killer,27054080,27061216,27054080,0
object_ouke_haka,27062272,27064688,27062272,0
object_timeblock,27066368,27069280,27066368,0
object_zl4,27070464,27188768,27070464,0
g_pn_01,27189248,27199616,27189248,0
g_pn_02,27201536,27211904,27201536,0
g_pn_03,27213824,27224192,27213824,0
g_pn_04,27226112,27236480,27226112,0
g_pn_05,27238400,27248768,27238400,0
g_pn_06,27250688,27261056,27250688,0
g_pn_07,27262976,27273344,27262976,0
g_pn_08,27275264,27285632,27275264,0
g_pn_09,27287552,27297920,27287552,0
g_pn_10,27299840,27310208,27299840,0
g_pn_11,27312128,27322496,27312128,0
g_pn_12,27324416,27334784,27324416,0
g_pn_13,27336704,27347072,27336704,0
g_pn_14,27348992,27359360,27348992,0
g_pn_15,27361280,27371648,27361280,0
g_pn_16,27373568,27383936,27373568,0
g_pn_17,27385856,27396224,27385856,0
g_pn_18,27398144,27408512,27398144,0
g_pn_19,27410432,27420800,27410432,0
g_pn_20,27422720,27433088,27422720,0
g_pn_21,27435008,27445376,27435008,0
g_pn_22,27447296,27457664,27447296,0
g_pn_23,27459584,27469952,27459584,0
g_pn_24,27471872,27482240,27471872,0
g_pn_25,27484160,27494528,27484160,0
g_pn_26,27496448,27506816,27496448,0
g_pn_27,27508736,27519104,27508736,0
g_pn_28,27521024,27531392,27521024,0
g_pn_29,27533312,27543680,27533312,0
g_pn_30,27545600,27555968,27545600,0
g_pn_31,27557888,27568256,27557888,0
g_pn_32,27570176,27580544,27570176,0
g_pn_33,27582464,27592832,27582464,0
g_pn_34,27594752,27605120,27594752,0
g_pn_35,27607040,27617408,27607040,0
g_pn_36,27619328,27629696,27619328,0
g_pn_37,27631616,27641984,27631616,0
g_pn_38,27643904,27654272,27643904,0
g_pn_39,27656192,27666560,27656192,0
g_pn_40,27668480,27678848,27668480,0
g_pn_41,27680768,27691136,27680768,0
g_pn_42,27693056,27703424,27693056,0
g_pn_43,27705344,27715712,27705344,0
g_pn_44,27717632,27728000,27717632,0
g_pn_45,27729920,27740288,27729920,0
g_pn_46,27742208,27752576,27742208,0
g_pn_47,27754496,27764864,27754496,0
g_pn_48,27766784,27777152,27766784,0
g_pn_49,27779072,27789440,27779072,0
g_pn_50,27791360,27801728,27791360,0
g_pn_51,27803648,27814016,27803648,0
g_pn_52,27815936,27826304,27815936,0
g_pn_53,27828224,27838592,27828224,0
g_pn_54,27840512,27850880,27840512,0
g_pn_55,27852800,27863168,27852800,0
g_pn_56,27865088,27875456,27865088,0
g_pn_57,27877376,27887744,27877376,0
z_select_static,27889664,27898368,27889664,0
nintendo_rogo_static,27901952,27913664,27901952,0
title_static,27914240,28206144,27914240,0
parameter_static,28209152,28224256,28209152,0
vr_fine0_static,28225536,28274688,28225536,0
vr_fine0_pal_static,28274688,28274944,28274688,0
vr_fine1_static,28278784,28327936,28278784,0
vr_fine1_pal_static,28327936,28328192,28327936,0
vr_fine2_static,28332032,28381184,28332032,0
vr_fine2_pal_static,28381184,28381440,28381184,0
vr_fine3_static,28385280,28434432,28385280,0
vr_fine3_pal_static,28434432,28434688,28434432,0
vr_cloud0_static,28438528,28487680,28438528,0
vr_cloud0_pal_static,28487680,28487936,28487680,0
vr_cloud1_static,28491776,28540928,28491776,0
vr_cloud1_pal_static,28540928,28541184,28540928,0
vr_cloud2_static,28545024,28594176,28545024,0
vr_cloud2_pal_static,28594176,28594432,28594176,0
vr_cloud3_static,28598272,28647424,28598272,0
vr_cloud3_pal_static,28647424,28647680,28647424,0
vr_holy0_static,28651520,28717056,28651520,0
vr_holy0_pal_static,28717056,28717312,28717056,0
vr_holy1_static,28721152,28786688,28721152,0
vr_holy1_pal_static,28786688,28786944,28786688,0
vr_MDVR_static,28790784,29052928,28790784,0
vr_MDVR_pal_static,29052928,29054976,29052928,0
vr_MNVR_static,29057024,29319168,29057024,0
vr_MNVR_pal_static,29319168,29321216,29319168,0
vr_RUVR_static,29323264,29585408,29323264,0
vr_RUVR_pal_static,29585408,29587456,29585408,0
vr_LHVR_static,29589504,29851648,29589504,0
vr_LHVR_pal_static,29851648,29853696,29851648,0
vr_KHVR_static,29855744,30117888,29855744,0
vr_KHVR_pal_static,30117888,30119936,30117888,0
vr_K3VR_static,30121984,30318592,30121984,0
vr_K3VR_pal_static,30318592,30320128,30318592,0
vr_K4VR_static,30322688,30519296,30322688,0
vr_K4VR_pal_static,30519296,30520832,30519296,0
vr_K5VR_static,30523392,30720000,30523392,0
vr_K5VR_pal_static,30720000,30721536,30720000,0
vr_SP1a_static,30724096,30855168,30724096,0
vr_SP1a_pal_static,30855168,30856192,30855168,0
vr_MLVR_static,30859264,31121408,30859264,0
vr_MLVR_pal_static,31121408,31123456,31121408,0
vr_KKRVR_static,31125504,31387648,31125504,0
vr_KKRVR_pal_static,31387648,31389696,31387648,0
vr_KR3VR_static,31391744,31588352,31391744,0
vr_KR3VR_pal_static,31588352,31589888,31588352,0
vr_IPVR_static,31592448,31854592,31592448,0
vr_IPVR_pal_static,31854592,31856640,31854592,0
vr_KSVR_static,31858688,31989760,31858688,0
vr_KSVR_pal_static,31989760,31990784,31989760,0
vr_GLVR_static,31993856,32124928,31993856,0
vr_GLVR_pal_static,32124928,32125952,32124928,0
vr_ZRVR_static,32129024,32260096,32129024,0
vr_ZRVR_pal_static,32260096,32261120,32260096,0
vr_DGVR_static,32264192,32395264,32264192,0
vr_DGVR_pal_static,32395264,32396288,32395264,0
vr_ALVR_static,32399360,32530432,32399360,0
vr_ALVR_pal_static,32530432,32531456,32530432,0
vr_NSVR_static,32534528,32665600,32534528,0
vr_NSVR_pal_static,32665600,32666624,32665600,0
vr_LBVR_static,32669696,32931840,32669696,0
vr_LBVR_pal_static,32931840,32933888,32931840,0
vr_TTVR_static,32935936,33132544,32935936,0
vr_TTVR_pal_static,33132544,33134080,33132544,0
vr_FCVR_static,33136640,33267712,33136640,0
vr_FCVR_pal_static,33267712,33268736,33267712,0
elf_message_field,33271808,33271920,33271808,0
elf_message_ydan,33275904,33275920,33275904,0
syotes_scene,41447424,41454592,41447424,0
syotes_room_0,41455616,41508736,41455616,0
syotes2_scene,41508864,41518256,41508864,0
syotes2_room_0,41521152,41561856,41521152,0
depth_test_scene,41562112,41562880,41562112,0
depth_test_room_0,41566208,41721584,41566208,0
spot00_scene,41721856,41894432,41721856,0
spot00_room_0,41897984,41984560,41897984,0
spot01_scene,41988096,42103120,41988096,0
spot01_room_0,42106880,42147552,42106880,0
spot02_scene,42147840,42196096,42147840,0
spot02_room_0,42196992,42206944,42196992,0
spot02_room_1,42209280,42332048,42209280,0
spot03_scene,42332160,42378592,42332160,0
spot03_room_0,42381312,42436992,42381312,0
spot03_room_1,42438656,42468608,42438656,0
spot04_scene,42471424,42541632,42471424,0
spot04_room_0,42545152,42656912,42545152,0
spot04_room_1,42659840,42694016,42659840,0
spot04_room_2,42696704,42717296,42696704,0
spot05_scene,42721280,42806624,42721280,0
spot05_room_0,42807296,42848000,42807296,0
spot06_scene,42848256,42959920,42848256,0
spot06_room_0,42962944,43005472,42962944,0
spot07_scene,43008000,43046944,43008000,0
spot07_room_0,43048960,43074288,43048960,0
spot07_room_1,43077632,43129248,43077632,0
spot08_scene,43130880,43202208,43130880,0
spot08_room_0,43204608,43237728,43204608,0
spot09_scene,43241472,43311456,43241472,0
spot09_room_0,43315200,43349952,43315200,0
spot10_scene,43352064,43418672,43352064,0
spot10_room_0,43421696,43431408,43421696,0
spot10_room_1,43433984,43467824,43433984,0
spot10_room_2,43470848,43490288,43470848,0
spot10_room_3,43491328,43514544,43491328,0
spot10_room_4,43515904,43525328,43515904,0
spot10_room_5,43528192,43556848,43528192,0
spot10_room_6,43556864,43571952,43556864,0
spot10_room_7,43573248,43582912,43573248,0
spot10_room_8,43585536,43595376,43585536,0
spot10_room_9,43597824,43613152,43597824,0
spot11_scene,43614208,43717856,43614208,0
spot11_room_0,43720704,43771840,43720704,0
spot12_scene,43773952,43839104,43773952,0
spot12_room_0,43839488,43910592,43839488,0
spot12_room_1,43913216,43962528,43913216,0
spot13_scene,43966464,43990576,43966464,0
spot13_room_0,43991040,43993360,43991040,0
spot13_room_1,43995136,44071488,43995136,0
spot15_scene,44072960,44172544,44072960,0
spot15_room_0,44175360,44229056,44175360,0
spot16_scene,44232704,44358288,44232704,0
spot16_room_0,44359680,44403984,44359680,0
spot17_scene,44404736,44469984,44404736,0
spot17_room_0,44470272,44497024,44470272,0
spot17_room_1,44498944,44573536,44498944,0
spot18_scene,44576768,44618832,44576768,0
spot18_room_0,44621824,44697552,44621824,0
spot18_room_1,44699648,44724736,44699648,0
spot18_room_2,44728320,44800432,44728320,0
spot18_room_3,44802048,44924144,44802048,0
ydan_scene,33280000,33335824,33280000,0
ydan_room_0,33337344,33424112,33337344,0
ydan_room_1,33427456,33444176,33427456,0
ydan_room_2,33447936,33472048,33447936,0
ydan_room_3,33472512,33554848,33472512,0
ydan_room_4,33558528,33577936,33558528,0
ydan_room_5,33579008,33612576,33579008,0
ydan_room_6,33615872,33636032,33615872,0
ydan_room_7,33636352,33671440,33636352,0
ydan_room_8,33673216,33676544,33673216,0
ydan_room_9,33677312,33716384,33677312,0
ydan_room_10,33718272,33738112,33718272,0
ydan_room_11,33738752,33767792,33738752,0
ddan_scene,33771520,33857856,33771520,0
ddan_room_0,33861632,33974432,33861632,0
ddan_room_1,33976320,34016000,33976320,0
ddan_room_2,34017280,34049440,34017280,0
ddan_room_3,34050048,34106816,34050048,0
ddan_room_4,34107392,34146384,34107392,0
ddan_room_5,34148352,34172640,34148352,0
ddan_room_6,34172928,34182144,34172928,0
ddan_room_7,34185216,34215632,34185216,0
ddan_room_8,34217984,34255872,34217984,0
ddan_room_9,34258944,34305360,34258944,0
ddan_room_10,34308096,34340432,34308096,0
ddan_room_11,34340864,34349184,34340864,0
ddan_room_12,34353152,34387760,34353152,0
ddan_room_13,34390016,34399360,34390016,0
ddan_room_14,34402304,34411664,34402304,0
ddan_room_15,34414592,34424912,34414592,0
ddan_room_16,34426880,34448720,34426880,0
bdan_scene,34451456,34539456,34451456,0
bdan_room_0,34541568,34558064,34541568,0
bdan_room_1,34562048,34586256,34562048,0
bdan_room_2,34586624,34623952,34586624,0
bdan_room_3,34627584,34656608,34627584,0
bdan_room_4,34660352,34676816,34660352,0
bdan_room_5,34680832,34705440,34680832,0
bdan_room_6,34709504,34726464,34709504,0
bdan_room_7,34729984,34743584,34729984,0
bdan_room_8,34746368,34760832,34746368,0
bdan_room_9,34762752,34778224,34762752,0
bdan_room_10,34779136,34793520,34779136,0
bdan_room_11,34795520,34809856,34795520,0
bdan_room_12,34811904,34827472,34811904,0
bdan_room_13,34828288,34839376,34828288,0
bdan_room_14,34840576,34865632,34840576,0
bdan_room_15,34869248,34879200,34869248,0
Bmori1_scene,34881536,34971536,34881536,0
Bmori1_room_0,34971648,35027808,34971648,0
Bmori1_room_1,35028992,35052368,35028992,0
Bmori1_room_2,35053568,35117472,35053568,0
Bmori1_room_3,35119104,35133936,35119104,0
Bmori1_room_4,35135488,35148464,35135488,0
Bmori1_room_5,35151872,35165632,35151872,0
Bmori1_room_6,35168256,35206176,35168256,0
Bmori1_room_7,35209216,35286896,35209216,0
Bmori1_room_8,35287040,35383952,35287040,0
Bmori1_room_9,35385344,35426608,35385344,0
Bmori1_room_10,35430400,35451856,35430400,0
Bmori1_room_11,35454976,35498848,35454976,0
Bmori1_room_12,35500032,35533776,35500032,0
Bmori1_room_13,35536896,35572384,35536896,0
Bmori1_room_14,35573760,35597120,35573760,0
Bmori1_room_15,35598336,35608208,35598336,0
Bmori1_room_16,35610624,35631008,35610624,0
Bmori1_room_17,35631104,35668160,35631104,0
Bmori1_room_18,35672064,35676992,35672064,0
Bmori1_room_19,35680256,35681552,35680256,0
Bmori1_room_20,35684352,35689216,35684352,0
Bmori1_room_21,35692544,35698560,35692544,0
Bmori1_room_22,35700736,35708384,35700736,0
HIDAN_scene,35708928,35817840,35708928,0
HIDAN_room_0,35819520,35848896,35819520,0
HIDAN_room_1,35852288,35903968,35852288,0
HIDAN_room_2,35905536,35971024,35905536,0
HIDAN_room_3,35971072,35980512,35971072,0
HIDAN_room_4,35983360,36014224,35983360,0
HIDAN_room_5,36016128,36057648,36016128,0
HIDAN_room_6,36061184,36089760,36061184,0
HIDAN_room_7,36089856,36104672,36089856,0
HIDAN_room_8,36106240,36145856,36106240,0
HIDAN_room_9,36147200,36181872,36147200,0
HIDAN_room_10,36184064,36283552,36184064,0
HIDAN_room_11,36286464,36300736,36286464,0
HIDAN_room_12,36302848,36313984,36302848,0
HIDAN_room_13,36315136,36367328,36315136,0
HIDAN_room_14,36368384,36377184,36368384,0
HIDAN_room_15,36380672,36385232,36380672,0
HIDAN_room_16,36388864,36436336,36388864,0
HIDAN_room_17,36438016,36475200,36438016,0
HIDAN_room_18,36478976,36494208,36478976,0
HIDAN_room_19,36495360,36512224,36495360,0
HIDAN_room_20,36515840,36543760,36515840,0
HIDAN_room_21,36544512,36578496,36544512,0
HIDAN_room_22,36581376,36608768,36581376,0
HIDAN_room_23,36610048,36637984,36610048,0
HIDAN_room_24,36638720,36660544,36638720,0
HIDAN_room_25,36663296,36690656,36663296,0
HIDAN_room_26,36691968,36718752,36691968,0
MIZUsin_scene,36720640,36809968,36720640,0
MIZUsin_room_0,36810752,36899968,36810752,0
MIZUsin_room_1,36900864,36942176,36900864,0
MIZUsin_room_2,36945920,36969360,36945920,0
MIZUsin_room_3,36970496,36996880,36970496,0
MIZUsin_room_4,36999168,37023712,36999168,0
MIZUsin_room_5,37023744,37066224,37023744,0
MIZUsin_room_6,37068800,37114560,37068800,0
MIZUsin_room_7,37117952,37139792,37117952,0
MIZUsin_room_8,37142528,37199056,37142528,0
MIZUsin_room_9,37199872,37232608,37199872,0
MIZUsin_room_10,37232640,37257136,37232640,0
MIZUsin_room_11,37257216,37276080,37257216,0
MIZUsin_room_12,37277696,37305744,37277696,0
MIZUsin_room_13,37306368,37308928,37306368,0
MIZUsin_room_14,37310464,37338720,37310464,0
MIZUsin_room_15,37339136,37368880,37339136,0
MIZUsin_room_16,37371904,37386960,37371904,0
MIZUsin_room_17,37388288,37423648,37388288,0
MIZUsin_room_18,37425152,37441728,37425152,0
MIZUsin_room_19,37445632,37460272,37445632,0
MIZUsin_room_20,37462016,37488448,37462016,0
MIZUsin_room_21,37490688,37520544,37490688,0
MIZUsin_room_22,37523456,37560560,37523456,0
jyasinzou_scene,37564416,37669696,37564416,0
jyasinzou_room_0,37670912,37740352,37670912,0
jyasinzou_room_1,37740544,37778176,37740544,0
jyasinzou_room_2,37781504,37805072,37781504,0
jyasinzou_room_3,37806080,37821264,37806080,0
jyasinzou_room_4,37822464,37851760,37822464,0
jyasinzou_room_5,37855232,37953344,37855232,0
jyasinzou_room_6,37953536,37971968,37953536,0
jyasinzou_room_7,37974016,37995792,37974016,0
jyasinzou_room_8,37998592,38031472,37998592,0
jyasinzou_room_9,38035456,38059504,38035456,0
jyasinzou_room_10,38060032,38093216,38060032,0
jyasinzou_room_11,38096896,38101008,38096896,0
jyasinzou_room_12,38105088,38113376,38105088,0
jyasinzou_room_13,38117376,38139984,38117376,0
jyasinzou_room_14,38141952,38161552,38141952,0
jyasinzou_room_15,38162432,38196336,38162432,0
jyasinzou_room_16,38199296,38224272,38199296,0
jyasinzou_room_17,38227968,38266384,38227968,0
jyasinzou_room_18,38268928,38292656,38268928,0
jyasinzou_room_19,38293504,38317536,38293504,0
jyasinzou_room_20,38318080,38351296,38318080,0
jyasinzou_room_21,38354944,38372944,38354944,0
jyasinzou_room_22,38375424,38387920,38375424,0
jyasinzou_room_23,38391808,38429072,38391808,0
jyasinzou_room_24,38432768,38458544,38432768,0
jyasinzou_room_25,38461440,38550384,38461440,0
jyasinzou_room_26,38551552,38603552,38551552,0
jyasinzou_room_27,38604800,38627008,38604800,0
jyasinzou_room_28,38629376,38664736,38629376,0
HAKAdan_scene,38666240,38765504,38666240,0
HAKAdan_room_0,38768640,38813888,38768640,0
HAKAdan_room_1,38817792,38824640,38817792,0
HAKAdan_room_2,38825984,38869264,38825984,0
HAKAdan_room_3,38871040,38881600,38871040,0
HAKAdan_room_4,38883328,38890560,38883328,0
HAKAdan_room_5,38891520,38914656,38891520,0
HAKAdan_room_6,38916096,38946160,38916096,0
HAKAdan_room_7,38948864,38955696,38948864,0
HAKAdan_room_8,38957056,38977632,38957056,0
HAKAdan_room_9,38981632,39033696,38981632,0
HAKAdan_room_10,39034880,39065504,39034880,0
HAKAdan_room_11,39067648,39083328,39067648,0
HAKAdan_room_12,39084032,39106336,39084032,0
HAKAdan_room_13,39108608,39112624,39108608,0
HAKAdan_room_14,39112704,39135552,39112704,0
HAKAdan_room_15,39137280,39166576,39137280,0
HAKAdan_room_16,39170048,39180416,39170048,0
HAKAdan_room_17,39182336,39193808,39182336,0
HAKAdan_room_18,39194624,39248512,39194624,0
HAKAdan_room_19,39251968,39263520,39251968,0
HAKAdan_room_20,39264256,39271968,39264256,0
HAKAdan_room_21,39272448,39318704,39272448,0
HAKAdan_room_22,39321600,39332256,39321600,0
HAKAdanCH_scene,39333888,39384416,39333888,0
HAKAdanCH_room_0,39387136,39474672,39387136,0
HAKAdanCH_room_1,39477248,39523024,39477248,0
HAKAdanCH_room_2,39526400,39539088,39526400,0
HAKAdanCH_room_3,39542784,39550048,39542784,0
HAKAdanCH_room_4,39550976,39560272,39550976,0
HAKAdanCH_room_5,39563264,39573856,39563264,0
HAKAdanCH_room_6,39575552,39587456,39575552,0
ice_doukutu_scene,39587840,39658992,39587840,0
ice_doukutu_room_0,39661568,39695968,39661568,0
ice_doukutu_room_1,39698432,39748928,39698432,0
ice_doukutu_room_2,39751680,39774960,39751680,0
ice_doukutu_room_3,39776256,39809152,39776256,0
ice_doukutu_room_4,39813120,39843440,39813120,0
ice_doukutu_room_5,39845888,39880848,39845888,0
ice_doukutu_room_6,39882752,39899744,39882752,0
ice_doukutu_room_7,39903232,39926000,39903232,0
ice_doukutu_room_8,39927808,39934288,39927808,0
ice_doukutu_room_9,39936000,39970384,39936000,0
ice_doukutu_room_10,39972864,39990240,39972864,0
ice_doukutu_room_11,39993344,40016128,39993344,0
men_scene,40017920,40088880,40017920,0
men_room_0,40091648,40157072,40091648,0
men_room_1,40157184,40194704,40157184,0
men_room_2,40198144,40218496,40198144,0
men_room_3,40218624,40250400,40218624,0
men_room_4,40251392,40292688,40251392,0
men_room_5,40296448,40317152,40296448,0
men_room_6,40321024,40353600,40321024,0
men_room_7,40353792,40387376,40353792,0
men_room_8,40390656,40423952,40390656,0
men_room_9,40427520,40442096,40427520,0
men_room_10,40443904,40467552,40443904,0
ganontika_scene,40468480,40605632,40468480,0
ganontika_room_0,40607744,40645056,40607744,0
ganontika_room_1,40648704,40765872,40648704,0
ganontika_room_2,40767488,40798176,40767488,0
ganontika_room_3,40800256,40839568,40800256,0
ganontika_room_4,40841216,40873104,40841216,0
ganontika_room_5,40873984,40904000,40873984,0
ganontika_room_6,40906752,40971248,40906752,0
ganontika_room_7,40972288,41004176,40972288,0
ganontika_room_8,41005056,41042032,41005056,0
ganontika_room_9,41046016,41093264,41046016,0
ganontika_room_10,41095168,41122672,41095168,0
ganontika_room_11,41123840,41150800,41123840,0
ganontika_room_12,41152512,41198448,41152512,0
ganontika_room_13,41201664,41233728,41201664,0
ganontika_room_14,41234432,41275808,41234432,0
ganontika_room_15,41279488,41311552,41279488,0
ganontika_room_16,41312256,41324064,41312256,0
ganontika_room_17,41324544,41359008,41324544,0
ganontika_room_18,41361408,41412208,41361408,0
ganontika_room_19,41414656,41446720,41414656,0
market_day_scene,44924928,44934768,44924928,0
market_day_room_0,44937216,44959856,44937216,0
market_night_scene,44961792,44971568,44961792,0
market_night_room_0,44974080,44996512,44974080,0
testroom_scene,44998656,45015552,44998656,0
testroom_room_0,45019136,45037056,45019136,0
testroom_room_1,45039616,45048816,45039616,0
testroom_room_2,45051904,45064832,45051904,0
testroom_room_3,45068288,45083168,45068288,0
testroom_room_4,45084672,45085440,45084672,0
kenjyanoma_scene,45088768,45103344,45088768,0
kenjyanoma_room_0,45105152,45183248,45105152,0
tokinoma_scene,45187072,45262752,45187072,0
tokinoma_room_0,45264896,45359584,45264896,0
tokinoma_room_1,45363200,45392080,45363200,0
sutaru_scene,45395968,45398960,45395968,0
sutaru_room_0,45400064,45429488,45400064,0
link_home_scene,45432832,45439840,45432832,0
link_home_room_0,45441024,45603968,45441024,0
kokiri_shop_scene,45604864,45607296,45604864,0
kokiri_shop_room_0,45608960,45808784,45608960,0
kokiri_home_scene,45809664,45812928,45809664,0
kokiri_home_room_0,45813760,45993008,45813760,0
kakusiana_scene,45993984,46049312,45993984,0
kakusiana_room_0,46051328,46080672,46051328,0
kakusiana_room_1,46084096,46104976,46084096,0
kakusiana_room_2,46108672,46119104,46108672,0
kakusiana_room_3,46120960,46141744,46120960,0
kakusiana_room_4,46145536,46176608,46145536,0
kakusiana_room_5,46178304,46196448,46178304,0
kakusiana_room_6,46198784,46221936,46198784,0
kakusiana_room_7,46223360,46239696,46223360,0
kakusiana_room_8,46239744,46253616,46239744,0
kakusiana_room_9,46256128,46279376,46256128,0
kakusiana_room_10,46280704,46303792,46280704,0
kakusiana_room_11,46305280,46339760,46305280,0
kakusiana_room_12,46342144,46374480,46342144,0
kakusiana_room_13,46374912,46403280,46374912,0
entra_scene,46403584,46404576,46403584,0
entra_room_0,46407680,46562160,46407680,0
moribossroom_scene,46563328,46569728,46563328,0
moribossroom_room_0,46571520,46595776,46571520,0
moribossroom_room_1,46596096,46652080,46596096,0
syatekijyou_scene,46653440,46703296,46653440,0
syatekijyou_room_0,46706688,46737136,46706688,0
shop1_scene,46739456,46740208,46739456,0
shop1_room_0,46743552,46913456,46743552,0
hairal_niwa_scene,46915584,46986128,46915584,0
hairal_niwa_room_0,46989312,47032544,46989312,0
ganon_tou_scene,47034368,47053680,47034368,0
ganon_tou_room_0,47054848,47135472,47054848,0
sasatest_scene,47136768,47147808,47136768,0
sasatest_room_0,47149056,47162960,47149056,0
market_alley_scene,47165440,47170128,47165440,0
market_alley_room_0,47173632,47654656,47173632,0
spot20_scene,47656960,47730208,47656960,0
spot20_room_0,47730688,47757008,47730688,0
market_ruins_scene,47759360,47765040,47759360,0
market_ruins_room_0,47767552,47777824,47767552,0
entra_n_scene,47779840,47780912,47779840,0
entra_n_room_0,47783936,47938416,47783936,0
enrui_scene,47939584,47940576,47939584,0
enrui_room_0,47943680,48098144,47943680,0
market_alley_n_scene,48099328,48104176,48099328,0
market_alley_n_room_0,48107520,48588528,48107520,0
hiral_demo_scene,48590848,48606544,48590848,0
hiral_demo_room_0,48607232,48608832,48607232,0
kokiri_home3_scene,48611328,48617376,48611328,0
kokiri_home3_room_0,48619520,48842256,48619520,0
malon_stable_scene,48844800,48846448,48844800,0
malon_stable_room_0,48848896,49037904,48848896,0
kakariko_scene,49041408,49045152,49041408,0
kakariko_room_0,49045504,49221568,49045504,0
bdan_boss_scene,49221632,49225280,49221632,0
bdan_boss_room_0,49225728,49238048,49225728,0
bdan_boss_room_1,49242112,49262784,49242112,0
FIRE_bs_scene,49266688,49286144,49266688,0
FIRE_bs_room_0,49287168,49304176,49287168,0
FIRE_bs_room_1,49307648,49336288,49307648,0
hut_scene,49336320,49337616,49336320,0
hut_room_0,49340416,49509792,49340416,0
daiyousei_izumi_scene,49512448,49569792,49512448,0
daiyousei_izumi_room_0,49569792,49584400,49569792,0
hakaana_scene,49586176,49588880,49586176,0
hakaana_room_0,49590272,49621200,49590272,0
yousei_izumi_tate_scene,49623040,49657872,49623040,0
yousei_izumi_tate_room_0,49659904,49677008,49659904,0
yousei_izumi_yoko_scene,49680384,49733024,49680384,0
yousei_izumi_yoko_room_0,49733632,49750032,49733632,0
golon_scene,49754112,49755040,49754112,0
golon_room_0,49758208,49914320,49758208,0
zoora_scene,49917952,49918864,49917952,0
zoora_room_0,49922048,50078176,49922048,0
drag_scene,50081792,50082800,50081792,0
drag_room_0,50085888,50265696,50085888,0
alley_shop_scene,50266112,50267568,50266112,0
alley_shop_room_0,50270208,50428976,50270208,0
night_shop_scene,50429952,50431600,50429952,0
night_shop_room_0,50434048,50600288,50434048,0
impa_scene,50601984,50605328,50601984,0
impa_room_0,50606080,50765728,50606080,0
labo_scene,50765824,50769648,50765824,0
labo_room_0,50769920,50951920,50769920,0
tent_scene,50954240,50955904,50954240,0
tent_room_0,50958336,51168928,50958336,0
nakaniwa_scene,51171328,51186208,51171328,0
nakaniwa_room_0,51187712,51285696,51187712,0
ddan_boss_scene,51286016,51296352,51286016,0
ddan_boss_room_0,51298304,51318320,51298304,0
ddan_boss_room_1,51318784,51334624,51318784,0
ydan_boss_scene,51335168,51341120,51335168,0
ydan_boss_room_0,51343360,51372016,51343360,0
ydan_boss_room_1,51372032,51398640,51372032,0
HAKAdan_bs_scene,51400704,51410816,51400704,0
HAKAdan_bs_room_0,51412992,51423712,51412992,0
HAKAdan_bs_room_1,51425280,51449680,51425280,0
MIZUsin_bs_scene,51449856,51456608,51449856,0
MIZUsin_bs_room_0,51458048,51475568,51458048,0
MIZUsin_bs_room_1,51478528,51524336,51478528,0
ganon_scene,51527680,51595184,51527680,0
ganon_room_0,51597312,51629776,51597312,0
ganon_room_1,51630080,51660656,51630080,0
ganon_room_2,51662848,51693648,51662848,0
ganon_room_3,51695616,51726128,51695616,0
ganon_room_4,51728384,51765456,51728384,0
ganon_room_5,51769344,51804944,51769344,0
ganon_room_6,51806208,51846048,51806208,0
ganon_room_7,51847168,51890080,51847168,0
ganon_room_8,51892224,51919840,51892224,0
ganon_room_9,51920896,51943712,51920896,0
ganon_boss_scene,51945472,51977248,51945472,0
ganon_boss_room_0,51978240,52002432,51978240,0
jyasinboss_scene,52002816,52038896,52002816,0
jyasinboss_room_0,52039680,52043728,52039680,0
jyasinboss_room_1,52043776,52076096,52043776,0
jyasinboss_room_2,52076544,52092352,52076544,0
jyasinboss_room_3,52092928,52139776,52092928,0
kokiri_home4_scene,52142080,52148912,52142080,0
kokiri_home4_room_0,52150272,52382032,52150272,0
kokiri_home5_scene,52383744,52388880,52383744,0
kokiri_home5_room_0,52391936,52592480,52391936,0
ganon_final_scene,52592640,52666752,52592640,0
ganon_final_room_0,52670464,52723376,52670464,0
kakariko3_scene,52723712,52725824,52723712,0
kakariko3_room_0,52727808,52901248,52727808,0
hairal_niwa2_scene,52903936,52915472,52903936,0
hairal_niwa2_room_0,52916224,53013504,52916224,0
hakasitarelay_scene,53014528,53072496,53014528,0
hakasitarelay_room_0,53075968,53105344,53075968,0
hakasitarelay_room_1,53108736,53135136,53108736,0
hakasitarelay_room_2,53137408,53171376,53137408,0
hakasitarelay_room_3,53174272,53210336,53174272,0
hakasitarelay_room_4,53211136,53228672,53211136,0
hakasitarelay_room_5,53231616,53249104,53231616,0
hakasitarelay_room_6,53252096,53283504,53252096,0
shrine_scene,53284864,53290208,53284864,0
shrine_room_0,53293056,53631728,53293056,0
turibori_scene,53633024,53708512,53633024,0
turibori_room_0,53710848,53737312,53710848,0
shrine_n_scene,53739520,53744896,53739520,0
shrine_n_room_0,53747712,54086416,53747712,0
shrine_r_scene,54087680,54092944,54087680,0
shrine_r_room_0,54095872,54434544,54095872,0
hakaana2_scene,54435840,54489232,54435840,0
hakaana2_room_0,54493184,54519824,54493184,0
gerudoway_scene,54521856,54577440,54521856,0
gerudoway_room_0,54579200,54598976,54579200,0
gerudoway_room_1,54599680,54629040,54599680,0
gerudoway_room_2,54632448,54648400,54632448,0
gerudoway_room_3,54648832,54694672,54648832,0
gerudoway_room_4,54697984,54712608,54697984,0
gerudoway_room_5,54714368,54734400,54714368,0
hairal_niwa_n_scene,54734848,54771952,54734848,0
hairal_niwa_n_room_0,54775808,54789664,54775808,0
bowling_scene,54792192,54852384,54792192,0
bowling_room_0,54853632,54878688,54853632,0
hakaana_ouke_scene,54882304,54901472,54882304,0
hakaana_ouke_room_0,54902784,54945792,54902784,0
hakaana_ouke_room_1,54947840,54966272,54947840,0
hakaana_ouke_room_2,54968320,54993168,54968320,0
hylia_labo_scene,54996992,55066768,54996992,0
hylia_labo_room_0,55070720,55100880,55070720,0
souko_scene,55103488,55131152,55103488,0
souko_room_0,55132160,55170368,55132160,0
souko_room_1,55173120,55215152,55173120,0
souko_room_2,55218176,55251328,55218176,0
miharigoya_scene,55255040,55305552,55255040,0
miharigoya_room_0,55308288,55324080,55308288,0
mahouya_scene,55324672,55368224,55324672,0
mahouya_room_0,55369728,55397008,55369728,0
takaraya_scene,55398400,55427504,55398400,0
takaraya_room_0,55431168,55471552,55431168,0
takaraya_room_1,55472128,55480320,55472128,0
takaraya_room_2,55480320,55488560,55480320,0
takaraya_room_3,55492608,55502880,55492608,0
takaraya_room_4,55504896,55517216,55504896,0
takaraya_room_5,55521280,55533568,55521280,0
takaraya_room_6,55533568,55544576,55533568,0
ganon_sonogo_scene,55545856,55578384,55545856,0
ganon_sonogo_room_0,55578624,55611008,55578624,0
ganon_sonogo_room_1,55611392,55643056,55611392,0
ganon_sonogo_room_2,55644160,55680160,55644160,0
ganon_sonogo_room_3,55681024,55703104,55681024,0
ganon_sonogo_room_4,55705600,55741680,55705600,0
ganon_demo_scene,55742464,55779440,55742464,0
ganon_demo_room_0,55783424,55800144,55783424,0
besitu_scene,55803904,55805104,55803904,0
besitu_room_0,55808000,55829728,55808000,0
face_shop_scene,55832576,55833456,55832576,0
face_shop_room_0,55836672,56026688,55836672,0
kinsuta_scene,56029184,56034832,56029184,0
kinsuta_room_0,56037376,56094880,56037376,0
ganontikasonogo_scene,56098816,56118016,56098816,0
ganontikasonogo_room_0,56119296,56216448,56119296,0
ganontikasonogo_room_1,56217600,56258336,56217600,0
test01_scene,56258560,56274464,56258560,0
test01_room_0,56274944,56314096,56274944,0
bump_texture_static,56315904,56316928,56315904,0
anime_model_1_static,56320000,56320016,56320000,0
anime_model_2_static,56324096,56324112,56324096,0
anime_model_3_static,56328192,56328208,56328192,0
anime_model_4_static,56332288,56332304,56332288,0
anime_model_5_static,56336384,56336400,56336384,0
anime_model_6_static,56340480,56340496,56340480,0
anime_texture_1_static,56344576,56344592,56344576,0
anime_texture_2_static,56348672,56348688,56348672,0
anime_texture_3_static,56352768,56352784,56352768,0
anime_texture_4_static,56356864,56356880,56356864,0
anime_texture_5_static,56360960,56360976,56360960,0
anime_texture_6_static,56365056,56365072,56365056,0
softsprite_matrix_static,56369152,56369216,56369152,0
