makerom,0,4192,0,0
boot,4192,29744,4192,0
dmadata,29744,54160,29744,0
Audiobank,54160,171488,54160,0
Audioseq,171488,496752,171488,0
Audiotable,496752,5087040,496752,0
kanji,5087040,5595712,5087040,0
link_animetion,5599232,8113200,5595712,0
icon_item_static,8114176,8673440,8109680,0
icon_item_24_static,8675328,8721408,8668944,0
icon_item_field_static,8724480,8771888,8715024,8742256
icon_item_dungeon_static,8773632,8781184,8742256,8743824
icon_item_gameover_static,8781824,8794880,8743824,8749712
icon_item_jpn_static,8798208,8854656,8749712,8771648
icon_item_nes_static,8855552,8912000,8771648,8794656
item_name_static,8912896,9164800,8794656,0
map_name_static,9166848,9304064,9046560,0
do_action_static,9306112,9328384,9183776,0
message_static,9330688,9347456,9206048,0
jpn_message_data_static,9351168,9589584,9222816,0
message_texture_static,9592832,9597440,9461232,0
nes_font_static,9601024,9618816,9465840,0
nes_message_data_static,9621504,9851184,9483632,0
staff_message_data_static,9854976,9858912,9713312,0
map_grand_static,9859072,9917264,9717248,0
map_i_static,9920512,10895632,9775440,0
map_48x85_static,10899456,11038176,10750560,0
code,11038720,12102960,10889280,11524240
n64dd,12102960,12180032,11524240,11564432
ovl_title,12180032,12182528,11564432,11566416
ovl_select,12182528,12194144,11566416,11573424
ovl_opening,12194144,12194496,11573424,11573728
ovl_file_choose,12194496,12259808,11573728,11610112
ovl_kaleido_scope,12259808,12376944,11610112,11671632
ovl_player_actor,12376944,12533968,11671632,11774560
ovl_map_mark_data,12533968,12561456,11774560,11775504
ovl_En_Test,12561456,12584160,11775504,11789024
ovl_En_GirlA,12584160,12594688,11789024,11794240
ovl_En_Part,12594688,12600336,11794240,11798368
ovl_En_Light,12600336,12603904,11798368,11800864
ovl_En_Door,12603904,12607536,11800864,11803872
ovl_En_Box,12607536,12614496,11803872,11808704
ovl_En_Poh,12614496,12631280,11808704,11819584
ovl_En_Okuta,12631280,12640976,11819584,11826304
ovl_En_Bom,12640976,12644768,11826304,11829296
ovl_En_Wallmas,12644768,12651440,11829296,11833808
ovl_En_Dodongo,12651440,12663120,11833808,11841808
ovl_En_Firefly,12663120,12671680,11841808,11847568
ovl_En_Horse,12671680,12721376,11847568,11878192
ovl_En_Arrow,12721376,12727248,11878192,11882400
ovl_En_Elf,12727248,12746128,11882400,11894624
ovl_En_Niw,12746128,12759232,11894624,11904064
ovl_En_Tite,12759232,12770912,11904064,11910928
ovl_En_Reeba,12770912,12777680,11910928,11915792
ovl_En_Peehat,12777680,12791760,11915792,11924704
ovl_En_Holl,12791760,12795808,11924704,11927680
ovl_En_Scene_Change,12795808,12796112,11927680,11927920
ovl_En_Zf,12796112,12823488,11927920,11945440
ovl_En_Hata,12823488,12824912,11945440,11946720
ovl_Boss_Dodongo,12824912,12864560,11946720,11971968
ovl_Boss_Goma,12864560,12889008,11971968,11986736
ovl_En_Zl1,12889008,12904880,11986736,11994720
ovl_En_Viewer,12904880,12916832,11994720,12002704
ovl_En_Goma,12916832,12928240,12002704,12010304
ovl_Bg_Pushbox,12928240,12929008,12010304,12010960
ovl_En_Bubble,12929008,12934160,12010960,12014912
ovl_Door_Shutter,12934160,12942992,12014912,12021248
ovl_En_Dodojr,12942992,12950832,12021248,12026720
ovl_En_Bdfire,12950832,12953792,12026720,12029024
ovl_En_Boom,12953792,12956032,12029024,12030880
ovl_En_Torch2,12956032,12966112,12030880,12038208
ovl_En_Bili,12966112,12975024,12038208,12044400
ovl_En_Tp,12975024,12982784,12044400,12050064
ovl_En_St,12982784,12994160,12050064,12057968
ovl_En_Bw,12994160,13007312,12057968,12066832
ovl_En_Eiyer,13007312,13014576,12066832,12072000
ovl_En_River_Sound,13014576,13017024,12072000,12074000
ovl_En_Horse_Normal,13017024,13026784,12074000,12080240
ovl_En_Ossan,13026784,13052864,12080240,12094544
ovl_Bg_Treemouth,13052864,13058576,12094544,12097600
ovl_Bg_Dodoago,13058576,13061968,12097600,12100256
ovl_Bg_Hidan_Dalm,13061968,13064096,12100256,12101888
ovl_Bg_Hidan_Hrock,13064096,13066192,12101888,12103536
ovl_En_Horse_Ganon,13066192,13069648,12103536,12106208
ovl_Bg_Hidan_Rock,13069648,13073984,12106208,12109488
ovl_Bg_Hidan_Rsekizou,13073984,13077024,12109488,12111776
ovl_Bg_Hidan_Sekizou,13077024,13082224,12111776,12115744
ovl_Bg_Hidan_Sima,13082224,13086096,12115744,12118816
ovl_Bg_Hidan_Syoku,13086096,13087216,12118816,12119600
ovl_En_Xc,13087216,13113680,12119600,12133040
ovl_Bg_Hidan_Curtain,13113680,13116400,12133040,12135152
ovl_Bg_Spot00_Hanebasi,13116400,13120768,12135152,12138688
ovl_En_Mb,13120768,13137472,12138688,12149600
ovl_En_Bombf,13137472,13142704,12149600,12153696
ovl_Bg_Hidan_Firewall,13142704,13144592,12153696,12155264
ovl_Bg_Dy_Yoseizo,13144592,13156192,12155264,12163008
ovl_En_Zl2,13156192,13174416,12163008,12172192
ovl_Bg_Hidan_Fslift,13174416,13175648,12172192,12173136
ovl_En_OE2,13175648,13175872,12173136,12173296
ovl_Bg_Ydan_Hasi,13175872,13177840,12173296,12174864
ovl_Bg_Ydan_Maruta,13177840,13179600,12174864,12176272
ovl_Boss_Ganondrof,13179600,13199424,12176272,12189424
ovl_En_Am,13199424,13208640,12189424,12195632
ovl_En_Dekubaba,13208640,13223648,12195632,12205344
ovl_En_M_Fire1,13223648,13224064,12205344,12205680
ovl_En_M_Thunder,13224064,13229680,12205680,12209760
ovl_Bg_Ddan_Jd,13229680,13231296,12209760,12211040
ovl_Bg_Breakwall,13231296,13234992,12211040,12213952
ovl_En_Jj,13234992,13240576,12213952,12217104
ovl_En_Horse_Zelda,13240576,13243376,12217104,12219360
ovl_Bg_Ddan_Kd,13243376,13245664,12219360,12221120
ovl_Door_Warp1,13245664,13262720,12221120,12231184
ovl_Obj_Syokudai,13262720,13265840,12231184,12233792
ovl_Item_B_Heart,13265840,13266848,12233792,12234656
ovl_En_Dekunuts,13266848,13272992,12234656,12238672
ovl_Bg_Menkuri_Kaiten,13272992,13273392,12238672,12239024
ovl_Bg_Menkuri_Eye,13273392,13274560,12239024,12240032
ovl_En_Vali,13274560,13284448,12240032,12246848
ovl_Bg_Mizu_Movebg,13284448,13288944,12246848,12250144
ovl_Bg_Mizu_Water,13288944,13292224,12250144,12252448
ovl_Arms_Hook,13292224,13295648,12252448,12255136
ovl_En_fHG,13295648,13306192,12255136,12262112
ovl_Bg_Mori_Hineri,13306192,13309472,12262112,12264544
ovl_En_Bb,13309472,13325040,12264544,12275728
ovl_Bg_Toki_Hikari,13325040,13328528,12275728,12277840
ovl_En_Yukabyun,13328528,13330080,12277840,12279200
ovl_Bg_Toki_Swd,13330080,13335792,12279200,12281824
ovl_En_Fhg_Fire,13335792,13345552,12281824,12288864
ovl_Bg_Mjin,13345552,13346544,12288864,12289728
ovl_Bg_Hidan_Kousi,13346544,13347952,12289728,12290800
ovl_Door_Toki,13347952,13348304,12290800,12291088
ovl_Bg_Hidan_Hamstep,13348304,13352032,12291088,12293936
ovl_En_Bird,13352032,13353248,12293936,12294928
ovl_En_Wood02,13353248,13357808,12294928,12298576
ovl_En_Lightbox,13357808,13358960,12298576,12299552
ovl_En_Pu_box,13358960,13359792,12299552,12300288
ovl_En_Trap,13359792,13364560,12300288,12303424
ovl_En_Arow_Trap,13364560,13364896,12303424,12303744
ovl_En_Vase,13364896,13365152,12303744,12303968
ovl_En_Ta,13365152,13379936,12303968,12312976
ovl_En_Tk,13379936,13387664,12312976,12318656
ovl_Bg_Mori_Bigst,13387664,13390016,12318656,12320304
ovl_Bg_Mori_Elevator,13390016,13392816,12320304,12322192
ovl_Bg_Mori_Kaitenkabe,13392816,13394448,12322192,12323552
ovl_Bg_Mori_Rakkatenjo,13394448,13396864,12323552,12325296
ovl_En_Vm,13396864,13403184,12325296,12329792
ovl_Demo_Effect,13403184,13426480,12329792,12345024
ovl_Demo_Kankyo,13426480,13442016,12345024,12354304
ovl_Bg_Hidan_Fwbig,13442016,13445312,12354304,12356960
ovl_En_Floormas,13445312,13458592,12356960,12365152
ovl_En_Heishi1,13458592,13463984,12365152,12368816
ovl_En_Rd,13463984,13474400,12368816,12375504
ovl_En_Po_Sisters,13474400,13494096,12375504,12388336
ovl_Bg_Heavy_Block,13494096,13500480,12388336,12392992
ovl_Bg_Po_Event,13500480,13508208,12392992,12398704
ovl_Obj_Mure,13508208,13512320,12398704,12401568
ovl_En_Sw,13512320,13526512,12401568,12411888
ovl_Boss_Fd,13526512,13556000,12411888,12431632
ovl_Object_Kankyo,13556000,13568832,12431632,12440784
ovl_En_Du,13568832,13575648,12440784,12445392
ovl_En_Fd,13575648,13587104,12445392,12453824
ovl_En_Horse_Link_Child,13587104,13594784,12453824,12458432
ovl_Door_Ana,13594784,13596432,12458432,12459792
ovl_Bg_Spot02_Objects,13596432,13601376,12459792,12463280
ovl_Bg_Haka,13601376,13603104,12463280,12464736
ovl_Magic_Wind,13603104,13610528,12464736,12471280
ovl_Magic_Fire,13610528,13619440,12471280,12479248
ovl_En_Ru1,13619440,13649808,12479248,12495024
ovl_Boss_Fd2,13649808,13665472,12495024,12506144
ovl_En_Fd_Fire,13665472,13668816,12506144,12508928
ovl_En_Dh,13668816,13675680,12508928,12513920
ovl_En_Dha,13675680,13679728,12513920,12516912
ovl_En_Rl,13679728,13683536,12516912,12519264
ovl_En_Encount1,13683536,13686448,12519264,12521664
ovl_Demo_Du,13686448,13700752,12521664,12528640
ovl_Demo_Im,13700752,13716992,12528640,12536736
ovl_Demo_Tre_Lgt,13716992,13718800,12536736,12538256
ovl_En_Fw,13718800,13724864,12538256,12543168
ovl_Bg_Vb_Sima,13724864,13726672,12543168,12544768
ovl_En_Vb_Ball,13726672,13731184,12544768,12548192
ovl_Bg_Haka_Megane,13731184,13732208,12548192,12549040
ovl_Bg_Haka_MeganeBG,13732208,13733936,12549040,12550400
ovl_Bg_Haka_Ship,13733936,13736560,12550400,12552464
ovl_Bg_Haka_Sgami,13736560,13739664,12552464,12554896
ovl_En_Heishi2,13739664,13748368,12554896,12560192
ovl_En_Encount2,13748368,13753024,12560192,12563792
ovl_En_Fire_Rock,13753024,13757392,12563792,12566976
ovl_En_Brob,13757392,13761728,12566976,12570112
ovl_Mir_Ray,13761728,13768064,12570112,12575232
ovl_Bg_Spot09_Obj,13768064,13769360,12575232,12576224
ovl_Bg_Spot18_Obj,13769360,13771616,12576224,12577840
ovl_Boss_Va,13771616,13830992,12577840,12616304
ovl_Bg_Haka_Tubo,13830992,13833584,12616304,12618432
ovl_Bg_Haka_Trap,13833584,13839168,12618432,12622560
ovl_Bg_Haka_Huta,13839168,13841888,12622560,12624720
ovl_Bg_Haka_Zou,13841888,13846480,12624720,12628176
ovl_Bg_Spot17_Funen,13846480,13847072,12628176,12628720
ovl_En_Syateki_Itm,13847072,13850560,12628720,12631376
ovl_En_Syateki_Man,13850560,13854080,12631376,12633984
ovl_En_Tana,13854080,13854752,12633984,12634560
ovl_En_Nb,13854752,13872624,12634560,12643888
ovl_Boss_Mo,13872624,13919120,12643888,12676016
ovl_En_Sb,13919120,13924304,12676016,12679472
ovl_En_Bigokuta,13924304,13935328,12679472,12686976
ovl_En_Karebaba,13935328,13941712,12686976,12691440
ovl_Bg_Bdan_Objects,13941712,13946528,12691440,12694816
ovl_Demo_Sa,13946528,13957568,12694816,12700272
ovl_Demo_Go,13957568,13960992,12700272,12702640
ovl_En_In,13960992,13972608,12702640,12710976
ovl_En_Tr,13972608,13979008,12710976,12715600
ovl_Bg_Spot16_Bombstone,13979008,13984448,12715600,12719904
ovl_Bg_Hidan_Kowarerukabe,13984448,13988240,12719904,12722416
ovl_Bg_Bombwall,13988240,13990480,12722416,12724176
ovl_En_Ru2,13990480,14002128,12724176,12729904
ovl_Obj_Dekujr,14002128,14003728,12729904,12731264
ovl_Bg_Mizu_Uzu,14003728,14004192,12731264,12731648
ovl_Bg_Spot06_Objects,14004192,14009328,12731648,12735488
ovl_Bg_Ice_Objects,14009328,14013232,12735488,12738112
ovl_Bg_Haka_Water,14013232,14015248,12738112,12739616
ovl_En_Ma2,14015248,14019440,12739616,12742832
ovl_En_Bom_Chu,14019440,14025232,12742832,12747424
ovl_En_Horse_Game_Check,14025232,14029536,12747424,12750528
ovl_Boss_Tw,14029536,14107488,12750528,12801184
ovl_En_Rr,14107488,14116992,12801184,12808128
ovl_En_Ba,14116992,14124880,12808128,12813344
ovl_En_Bx,14124880,14127680,12813344,12815824
ovl_En_Anubice,14127680,14132464,12815824,12819360
ovl_En_Anubice_Fire,14132464,14135984,12819360,12822272
ovl_Bg_Mori_Hashigo,14135984,14138224,12822272,12823936
ovl_Bg_Mori_Hashira4,14138224,14139632,12823936,12825040
ovl_Bg_Mori_Idomizu,14139632,14141232,12825040,12826288
ovl_Bg_Spot16_Doughnut,14141232,14142688,12826288,12827520
ovl_Bg_Bdan_Switch,14142688,14147856,12827520,12830528
ovl_En_Ma1,14147856,14152688,12830528,12834128
ovl_Boss_Ganon,14152688,14292576,12834128,12921968
ovl_Boss_Sst,14292576,14343040,12921968,12953440
ovl_En_Ny,14343040,14349488,12953440,12958128
ovl_En_Fr,14349488,14360384,12958128,12965872
ovl_Item_Shield,14360384,14362960,12965872,12967920
ovl_Bg_Ice_Shelter,14362960,14367616,12967920,12971472
ovl_En_Ice_Hono,14367616,14372208,12971472,12974768
ovl_Item_Ocarina,14372208,14374208,12974768,12976240
ovl_Magic_Dark,14374208,14380432,12976240,12981184
ovl_Demo_6K,14380432,14391968,12981184,12989696
ovl_En_Anubice_Tag,14391968,14392688,12989696,12990320
ovl_Bg_Haka_Gate,14392688,14396912,12990320,12993600
ovl_Bg_Spot15_Saku,14396912,14397744,12993600,12994320
ovl_Bg_Jya_Goroiwa,14397744,14399664,12994320,12995952
ovl_Bg_Jya_Zurerukabe,14399664,14401376,12995952,12997312
ovl_Bg_Jya_Cobra,14401376,14408832,12997312,13002800
ovl_Bg_Jya_Kanaami,14408832,14409776,13002800,13003552
ovl_Fishing,14409776,14490112,13003552,13058048
ovl_Obj_Oshihiki,14490112,14496944,13058048,13062816
ovl_Bg_Gate_Shutter,14496944,14498096,13062816,13063712
ovl_Eff_Dust,14498096,14503184,13063712,13066736
ovl_Bg_Spot01_Fusya,14503184,14503856,13066736,13067312
ovl_Bg_Spot01_Idohashira,14503856,14506928,13067312,13069664
ovl_Bg_Spot01_Idomizu,14506928,14507712,13069664,13070384
ovl_Bg_Po_Syokudai,14507712,14510096,13070384,13072336
ovl_Bg_Ganon_Otyuka,14510096,14519888,13072336,13079808
ovl_Bg_Spot15_Rrbox,14519888,14523440,13079808,13082384
ovl_Bg_Umajump,14523440,14523840,13082384,13082752
ovl_En_Insect,14523840,14533344,13082752,13089056
ovl_En_Butte,14533344,14538928,13089056,13093104
ovl_En_Fish,14538928,14547392,13093104,13098416
ovl_Bg_Spot08_Iceblock,14547392,14551552,13098416,13101392
ovl_Item_Etcetera,14551552,14553808,13101392,13103072
ovl_Arrow_Fire,14553808,14561680,13103072,13109904
ovl_Arrow_Ice,14561680,14569584,13109904,13116144
ovl_Arrow_Light,14569584,14577504,13116144,13122528
ovl_Obj_Kibako,14577504,14580832,13122528,13124784
ovl_Obj_Tsubo,14580832,14584912,13124784,13127696
ovl_En_Wonder_Item,14584912,14588064,13127696,13129936
ovl_En_Ik,14588064,14606032,13129936,13140480
ovl_Demo_Ik,14606032,14611424,13140480,13143824
ovl_En_Skj,14611424,14626064,13143824,13152976
ovl_En_Skjneedle,14626064,14626848,13152976,13153664
ovl_En_G_Switch,14626848,14633040,13153664,13158464
ovl_Demo_Ext,14633040,14635408,13158464,13160288
ovl_Demo_Shd,14635408,14644640,13160288,13166496
ovl_En_Dns,14644640,14649648,13166496,13169776
ovl_Elf_Msg,14649648,14651168,13169776,13170896
ovl_En_Honotrap,14651168,14656624,13170896,13174944
ovl_En_Tubo_Trap,14656624,14659856,13174944,13177264
ovl_Obj_Ice_Poly,14659856,14662336,13177264,13179296
ovl_Bg_Spot03_Taki,14662336,14664624,13179296,13181040
ovl_Bg_Spot07_Taki,14664624,14666096,13181040,13182176
ovl_En_Fz,14666096,14674304,13182176,13188048
ovl_En_Po_Relay,14674304,14680208,13188048,13192512
ovl_Bg_Relay_Objects,14680208,14682176,13192512,13194080
ovl_En_Diving_Game,14682176,14688752,13194080,13198672
ovl_En_Kusa,14688752,14694096,13198672,13202592
ovl_Obj_Bean,14694096,14704224,13202592,13208944
ovl_Obj_Bombiwa,14704224,14705616,13208944,13210160
ovl_Obj_Switch,14705616,14713232,13210160,13214992
ovl_Obj_Elevator,14713232,14714192,13214992,13215744
ovl_Obj_Lift,14714192,14716784,13215744,13217856
ovl_Obj_Hsblock,14716784,14718272,13217856,13219056
ovl_En_Okarina_Tag,14718272,14723616,13219056,13222144
ovl_En_Yabusame_Mark,14723616,14725360,13222144,13223520
ovl_En_Goroiwa,14725360,14734512,13223520,13229952
ovl_En_Ex_Ruppy,14734512,14738800,13229952,13233216
ovl_En_Toryo,14738800,14742016,13233216,13235584
ovl_En_Daiku,14742016,14747968,13235584,13240176
ovl_En_Nwc,14747968,14750592,13240176,13242400
ovl_En_Blkobj,14750592,14751968,13242400,13243552
ovl_Item_Inbox,14751968,14752320,13243552,13243824
ovl_En_Ge1,14752320,14760560,13243824,13248992
ovl_Obj_Blockstop,14760560,14760976,13248992,13249376
ovl_En_Sda,14760976,14766672,13249376,13253104
ovl_En_Clear_Tag,14766672,14802368,13253104,13270576
ovl_En_Niw_Lady,14802368,14808736,13270576,13275152
ovl_En_Gm,14808736,14812112,13275152,13277728
ovl_En_Ms,14812112,14813888,13277728,13279184
ovl_En_Hs,14813888,14816864,13279184,13281296
ovl_Bg_Ingate,14816864,14817776,13281296,13282080
ovl_En_Kanban,14817776,14830400,13282080,13289792
ovl_En_Heishi3,14830400,14832912,13289792,13291632
ovl_En_Syateki_Niw,14832912,14841248,13291632,13297728
ovl_En_Attack_Niw,14841248,14845952,13297728,13301168
ovl_Bg_Spot01_Idosoko,14845952,14846480,13301168,13301616
ovl_En_Sa,14846480,14855296,13301616,13307264
ovl_En_Wonder_Talk,14855296,14856976,13307264,13308624
ovl_Bg_Gjyo_Bridge,14856976,14858256,13308624,13309712
ovl_En_Ds,14858256,14861360,13309712,13311856
ovl_En_Mk,14861360,14865088,13311856,13314384
ovl_En_Bom_Bowl_Man,14865088,14870528,13314384,13318368
ovl_En_Bom_Bowl_Pit,14870528,14872944,13318368,13320256
ovl_En_Owl,14872944,14888208,13320256,13329072
ovl_En_Ishi,14888208,14925408,13329072,13334032
ovl_Obj_Hana,14925408,14926192,13334032,13334656
ovl_Obj_Lightswitch,14926192,14931360,13334656,13338240
ovl_Obj_Mure2,14931360,14933952,13338240,13340160
ovl_En_Go,14933952,14951936,13340160,13351776
ovl_En_Fu,14951936,14955328,13351776,13354448
ovl_En_Changer,14955328,14957856,13354448,13356320
ovl_Bg_Jya_Megami,14957856,14962432,13356320,13360128
ovl_Bg_Jya_Lift,14962432,14963792,13360128,13361216
ovl_Bg_Jya_Bigmirror,14963792,14965904,13361216,13363024
ovl_Bg_Jya_Bombchuiwa,14965904,14968768,13363024,13365280
ovl_Bg_Jya_Amishutter,14968768,14969680,13365280,13365872
ovl_Bg_Jya_Bombiwa,14969680,14971152,13365872,13367120
ovl_Bg_Spot18_Basket,14971152,14975232,13367120,13370208
ovl_En_Ganon_Organ,14975232,15003904,13370208,13384128
ovl_En_Siofuki,15003904,15007408,13384128,13386752
ovl_En_Stream,15007408,15008832,13386752,13387984
ovl_En_Mm,15008832,15014496,13387984,13392352
ovl_En_Ko,15014496,15031200,13392352,13401968
ovl_En_Kz,15031200,15036592,13401968,13405984
ovl_En_Weather_Tag,15036592,15040416,13405984,13407840
ovl_Bg_Sst_Floor,15040416,15041792,13407840,13409104
ovl_En_Ani,15041792,15045232,13409104,13411552
ovl_En_Ex_Item,15045232,15049696,13411552,13414816
ovl_Bg_Jya_Ironobj,15049696,15053200,13414816,13417232
ovl_En_Js,15053200,15055712,13417232,13419056
ovl_En_Jsjutan,15055712,15075616,13419056,13426592
ovl_En_Cs,15075616,15080272,13426592,13430144
ovl_En_Md,15080272,15090112,13430144,13436016
ovl_En_Hy,15090112,15104768,13436016,13445232
ovl_En_Ganon_Mant,15104768,15121696,13445232,13452704
ovl_En_Okarina_Effect,15121696,15122640,13452704,13453440
ovl_En_Mag,15122640,15134688,13453440,13461840
ovl_Door_Gerudo,15134688,15136208,13461840,13463104
ovl_Elf_Msg2,15136208,15137344,13463104,13463856
ovl_Demo_Gt,15137344,15159360,13463856,13474928
ovl_En_Po_Field,15159360,15174176,13474928,13485424
ovl_Efc_Erupc,15174176,15176960,13485424,13487760
ovl_Bg_Zg,15176960,15178096,13487760,13488672
ovl_En_Heishi4,15178096,15181936,13488672,13491376
ovl_En_Zl3,15181936,15214272,13491376,13507856
ovl_Boss_Ganon2,15214272,15284656,13507856,13550384
ovl_En_Kakasi,15284656,15288048,13550384,13552976
ovl_En_Takara_Man,15288048,15290288,13552976,13554896
ovl_Obj_Makeoshihiki,15290288,15291456,13554896,13555888
ovl_Oceff_Spot,15291456,15295344,13555888,13559200
ovl_End_Title,15295344,15312032,13559200,13565968
ovl_En_Torch,15312032,15312272,13565968,13566192
ovl_Demo_Ec,15312272,15326704,13566192,13572112
ovl_Shot_Sun,15326704,15328432,13572112,13573552
ovl_En_Dy_Extra,15328432,15329840,13573552,13574800
ovl_En_Wonder_Talk2,15329840,15331536,13574800,13576240
ovl_En_Ge2,15331536,15338096,13576240,13580720
ovl_Obj_Roomtimer,15338096,15338688,13580720,13581232
ovl_En_Ssh,15338688,15348400,13581232,13587968
ovl_En_Sth,15348400,15364960,13587968,13599168
ovl_Oceff_Wipe,15364960,15368368,13599168,13602192
ovl_Effect_Ss_Dust,15368368,15370464,13602192,13603904
ovl_Effect_Ss_KiraKira,15370464,15372112,13603904,13605344
ovl_Effect_Ss_Bomb,15372112,15373168,13605344,13606320
ovl_Effect_Ss_Bomb2,15373168,15375520,13606320,13608240
ovl_Effect_Ss_Blast,15375520,15376432,13608240,13609120
ovl_Effect_Ss_G_Spk,15376432,15377888,13609120,13610432
ovl_Effect_Ss_D_Fire,15377888,15379152,13610432,13611616
ovl_Effect_Ss_Bubble,15379152,15380304,13611616,13612640
ovl_Effect_Ss_G_Ripple,15380304,15381680,13612640,13613888
ovl_Effect_Ss_G_Splash,15381680,15382880,13613888,13614864
ovl_Effect_Ss_G_Magma,15382880,15383488,13614864,13615440
ovl_Effect_Ss_G_Fire,15383488,15384144,13615440,13616048
ovl_Effect_Ss_Lightning,15384144,15385888,13616048,13617664
ovl_Effect_Ss_Dt_Bubble,15385888,15387312,13617664,13618912
ovl_Effect_Ss_Hahen,15387312,15388912,13618912,13620160
ovl_Effect_Ss_Stick,15388912,15389840,13620160,13621008
ovl_Effect_Ss_Sibuki,15389840,15391584,13621008,13622560
ovl_Effect_Ss_Sibuki2,15391584,15392400,13622560,13623344
ovl_Effect_Ss_G_Magma2,15392400,15393696,13623344,13624560
ovl_Effect_Ss_Stone1,15393696,15394608,13624560,13625408
ovl_Effect_Ss_HitMark,15394608,15395968,13625408,13626624
ovl_Effect_Ss_Fhg_Flash,15395968,15399936,13626624,13629216
ovl_Effect_Ss_K_Fire,15399936,15401008,13629216,13630224
ovl_Effect_Ss_Solder_Srch_Ball,15401008,15401440,13630224,13630640
ovl_Effect_Ss_Kakera,15401440,15405680,13630640,13633776
ovl_Effect_Ss_Ice_Piece,15405680,15406768,13633776,13634816
ovl_Effect_Ss_En_Ice,15406768,15408832,13634816,13636688
ovl_Effect_Ss_Fire_Tail,15408832,15410624,13636688,13638320
ovl_Effect_Ss_En_Fire,15410624,15412480,13638320,13639968
ovl_Effect_Ss_Extra,15412480,15413440,13639968,13640912
ovl_Effect_Ss_Fcircle,15413440,15414640,13640912,13642048
ovl_Effect_Ss_Dead_Db,15414640,15415888,13642048,13643264
ovl_Effect_Ss_Dead_Dd,15415888,15417312,13643264,13644576
ovl_Effect_Ss_Dead_Ds,15417312,15418464,13644576,13645648
ovl_Effect_Ss_Dead_Sound,15418464,15418784,13645648,13645968
ovl_Oceff_Storm,15418784,15425856,13645968,13652720
ovl_En_Weiyer,15425856,15432512,13652720,13657120
ovl_Bg_Spot05_Soko,15432512,15433312,13657120,13657776
ovl_Bg_Jya_1flift,15433312,15434992,13657776,13659056
ovl_Bg_Jya_Haheniron,15434992,15437024,13659056,13660720
ovl_Bg_Spot12_Gate,15437024,15438064,13660720,13661504
ovl_Bg_Spot12_Saku,15438064,15439280,13661504,13662464
ovl_En_Hintnuts,15439280,15445984,13662464,13666976
ovl_En_Nutsball,15445984,15447552,13666976,13668384
ovl_Bg_Spot00_Break,15447552,15447968,13668384,13668752
ovl_En_Shopnuts,15447968,15451824,13668752,13671408
ovl_En_It,15451824,15452224,13671408,13671712
ovl_En_GeldB,15452224,15473648,13671712,13684976
ovl_Oceff_Wipe2,15473648,15479648,13684976,13688640
ovl_Oceff_Wipe3,15479648,15485616,13688640,13693392
ovl_En_Niw_Girl,15485616,15488384,13693392,13695776
ovl_En_Dog,15488384,15492912,13695776,13698976
ovl_En_Si,15492912,15494192,13698976,13700032
ovl_Bg_Spot01_Objects2,15494192,15495408,13700032,13701072
ovl_Obj_Comb,15495408,15497552,13701072,13702928
ovl_Bg_Spot11_Bakudankabe,15497552,15499152,13702928,13704304
ovl_Obj_Kibako2,15499152,15500880,13704304,13705776
ovl_En_Dnt_Demo,15500880,15504240,13705776,13708416
ovl_En_Dnt_Jiji,15504240,15509632,13708416,13711664
ovl_En_Dnt_Nomal,15509632,15521408,13711664,13718752
ovl_En_Guest,15521408,15523872,13718752,13720832
ovl_Bg_Bom_Guard,15523872,15524416,13720832,13721328
ovl_En_Hs2,15524416,15525920,13721328,13722576
ovl_Demo_Kekkai,15525920,15530752,13722576,13726320
ovl_Bg_Spot08_Bakudankabe,15530752,15532448,13726320,13727776
ovl_Bg_Spot17_Bakudankabe,15532448,15534208,13727776,13729280
ovl_Obj_Mure3,15534208,15536208,13729280,13730864
ovl_En_Tg,15536208,15537952,13730864,13732352
ovl_En_Mu,15537952,15540288,13732352,13734336
ovl_En_Go2,15540288,15564896,13734336,13750192
ovl_En_Wf,15564896,15582064,13750192,13761280
ovl_En_Skb,15582064,15588448,13761280,13765904
ovl_Demo_Gj,15588448,15603984,13765904,13773184
ovl_Demo_Geff,15603984,15606064,13773184,13774704
ovl_Bg_Gnd_Firemeiro,15606064,15607408,13774704,13775808
ovl_Bg_Gnd_Darkmeiro,15607408,15609392,13775808,13777280
ovl_Bg_Gnd_Soulmeiro,15609392,15611536,13777280,13779056
ovl_Bg_Gnd_Nisekabe,15611536,15611904,13779056,13779392
ovl_Bg_Gnd_Iceblock,15611904,15616240,13779392,13782272
ovl_Bg_Ydan_Sp,15616240,15622240,13782272,13786640
ovl_En_Gb,15622240,15628176,13786640,13791040
ovl_En_Gs,15628176,15636016,13791040,13796800
ovl_Bg_Mizu_Bwall,15636016,15641344,13796800,13800352
ovl_Bg_Mizu_Shutter,15641344,15643392,13800352,13801936
ovl_En_Daiku_Kakariko,15643392,15648448,13801936,13805760
ovl_Bg_Bowl_Wall,15648448,15650880,13805760,13807840
ovl_En_Wall_Tubo,15650880,15652144,13807840,13808896
ovl_En_Po_Desert,15652144,15655664,13808896,13811808
ovl_En_Crow,15655664,15661456,13811808,13816112
ovl_Door_Killer,15661456,15666944,13816112,13820336
ovl_Bg_Spot11_Oasis,15666944,15668784,13820336,13821920
ovl_Bg_Spot18_Futa,15668784,15669200,13821920,13822272
ovl_Bg_Spot18_Shutter,15669200,15670560,13822272,13823344
ovl_En_Ma3,15670560,15674512,13823344,13826416
ovl_En_Cow,15674512,15679728,13826416,13829776
ovl_Bg_Ice_Turara,15679728,15681824,13829776,13831504
ovl_Bg_Ice_Shutter,15681824,15682960,13831504,13832368
ovl_En_Kakasi2,15682960,15684784,13832368,13833808
ovl_En_Kakasi3,15684784,15689104,13833808,13836944
ovl_Oceff_Wipe4,15689104,15693168,13836944,13839968
ovl_En_Eg,15693168,15693600,13839968,13840320
ovl_Bg_Menkuri_Nisekabe,15693600,15693936,13840320,13840608
ovl_En_Zo,15693936,15703584,13840608,13847360
ovl_Effect_Ss_Ice_Smoke,15703584,15704800,13847360,13848448
ovl_Obj_Makekinsuta,15704800,15705136,13848448,13848768
ovl_En_Ge3,15705136,15708032,13848768,13850944
ovl_Obj_Timeblock,15708032,15711168,13850944,13853232
ovl_Obj_Hamishi,15711168,15713296,13853232,13855040
ovl_En_Zl4,15713296,15732288,13855040,13864768
ovl_En_Mm2,15732288,15735808,13864768,13867440
ovl_Bg_Jya_Block,15735808,15736432,13867440,13868048
ovl_Obj_Warp2block,15736432,15739296,13868048,13870304
gameplay_keep,15740928,16116960,13870304,14064800
gameplay_field_keep,16117760,16171824,14064800,14102208
gameplay_dangeon_keep,16175104,16272112,14102208,14162336
gameplay_object_exchange_static,16273408,16273424,14162336,14162368
object_link_boy,16277504,16504832,14162368,14269776
object_link_child,16506880,16691072,14269776,14358240
object_box,16691200,16715776,14358240,14370992
object_human,16715776,16793984,14370992,14402752
object_okuta,16797696,16813184,14402752,14410496
object_poh,16814080,16834784,14410496,14423776
object_wallmaster,16838656,16879728,14423776,14450672
object_dy_obj,16883712,17003824,14450672,14525312
object_firefly,17006592,17012928,14525312,14529040
object_dodongo,17014784,17054016,14529040,14556752
object_fire,17055744,17072288,14556752,14563456
object_niw,17076224,17085760,14563456,14568304
object_tite,17088512,17103408,14568304,14578336
object_reeba,17104896,17112816,14578336,14583488
object_peehat,17113088,17120400,14583488,14587008
object_kingdodongo,17121280,17316064,14587008,14711968
object_horse,17317888,17374992,14711968,14754672
object_zf,17375232,17466272,14754672,14817024
object_goma,17469440,17592832,14817024,14908768
object_zl1,17596416,17679296,14908768,14952912
object_gol,17682432,17699360,14952912,14964048
object_bubble,17702912,17707200,14964048,14965936
object_dodojr,17711104,17719536,14965936,14972128
object_torch2,17723392,17741680,14972128,14980416
object_bl,17743872,17766480,14980416,14989728
object_tp,17768448,17775856,14989728,14994672
object_oA1,17776640,17794832,14994672,15004032
object_st,17797120,17820592,15004032,15017088
object_bw,17821696,17830496,15017088,15022464
object_ei,17833984,17847328,15022464,15030032
object_horse_normal,17850368,17891264,15030032,15062832
object_oB1,17891328,17917616,15062832,15075072
object_o_anime,17920000,17928528,15075072,15082240
object_spot04_objects,17932288,17938112,15082240,15085440
object_ddan_objects,17940480,17975136,15085440,15107712
object_hidan_objects,17977344,18074912,15107712,15156336
object_horse_ganon,18075648,18124944,15156336,15190080
object_oA2,18128896,18151120,15190080,15195248
object_spot00_objects,18153472,18160656,15195248,15198112
object_mb,18161664,18244000,15198112,15254336
object_bombf,18247680,18254336,15254336,15258336
object_sk2,18255872,18315264,15258336,15304064
object_oE1,18317312,18343952,15304064,15316640
object_oE_anime,18345984,18366560,15316640,15336096
object_oE2,18370560,18393712,15336096,15347088
object_ydan_objects,18395136,18432128,15347088,15375600
object_gnd,18436096,18513920,15375600,15434960
object_am,18513920,18537296,15434960,15447072
object_dekubaba,18538496,18553280,15447072,15457296
object_oA3,18554880,18563376,15457296,15461824
object_oA4,18567168,18573104,15461824,15464576
object_oA5,18575360,18581168,15464576,15467264
object_oA6,18583552,18590208,15467264,15470304
object_oA7,18591744,18597200,15470304,15472848
object_jj,18599936,18647744,15472848,15500880
object_oA8,18649088,18655152,15500880,15503504
object_oA9,18657280,18658592,15503504,15504464
object_oB2,18661376,18677984,15504464,15512880
object_oB3,18681856,18699408,15512880,15521616
object_oB4,18702336,18708592,15521616,15524512
object_horse_zelda,18710528,18739552,15524512,15543232
object_opening_demo1,18743296,18763872,15543232,15561920
object_warp1,18767872,18779312,15561920,15570128
object_b_heart,18780160,18781760,15570128,15571312
object_dekunuts,18784256,18798176,15571312,15579632
object_oE3,18800640,18829600,15579632,15593104
object_oE4,18833408,18853840,15593104,15602752
object_menkuri_objects,18853888,18889488,15602752,15627488
object_oE5,18890752,18912704,15627488,15638304
object_oE6,18915328,18927184,15638304,15644560
object_oE7,18927616,18938464,15644560,15651104
object_oE8,18939904,18953168,15651104,15657920
object_oE9,18956288,18968336,15657920,15663152
object_oE10,18968576,18979280,15663152,15669024
object_oE11,18980864,18993648,15669024,15674864
object_oE12,18997248,19011520,15674864,15682064
object_vali,19013632,19032144,15682064,15691744
object_oA10,19034112,19046064,15691744,15697392
object_oA11,19046400,19051968,15697392,15700224
object_mizu_objects,19054592,19100448,15700224,15727616
object_fhg,19103744,19172832,15727616,15772224
object_ossan,19173376,19213136,15772224,15789312
object_mori_hineri1,19214336,19236080,15789312,15797552
object_Bb,19238912,19245632,15797552,15801408
object_toki_objects,19247104,19280976,15801408,15818224
object_yukabyun,19283968,19289328,15818224,15820928
object_zl2,19292160,19361152,15820928,15852432
object_mjin,19361792,19366544,15852432,15855040
object_mjin_flash,19369984,19374080,15855040,15857648
object_mjin_dark,19374080,19378176,15857648,15860912
object_mjin_flame,19378176,19382272,15860912,15863744
object_mjin_ice,19382272,19386368,15863744,15867072
object_mjin_soul,19386368,19390464,15867072,15870368
object_mjin_wind,19390464,19394560,15870368,15873632
object_mjin_oka,19394560,19401568,15873632,15878832
object_haka_objects,19402752,19523248,15878832,15940080
object_spot06_objects,19525632,19537312,15940080,15948352
object_ice_objects,19537920,19574096,15948352,15974048
object_relay_objects,19574784,19588656,15974048,15983696
object_mori_hineri1a,19591168,19604672,15983696,15988624
object_mori_hineri2,19607552,19624960,15988624,15995232
object_mori_hineri2a,19628032,19652784,15995232,16004800
object_mori_objects,19656704,19692048,16004800,16021728
object_mori_tex,19693568,19734016,16021728,16045776
object_spot08_obj,19734528,19756544,16045776,16059408
object_warp2,19759104,19759120,16059408,16059440
object_hata,19763200,19775456,16059440,16065424
object_bird,19775488,19784096,16065424,16071296
object_wood02,19787776,19822544,16071296,16091408
object_lightbox,19824640,19832640,16091408,16093792
object_pu_box,19832832,19838464,16093792,16096400
object_trap,19841024,19850208,16096400,16103424
object_vase,19853312,19858832,16103424,16107680
object_im,19861504,19935792,16107680,16143776
object_ta,19939328,19997680,16143776,16176608
object_tk,20000768,20049488,16176608,16206336
object_xc,20049920,20167456,16206336,16288368
object_vm,20168704,20184944,16288368,16296704
object_bv,20185088,20307376,16296704,16356000
object_hakach_objects,20307968,20335344,16356000,16375488
object_efc_crystal_light,20336640,20339360,16375488,16378144
object_efc_fire_ball,20340736,20344064,16378144,16381328
object_efc_flash,20344832,20344848,16381328,16381360
object_efc_lgt_shower,20348928,20353744,16381360,16385072
object_efc_star_field,20357120,20363216,16385072,16389248
object_god_lgt,20365312,20382544,16389248,16400704
object_light_ring,20385792,20390528,16400704,16402112
object_triforce_spot,20393984,20404496,16402112,16409120
object_medal,20406272,20427072,16409120,16416352
object_bdan_objects,20430848,20483344,16416352,16448720
object_sd,20484096,20535008,16448720,16474880
object_rd,20537344,20598768,16474880,16511904
object_po_sisters,20598784,20657088,16511904,16544880
object_heavy_object,20660224,20667104,16544880,16548240
object_gndd,20668416,20740608,16548240,16586160
object_fd,20742144,20808304,16586160,16623120
object_du,20811776,20887088,16623120,16670496
object_fw,20889600,20921824,16670496,16692048
object_horse_link_child,20922368,20957984,16692048,16716448
object_spot02_objects,20959232,21050912,16716448,16766480
object_haka,21053440,21058656,16766480,16770752
object_ru1,21061632,21142144,16770752,16829392
object_syokudai,21143552,21159056,16829392,16838208
object_fd2,21159936,21232272,16838208,16885280
object_dh,21233664,21270720,16885280,16913584
object_rl,21274624,21306192,16913584,16929360
object_efc_tw,21307392,21312240,16929360,16934384
object_demo_tre_lgt,21315584,21315600,16934384,16934416
object_gi_key,21319680,21322272,16934416,16935648
object_mir_ray,21323776,21331200,16935648,16937296
object_brob,21331968,21338784,16937296,16940816
object_gi_jewel,21340160,21354112,16940816,16949248
object_spot09_obj,21356544,21457040,16949248,17008464
object_spot18_obj,21458944,21510672,17008464,17038464
object_bdoor,21512192,21542336,17038464,17055728
object_spot17_obj,21544960,21551152,17055728,17060624
object_shop_dungen,21553152,21568032,17060624,17069568
object_nb,21569536,21668320,17069568,17134992
object_mo,21671936,21703792,17134992,17152048
object_sb,21704704,21716128,17152048,17157648
object_gi_melody,21716992,21720352,17157648,17159136
object_gi_heart,21721088,21721584,17159136,17159536
object_gi_compass,21725184,21728528,17159536,17161216
object_gi_bosskey,21729280,21733392,17161216,17163088
object_gi_medal,21737472,21758832,17163088,17169392
object_gi_nuts,21762048,21766592,17169392,17172336
object_sa,21770240,21856816,17172336,17231696
object_gi_hearts,21860352,21866416,17231696,17234096
object_gi_arrowcase,21868544,21871792,17234096,17235776
object_gi_bombpouch,21872640,21876320,17235776,17237472
object_in,21876736,21978192,17237472,17294128
object_tr,21979136,22056496,17294128,17342000
object_spot16_obj,22056960,22062336,17342000,17346224
object_oE1s,22065152,22091104,17346224,17358992
object_oE4s,22093824,22113792,17358992,17368544
object_os_anime,22114304,22156864,17368544,17403728
object_gi_bottle,22159360,22161648,17403728,17405024
object_gi_stick,22163456,22165184,17405024,17406336
object_gi_map,22167552,22172000,17406336,17409664
object_oF1d_map,22175744,22242720,17409664,17449488
object_ru2,22245376,22309072,17449488,17483520
object_gi_shield_1,22310912,22314320,17483520,17486304
object_dekujr,22315008,22328592,17486304,17493456
object_gi_magicpot,22331392,22335952,17493456,17495600
object_gi_bomb_1,22339584,22342832,17495600,17497152
object_oF1s,22343680,22378656,17497152,17514160
object_ma2,22380544,22421232,17514160,17537088
object_gi_purse,22421504,22428528,17537088,17543472
object_hni,22429696,22474608,17543472,17578976
object_tw,22474752,22711216,17578976,17728272
object_rr,22712320,22715904,17728272,17730752
object_bxa,22716416,22727664,17730752,17738496
object_anubice,22728704,22743456,17738496,17747184
object_gi_gerudo,22745088,22750016,17747184,17750352
object_gi_arrow,22753280,22760208,17750352,17753056
object_gi_bomb_2,22761472,22763168,17753056,17754256
object_gi_egg,22765568,22770464,17754256,17756768
object_gi_scale,22773760,22777328,17756768,17758656
object_gi_shield_2,22777856,22782064,17758656,17761072
object_gi_hookshot,22786048,22791520,17761072,17763920
object_gi_ocarina,22794240,22797232,17763920,17765760
object_gi_milk,22798336,22803568,17765760,17768176
object_ma1,22806528,22842752,17768176,17786368
object_ganon,22843392,22909184,17786368,17814992
object_sst,22913024,23017392,17814992,17854464
object_ny,23019520,23028080,17854464,17858336
object_fr,23031808,23078064,17858336,17876224
object_gi_pachinko,23080960,23084128,17876224,17878080
object_gi_boomerang,23085056,23088544,17878080,17880112
object_gi_bow,23089152,23092528,17880112,17882256
object_gi_glasses,23093248,23097728,17882256,17884320
object_gi_liquid,23101440,23107792,17884320,17887024
object_ani,23109632,23140096,17887024,17902800
object_demo_6k,23142400,23157664,17902800,17912560
object_gi_shield_3,23158784,23163584,17912560,17914416
object_gi_letter,23166976,23170560,17914416,17916752
object_spot15_obj,23171072,23178496,17916752,17920688
object_jya_obj,23179264,23294272,17920688,17975952
object_gi_clothes,23298048,23304288,17975952,17979616
object_gi_bean,23306240,23308480,17979616,17981120
object_gi_fish,23310336,23312720,17981120,17982592
object_gi_saw,23314432,23317376,17982592,17984368
object_gi_hammer,23318528,23321792,17984368,17986080
object_gi_grass,23322624,23325712,17986080,17988080
object_gi_longsword,23326720,23328960,17988080,17989520
object_spot01_objects,23330816,23340176,17989520,17996400
object_md,23343104,23384400,17996400,18019680
object_km1,23388160,23411136,18019680,18029824
object_kw1,23412736,23439584,18029824,18041392
object_zo,23441408,23490624,18041392,18065920
object_kz,23494656,23529184,18065920,18080736
object_umajump,23531520,23536752,18080736,18083696
object_masterkokiri,23539712,23540928,18083696,18084832
object_masterkokirihead,23543808,23555232,18084832,18090080
object_mastergolon,23556096,23556368,18090080,18090304
object_masterzoora,23560192,23562144,18090304,18092400
object_aob,23564288,23586480,18092400,18100752
object_ik,23588864,23721424,18100752,18194752
object_ahg,23724032,23746992,18194752,18206080
object_cne,23748608,23759312,18206080,18210704
object_gi_niwatori,23760896,23767536,18210704,18214880
object_skj,23769088,23805488,18214880,18240368
object_gi_bottle_letter,23805952,23809152,18240368,18242352
object_bji,23810048,23826832,18242352,18249984
object_bba,23830528,23847568,18249984,18257360
object_gi_ocarina_0,23851008,23854096,18257360,18259376
object_ds,23855104,23873408,18259376,18270112
object_ane,23875584,23904176,18270112,18281904
object_boj,23904256,23928000,18281904,18293696
object_spot03_object,23928832,23934560,18293696,18297104
object_spot07_object,23937024,23964976,18297104,18316128
object_fz,23965696,23979216,18316128,18320752
object_bob,23982080,24002336,18320752,18328320
object_ge1,24002560,24044720,18328320,18347376
object_yabusame_point,24047616,24051280,18347376,18348848
object_gi_boots_2,24051712,24058816,18348848,18352560
object_gi_seed,24059904,24062656,18352560,18354416
object_gnd_magic,24064000,24068736,18354416,18358736
object_d_elevator,24072192,24077200,18358736,18363664
object_d_hsblock,24080384,24086368,18363664,18368448
object_d_lift,24088576,24094720,18368448,18374368
object_mamenoki,24096768,24106720,18374368,18382512
object_goroiwa,24109056,24115360,18382512,18385920
object_toryo,24117248,24146272,18385920,18399840
object_daiku,24150016,24184944,18399840,18419504
object_nwc,24186880,24190368,18419504,18422240
object_blkobj,24190976,24270992,18422240,18469984
object_gm,24272896,24273616,18469984,18470576
object_ms,24276992,24292816,18470576,18478928
object_hs,24293376,24318576,18478928,18492096
object_ingate,24322048,24326640,18492096,18494048
object_lightswitch,24330240,24339488,18494048,18499312
object_kusa,24342528,24343424,18499312,18499904
object_tsubo,24346624,24353264,18499904,18505584
object_gi_gloves,24354816,24361312,18505584,18508688
object_gi_coin,24363008,24365136,18508688,18509840
object_kanban,24367104,24373168,18509840,18511520
object_gjyo_objects,24375296,24380912,18511520,18514800
object_owl,24383488,24449216,18514800,18545120
object_mk,24453120,24477184,18545120,18556768
object_fu,24477696,24505504,18556768,18571216
object_gi_ki_tan_mask,24506368,24509936,18571216,18573216
object_gi_redead_mask,24510464,24513168,18573216,18574560
object_gi_skj_mask,24514560,24517856,18574560,18576512
object_gi_rabit_mask,24518656,24522496,18576512,18578544
object_gi_truth_mask,24522752,24528992,18578544,18581712
object_ganon_objects,24530944,24535408,18581712,18584080
object_siofuki,24539136,24542640,18584080,18585808
object_stream,24543232,24545920,18585808,18587264
object_mm,24547328,24580208,18587264,18605392
object_fa,24584192,24599440,18605392,18611472
object_os,24600576,24618608,18611472,18621616
object_gi_eye_lotion,24621056,24623472,18621616,18622960
object_gi_powder,24625152,24628096,18622960,18624704
object_gi_mushroom,24629248,24632528,18624704,18626304
object_gi_ticketstone,24633344,24638112,18626304,18629248
object_gi_brokensword,24641536,24643984,18629248,18630624
object_js,24645632,24670000,18630624,18643216
object_cs,24670208,24704336,18643216,18659824
object_gi_prescription,24707072,24710176,18659824,18661200
object_gi_bracelet,24711168,24714224,18661200,18662704
object_gi_soldout,24715264,24716496,18662704,18663360
object_gi_frog,24719360,24723728,18663360,18665792
object_mag,24727552,24855616,18665792,18709088
object_door_gerudo,24858624,24861088,18709088,18710240
object_gt,24862720,24942064,18710240,18757760
object_efc_erupc,24944640,24955120,18757760,18763824
object_zl2_anime1,24956928,25003536,18763824,18799168
object_zl2_anime2,25006080,25049824,18799168,18836240
object_gi_golonmask,25051136,25057200,18836240,18840192
object_gi_zoramask,25059328,25065008,18840192,18843552
object_gi_gerudomask,25067520,25072640,18843552,18847232
object_ganon2,25075712,25290736,18847232,19006480
object_ka,25292800,25319360,19006480,19016272
object_ts,25321472,25341936,19016272,19026080
object_zg,25341952,25346560,19026080,19026800
object_gi_hoverboots,25350144,25357936,19026800,19031200
object_gi_m_arrow,25358336,25362048,19031200,19032928
object_ds2,25362432,25379440,19032928,19041440
object_ec,25382912,25434416,19041440,19086064
object_fish,25436160,25523696,19086064,19130864
object_gi_sutaru,25526272,25527888,19130864,19131776
object_gi_goddess,25530368,25533520,19131776,19133184
object_ssh,25534464,25558016,19133184,19145696
object_bigokuta,25559040,25586640,19145696,19161184
object_bg,25587712,25617088,19161184,19176368
object_spot05_objects,25620480,25625328,19176368,19179872
object_spot12_obj,25628672,25637824,19179872,19184736
object_bombiwa,25640960,25643776,19184736,19187456
object_hintnuts,25645056,25657664,19187456,19196176
object_rs,25661440,25680000,19196176,19205712
object_spot00_break,25681920,25689632,19205712,19211344
object_gla,25690112,25730800,19211344,19236000
object_shopnuts,25731072,25748880,19236000,19247392
object_geldb,25751552,25798384,19247392,19276608
object_gr,25800704,25840784,19276608,19289552
object_dog,25841664,25871008,19289552,19304416
object_jya_iron,25874432,25884256,19304416,19308240
object_jya_door,25886720,25895552,19308240,19311936
object_spot01_objects2,25899008,25899024,19311936,19311968
object_spot11_obj,25903104,25909904,19311968,19317168
object_kibako2,25911296,25915584,19317168,19320832
object_dns,25919488,25933776,19320832,19330208
object_dnk,25935872,25947696,19330208,19337616
object_gi_fire,25948160,25952224,19337616,19340144
object_gi_insect,25952256,25955312,19340144,19342000
object_gi_butterfly,25956352,25959376,19342000,19343840
object_gi_ghost,25960448,25963952,19343840,19346288
object_gi_soul,25964544,25968560,19346288,19348368
object_bowl,25968640,25982192,19348368,19353728
object_po_field,25985024,26012224,19353728,19370480
object_demo_kekkai,26013696,26074384,19370480,19406048
object_efc_doughnut,26075136,26079312,19406048,19408304
object_gi_dekupouch,26083328,26087504,19408304,19410944
object_ganon_anime1,26091520,26139712,19410944,19459488
object_ganon_anime2,26140672,26207536,19459488,19515376
object_ganon_anime3,26210304,26294256,19515376,19585856
object_gi_rupy,26296320,26298368,19585856,19586912
object_spot01_matoya,26300416,26315920,19586912,19598160
object_spot01_matoyab,26316800,26325472,19598160,19603584
object_po_composer,26329088,26357664,19603584,19620672
object_mu,26357760,26402384,19620672,19644000
object_wf,26402816,26445056,19644000,19668848
object_skb,26447872,26466320,19668848,19682272
object_gj,26468352,26511136,19682272,19715680
object_geff,26513408,26517424,19715680,19719072
object_haka_door,26517504,26532208,19719072,19725744
object_gs,26533888,26536576,19725744,19728544
object_ps,26537984,26589440,19728544,19754176
object_bwall,26591232,26595664,19754176,19757216
object_crow,26599424,26603728,19757216,19759184
object_cow,26607616,26627760,19759184,19769776
object_cob,26628096,26636816,19769776,19773104
object_gi_sword_1,26640384,26643744,19773104,19774944
object_door_killer,26644480,26651616,19774944,19776864
object_ouke_haka,26652672,26655088,19776864,19779248
object_timeblock,26656768,26659680,19779248,19781952
object_zl4,26660864,26779168,19781952,19860992
g_pn_01,26779648,26786560,19860992,19863312
g_pn_02,26787840,26794752,19863312,19865728
g_pn_03,26796032,26802944,19865728,19867840
g_pn_04,26804224,26811136,19867840,19870144
g_pn_05,26812416,26819328,19870144,19872464
g_pn_06,26820608,26827520,19872464,19875376
g_pn_07,26828800,26835712,19875376,19878816
g_pn_08,26836992,26843904,19878816,19881696
g_pn_09,26845184,26852096,19881696,19884656
g_pn_10,26853376,26860288,19884656,19886624
g_pn_11,26861568,26868480,19886624,19889760
g_pn_12,26869760,26876672,19889760,19892224
g_pn_13,26877952,26884864,19892224,19895024
g_pn_14,26886144,26893056,19895024,19897504
g_pn_15,26894336,26901248,19897504,19899872
g_pn_16,26902528,26909440,19899872,19902080
g_pn_17,26910720,26917632,19902080,19903600
g_pn_18,26918912,26925824,19903600,19905536
g_pn_19,26927104,26934016,19905536,19907776
g_pn_20,26935296,26942208,19907776,19909984
g_pn_21,26943488,26950400,19909984,19912144
g_pn_22,26951680,26958592,19912144,19914672
g_pn_23,26959872,26966784,19914672,19916464
g_pn_24,26968064,26974976,19916464,19918400
g_pn_25,26976256,26983168,19918400,19920960
g_pn_26,26984448,26991360,19920960,19924000
g_pn_27,26992640,26999552,19924000,19926208
g_pn_28,27000832,27007744,19926208,19928480
g_pn_29,27009024,27015936,19928480,19930112
g_pn_30,27017216,27024128,19930112,19931984
g_pn_31,27025408,27032320,19931984,19934208
g_pn_32,27033600,27040512,19934208,19936368
g_pn_33,27041792,27048704,19936368,19938496
g_pn_34,27049984,27056896,19938496,19940720
g_pn_35,27058176,27065088,19940720,19943088
g_pn_36,27066368,27073280,19943088,19945232
g_pn_37,27074560,27081472,19945232,19947904
g_pn_38,27082752,27089664,19947904,19950240
g_pn_39,27090944,27097856,19950240,19953200
g_pn_40,27099136,27106048,19953200,19956192
g_pn_41,27107328,27114240,19956192,19958272
g_pn_42,27115520,27122432,19958272,19960560
g_pn_43,27123712,27130624,19960560,19962960
g_pn_44,27131904,27138816,19962960,19965536
g_pn_45,27140096,27147008,19965536,19967872
g_pn_46,27148288,27155200,19967872,19969776
g_pn_47,27156480,27163392,19969776,19972832
g_pn_48,27164672,27171584,19972832,19974384
g_pn_49,27172864,27179776,19974384,19977136
g_pn_50,27181056,27187968,19977136,19979664
g_pn_51,27189248,27196160,19979664,19981920
g_pn_52,27197440,27204352,19981920,19984528
g_pn_53,27205632,27212544,19984528,19987056
g_pn_54,27213824,27220736,19987056,19989360
g_pn_55,27222016,27228928,19989360,19991984
g_pn_56,27230208,27237120,19991984,19994368
g_pn_57,27238400,27245312,19994368,19994880
z_select_static,27246592,27255296,19994880,19996912
nintendo_rogo_static,27258880,27270736,19996912,20002864
title_static,27271168,27506112,20002864,20137152
parameter_static,27508736,27523840,20137152,20141440
vr_fine0_static,27525120,27574272,20141440,20152336
vr_fine0_pal_static,27574272,27574528,20152336,0
vr_fine1_static,27578368,27627520,20152592,20177600
vr_fine1_pal_static,27627520,27627776,20177600,0
vr_fine2_static,27631616,27680768,20177856,20198256
vr_fine2_pal_static,27680768,27681024,20198256,0
vr_fine3_static,27684864,27734016,20198512,20214112
vr_fine3_pal_static,27734016,27734272,20214112,0
vr_cloud0_static,27738112,27787264,20214368,20241984
vr_cloud0_pal_static,27787264,27787520,20241984,0
vr_cloud1_static,27791360,27840512,20242240,20270720
vr_cloud1_pal_static,27840512,27840768,20270720,0
vr_cloud2_static,27844608,27893760,20270976,20300480
vr_cloud2_pal_static,27893760,27894016,20300480,0
vr_cloud3_static,27897856,27947008,20300736,20320848
vr_cloud3_pal_static,27947008,27947264,20320848,0
vr_holy0_static,27951104,28016640,20321104,20348000
vr_holy0_pal_static,28016640,28016896,20348000,0
vr_holy1_static,28020736,28086272,20348256,20375072
vr_holy1_pal_static,28086272,28086528,20375072,0
vr_MDVR_static,28090368,28352512,20375328,20558688
vr_MDVR_pal_static,28352512,28354560,20558688,0
vr_MNVR_static,28356608,28618752,20560736,20716656
vr_MNVR_pal_static,28618752,28620800,20716656,0
vr_RUVR_static,28622848,28884992,20718704,20937936
vr_RUVR_pal_static,28884992,28887040,20937936,0
vr_LHVR_static,28889088,29151232,20939984,21189936
vr_LHVR_pal_static,29151232,29153280,21189936,0
vr_KHVR_static,29155328,29417472,21191984,21429200
vr_KHVR_pal_static,29417472,29419520,21429200,0
vr_K3VR_static,29421568,29618176,21431248,21606160
vr_K3VR_pal_static,29618176,29619712,21606160,0
vr_K4VR_static,29622272,29818880,21607696,21790864
vr_K4VR_pal_static,29818880,29820416,21790864,0
vr_K5VR_static,29822976,30019584,21792400,21967232
vr_K5VR_pal_static,30019584,30021120,21967232,0
vr_SP1a_static,30023680,30154752,21968768,22028896
vr_SP1a_pal_static,30154752,30155776,22028896,0
vr_MLVR_static,30158848,30420992,22029920,22263472
vr_MLVR_pal_static,30420992,30423040,22263472,0
vr_KKRVR_static,30425088,30687232,22265520,22409664
vr_KKRVR_pal_static,30687232,30689280,22409664,0
vr_KR3VR_static,30691328,30887936,22411712,22524432
vr_KR3VR_pal_static,30887936,30889472,22524432,0
vr_IPVR_static,30892032,31154176,22525968,22667440
vr_IPVR_pal_static,31154176,31156224,22667440,0
vr_KSVR_static,31158272,31289344,22669488,22768064
vr_KSVR_pal_static,31289344,31290368,22768064,0
vr_GLVR_static,31293440,31424512,22769088,22884480
vr_GLVR_pal_static,31424512,31425536,22884480,0
vr_ZRVR_static,31428608,31559680,22885504,22983312
vr_ZRVR_pal_static,31559680,31560704,22983312,0
vr_DGVR_static,31563776,31694848,22984336,23068016
vr_DGVR_pal_static,31694848,31695872,23068016,0
vr_ALVR_static,31698944,31830016,23069040,23167744
vr_ALVR_pal_static,31830016,31831040,23167744,0
vr_NSVR_static,31834112,31965184,23168768,23256592
vr_NSVR_pal_static,31965184,31966208,23256592,0
vr_LBVR_static,31969280,32231424,23257616,23436320
vr_LBVR_pal_static,32231424,32233472,23436320,0
vr_TTVR_static,32235520,32432128,23438368,23572880
vr_TTVR_pal_static,32432128,32433664,23572880,0
vr_FCVR_static,32436224,32567296,23574416,23649440
vr_FCVR_pal_static,32567296,32568320,23649440,0
elf_message_field,32571392,32571504,23650464,23650608
elf_message_ydan,32575488,32575504,23650608,23650640
ddan_scene,32579584,32665920,23650640,23701712
ddan_room_0,32669696,32782496,23701712,23756128
ddan_room_1,32784384,32824064,23756128,23777856
ddan_room_2,32825344,32857504,23777856,23796144
ddan_room_3,32858112,32914880,23796144,23826144
ddan_room_4,32915456,32954448,23826144,23845776
ddan_room_5,32956416,32980704,23845776,23859152
ddan_room_6,32980992,32990208,23859152,23865328
ddan_room_7,32993280,33023696,23865328,23880352
ddan_room_8,33026048,33063936,23880352,23904240
ddan_room_9,33067008,33113424,23904240,23929872
ddan_room_10,33116160,33148496,23929872,23949680
ddan_room_11,33148928,33157248,23949680,23954992
ddan_room_12,33161216,33195824,23954992,23975600
ddan_room_13,33198080,33207424,23975600,23981856
ddan_room_14,33210368,33219728,23981856,23988064
ddan_room_15,33222656,33232976,23988064,23995136
ddan_room_16,33234944,33256784,23995136,24011088
spot00_scene,33259520,33432096,24011088,24118272
spot00_room_0,33435648,33522224,24118272,24155216
spot01_scene,33525760,33640784,24155216,24232912
spot01_room_0,33644544,33685280,24232912,24251088
spot02_scene,33685504,33733760,24251088,24280864
spot02_room_0,33734656,33744480,24280864,24284336
spot02_room_1,33746944,33869408,24284336,24358688
spot03_scene,33869824,33916256,24358688,24392576
spot03_room_0,33918976,33974656,24392576,24421920
spot03_room_1,33976320,34006272,24421920,24439216
spot04_scene,34009088,34079296,24439216,24484528
spot04_room_0,34082816,34194304,24484528,24549040
spot04_room_1,34197504,34231648,24549040,24569280
spot04_room_2,34234368,34254864,24569280,24581696
spot05_scene,34258944,34344288,24581696,24638000
spot05_room_0,34344960,34385664,24638000,24654352
spot06_scene,34385920,34497584,24654352,24731888
spot06_room_0,34500608,34543136,24731888,24751984
spot07_scene,34545664,34584608,24751984,24781888
spot07_room_0,34586624,34611952,24781888,24792912
spot07_room_1,34615296,34666912,24792912,24819408
spot08_scene,34668544,34739872,24819408,24873296
spot08_room_0,34742272,34775376,24873296,24888992
spot09_scene,34779136,34849120,24888992,24935280
spot09_room_0,34852864,34887120,24935280,24950272
spot10_scene,34889728,34956336,24950272,24993968
spot10_room_0,34959360,34969072,24993968,24997648
spot10_room_1,34971648,35005488,24997648,25016336
spot10_room_2,35008512,35027952,25016336,25026192
spot10_room_3,35028992,35052208,25026192,25038816
spot10_room_4,35053568,35062992,25038816,25042240
spot10_room_5,35065856,35094512,25042240,25055840
spot10_room_6,35094528,35109616,25055840,25065088
spot10_room_7,35110912,35120576,25065088,25068592
spot10_room_8,35123200,35133040,25068592,25072160
spot10_room_9,35135488,35150816,25072160,25080720
spot11_scene,35151872,35255520,25080720,25153552
spot11_room_0,35258368,35309504,25153552,25180704
spot12_scene,35311616,35376768,25180704,25221808
spot12_room_0,35377152,35448256,25221808,25259584
spot12_room_1,35450880,35500192,25259584,25287216
spot13_scene,35504128,35528240,25287216,25303648
spot13_room_0,35528704,35531024,25303648,25304992
spot13_room_1,35532800,35609152,25304992,25350960
spot15_scene,35610624,35710208,25350960,25418640
spot15_room_0,35713024,35766720,25418640,25442208
spot16_scene,35770368,35895952,25442208,25532960
spot16_room_0,35897344,35941520,25532960,25555008
spot17_scene,35942400,36007648,25555008,25599744
spot17_room_0,36007936,36034688,25599744,25613648
spot17_room_1,36036608,36111184,25613648,25649536
spot18_scene,36114432,36156496,25649536,25676656
spot18_room_0,36159488,36235216,25676656,25719568
spot18_room_1,36237312,36262400,25719568,25735568
spot18_room_2,36265984,36338096,25735568,25777008
spot18_room_3,36339712,36461808,25777008,25842736
market_day_scene,36462592,36472432,25842736,25848160
market_day_room_0,36474880,36497520,25848160,25853904
market_night_scene,36499456,36509232,25853904,25859216
market_night_room_0,36511744,36534176,25859216,25864816
HIDAN_scene,36536320,36645232,25864816,25928432
HIDAN_room_0,36646912,36676288,25928432,25942000
HIDAN_room_1,36679680,36731360,25942000,25967456
HIDAN_room_2,36732928,36798416,25967456,25995984
HIDAN_room_3,36798464,36807904,25995984,26001072
HIDAN_room_4,36810752,36841616,26001072,26015600
HIDAN_room_5,36843520,36885040,26015600,26032336
HIDAN_room_6,36888576,36917152,26032336,26047232
HIDAN_room_7,36917248,36932064,26047232,26054688
HIDAN_room_8,36933632,36973248,26054688,26075008
HIDAN_room_9,36974592,37009264,26075008,26090320
HIDAN_room_10,37011456,37110944,26090320,26131216
HIDAN_room_11,37113856,37128128,26131216,26138304
HIDAN_room_12,37130240,37141376,26138304,26143184
HIDAN_room_13,37142528,37194720,26143184,26163424
HIDAN_room_14,37195776,37204576,26163424,26168112
HIDAN_room_15,37208064,37212624,26168112,26170576
HIDAN_room_16,37216256,37263728,26170576,26194832
HIDAN_room_17,37265408,37302592,26194832,26211056
HIDAN_room_18,37306368,37321600,26211056,26219200
HIDAN_room_19,37322752,37339616,26219200,26227648
HIDAN_room_20,37343232,37371152,26227648,26241888
HIDAN_room_21,37371904,37405888,26241888,26260384
HIDAN_room_22,37408768,37436160,26260384,26274336
HIDAN_room_23,37437440,37465376,26274336,26288640
HIDAN_room_24,37466112,37487936,26288640,26298864
HIDAN_room_25,37490688,37518048,26298864,26313344
HIDAN_room_26,37519360,37546144,26313344,26324944
Bmori1_scene,37548032,37638032,26324944,26377776
Bmori1_room_0,37638144,37694400,26377776,26412800
Bmori1_room_1,37695488,37718880,26412800,26424656
Bmori1_room_2,37720064,37784112,26424656,26455216
Bmori1_room_3,37785600,37800464,26455216,26462384
Bmori1_room_4,37801984,37814960,26462384,26467328
Bmori1_room_5,37818368,37832160,26467328,26474352
Bmori1_room_6,37834752,37872832,26474352,26489456
Bmori1_room_7,37875712,37953536,26489456,26528736
Bmori1_room_8,37953536,38050672,26528736,26576208
Bmori1_room_9,38051840,38093200,26576208,26595904
Bmori1_room_10,38096896,38118368,26595904,26609472
Bmori1_room_11,38121472,38165456,26609472,26627184
Bmori1_room_12,38166528,38200288,26627184,26645024
Bmori1_room_13,38203392,38238896,26645024,26663152
Bmori1_room_14,38240256,38263728,26663152,26675056
Bmori1_room_15,38264832,38274704,26675056,26681536
Bmori1_room_16,38277120,38297504,26681536,26691072
Bmori1_room_17,38297600,38334800,26691072,26706784
Bmori1_room_18,38338560,38343488,26706784,26709456
Bmori1_room_19,38346752,38348048,26709456,26710272
Bmori1_room_20,38350848,38355712,26710272,26713776
Bmori1_room_21,38359040,38365056,26713776,26716912
Bmori1_room_22,38367232,38374880,26716912,26720320
ydan_scene,38375424,38431248,26720320,26753776
ydan_room_0,38432768,38519536,26753776,26807312
ydan_room_1,38522880,38539600,26807312,26820960
ydan_room_2,38543360,38567472,26820960,26838496
ydan_room_3,38567936,38650272,26838496,26894432
ydan_room_4,38653952,38673360,26894432,26908752
ydan_room_5,38674432,38708000,26908752,26932416
ydan_room_6,38711296,38731456,26932416,26947968
ydan_room_7,38731776,38766864,26947968,26976544
ydan_room_8,38768640,38771968,26976544,26978736
ydan_room_9,38772736,38811808,26978736,27010176
ydan_room_10,38813696,38833536,27010176,27023712
ydan_room_11,38834176,38863216,27023712,27041360
kenjyanoma_scene,38866944,38881520,27041360,27047248
kenjyanoma_room_0,38883328,38961424,27047248,27086256
tokinoma_scene,38965248,39040928,27086256,27118864
tokinoma_room_0,39043072,39137760,27118864,27150992
tokinoma_room_1,39141376,39170256,27150992,27162528
link_home_scene,39174144,39181152,27162528,27165712
link_home_room_0,39182336,39345280,27165712,27195920
kokiri_shop_scene,39346176,39348608,27195920,27197392
kokiri_shop_room_0,39350272,39550096,27197392,27229152
MIZUsin_scene,39550976,39640304,27229152,27277536
MIZUsin_room_0,39641088,39730304,27277536,27322736
MIZUsin_room_1,39731200,39772512,27322736,27342832
MIZUsin_room_2,39776256,39799696,27342832,27356320
MIZUsin_room_3,39800832,39827216,27356320,27370640
MIZUsin_room_4,39829504,39854048,27370640,27384960
MIZUsin_room_5,39854080,39896560,27384960,27410752
MIZUsin_room_6,39899136,39944896,27410752,27436848
MIZUsin_room_7,39948288,39970128,27436848,27449120
MIZUsin_room_8,39972864,40029392,27449120,27482688
MIZUsin_room_9,40030208,40062944,27482688,27500784
MIZUsin_room_10,40062976,40087472,27500784,27513424
MIZUsin_room_11,40087552,40106416,27513424,27524144
MIZUsin_room_12,40108032,40136080,27524144,27538336
MIZUsin_room_13,40136704,40139264,27538336,27539760
MIZUsin_room_14,40140800,40169056,27539760,27554704
MIZUsin_room_15,40169472,40199216,27554704,27572224
MIZUsin_room_16,40202240,40217296,27572224,27581872
MIZUsin_room_17,40218624,40253984,27581872,27599248
MIZUsin_room_18,40255488,40272064,27599248,27609328
MIZUsin_room_19,40275968,40290608,27609328,27619120
MIZUsin_room_20,40292352,40318784,27619120,27634864
MIZUsin_room_21,40321024,40350880,27634864,27651248
MIZUsin_room_22,40353792,40390896,27651248,27670784
kokiri_home_scene,40394752,40398016,27670784,27672688
kokiri_home_room_0,40398848,40578096,27672688,27707344
kakusiana_scene,40579072,40634400,27707344,27748496
kakusiana_room_0,40636416,40665760,27748496,27766960
kakusiana_room_1,40669184,40690064,27766960,27781504
kakusiana_room_2,40693760,40704192,27781504,27788160
kakusiana_room_3,40706048,40726832,27788160,27802720
kakusiana_room_4,40730624,40761696,27802720,27825168
kakusiana_room_5,40763392,40781536,27825168,27840208
kakusiana_room_6,40783872,40807024,27840208,27854448
kakusiana_room_7,40808448,40824784,27854448,27866112
kakusiana_room_8,40824832,40838704,27866112,27874096
kakusiana_room_9,40841216,40864464,27874096,27888384
kakusiana_room_10,40865792,40888880,27888384,27907920
kakusiana_room_11,40890368,40924848,27907920,27929264
kakusiana_room_12,40927232,40959568,27929264,27949616
kakusiana_room_13,40960000,40988368,27949616,27970688
entra_scene,40988672,40989664,27970688,27971312
entra_room_0,40992768,41147248,27971312,28001392
bdan_scene,41148416,41236416,28001392,28058048
bdan_room_0,41238528,41255024,28058048,28066912
bdan_room_1,41259008,41283216,28066912,28076480
bdan_room_2,41283584,41320912,28076480,28097760
bdan_room_3,41324544,41353568,28097760,28116592
bdan_room_4,41357312,41373776,28116592,28124608
bdan_room_5,41377792,41402400,28124608,28140240
bdan_room_6,41406464,41423424,28140240,28147520
bdan_room_7,41426944,41440544,28147520,28154896
bdan_room_8,41443328,41457792,28154896,28159904
bdan_room_9,41459712,41475184,28159904,28166016
bdan_room_10,41476096,41490480,28166016,28170960
bdan_room_11,41492480,41506816,28170960,28175936
bdan_room_12,41508864,41524432,28175936,28182128
bdan_room_13,41525248,41536336,28182128,28190528
bdan_room_14,41537536,41562592,28190528,28205120
bdan_room_15,41566208,41576160,28205120,28208816
HAKAdan_scene,41578496,41677760,28208816,28267152
HAKAdan_room_0,41680896,41726144,28267152,28282448
HAKAdan_room_1,41730048,41736896,28282448,28286128
HAKAdan_room_2,41738240,41781520,28286128,28308464
HAKAdan_room_3,41783296,41793856,28308464,28315168
HAKAdan_room_4,41795584,41802816,28315168,28318976
HAKAdan_room_5,41803776,41826912,28318976,28330672
HAKAdan_room_6,41828352,41858416,28330672,28344512
HAKAdan_room_7,41861120,41867952,28344512,28348160
HAKAdan_room_8,41869312,41889888,28348160,28358032
HAKAdan_room_9,41893888,41945952,28358032,28382864
HAKAdan_room_10,41947136,41977760,28382864,28398192
HAKAdan_room_11,41979904,41995584,28398192,28407456
HAKAdan_room_12,41996288,42018592,28407456,28418784
HAKAdan_room_13,42020864,42024880,28418784,28421680
HAKAdan_room_14,42024960,42047808,28421680,28433504
HAKAdan_room_15,42049536,42078832,28433504,28445952
HAKAdan_room_16,42082304,42092672,28445952,28451424
HAKAdan_room_17,42094592,42106064,28451424,28457920
HAKAdan_room_18,42106880,42160768,28457920,28476800
HAKAdan_room_19,42164224,42175776,28476800,28483664
HAKAdan_room_20,42176512,42184224,28483664,28487712
HAKAdan_room_21,42184704,42230960,28487712,28511744
HAKAdan_room_22,42233856,42244512,28511744,28518592
moribossroom_scene,42246144,42252544,28518592,28523760
moribossroom_room_0,42254336,42278592,28523760,28538720
moribossroom_room_1,42278912,42334896,28538720,28566816
syatekijyou_scene,42336256,42386112,28566816,28596784
syatekijyou_room_0,42389504,42419952,28596784,28606656
men_scene,42422272,42493232,28606656,28653152
men_room_0,42496000,42561424,28653152,28690464
men_room_1,42561536,42599056,28690464,28712752
men_room_2,42602496,42622848,28712752,28723296
men_room_3,42622976,42654752,28723296,28742896
men_room_4,42655744,42697040,28742896,28770256
men_room_5,42700800,42721504,28770256,28784432
men_room_6,42725376,42757952,28784432,28804768
men_room_7,42758144,42791728,28804768,28826576
men_room_8,42795008,42828304,28826576,28840480
men_room_9,42831872,42846448,28840480,28848976
men_room_10,42848256,42871904,28848976,28864544
shop1_scene,42872832,42873584,28864544,28865008
shop1_room_0,42876928,43046832,28865008,28887376
hairal_niwa_scene,43048960,43119504,28887376,28932320
hairal_niwa_room_0,43122688,43165920,28932320,28948656
ganon_tou_scene,43167744,43187056,28948656,28962688
ganon_tou_room_0,43188224,43268848,28962688,29012368
market_alley_scene,43270144,43274832,29012368,29014800
market_alley_room_0,43278336,43759360,29014800,29084288
spot20_scene,43761664,43834816,29084288,29129264
spot20_room_0,43835392,43861712,29129264,29139552
market_ruins_scene,43864064,43869744,29139552,29142704
market_ruins_room_0,43872256,43882528,29142704,29145216
entra_n_scene,43884544,43885616,29145216,29145872
entra_n_room_0,43888640,44043120,29145872,29166384
enrui_scene,44044288,44045280,29166384,29167008
enrui_room_0,44048384,44202848,29167008,29193088
market_alley_n_scene,44204032,44208880,29193088,29195632
market_alley_n_room_0,44212224,44693232,29195632,29247888
hiral_demo_scene,44695552,44711248,29247888,29253824
hiral_demo_room_0,44711936,44713536,29253824,29254272
kokiri_home3_scene,44716032,44722080,29254272,29257664
kokiri_home3_room_0,44724224,44946960,29257664,29302192
jyasinzou_scene,44949504,45054784,29302192,29366944
jyasinzou_room_0,45056000,45125440,29366944,29402256
jyasinzou_room_1,45125632,45163264,29402256,29420784
jyasinzou_room_2,45166592,45190160,29420784,29431440
jyasinzou_room_3,45191168,45206352,29431440,29440752
jyasinzou_room_4,45207552,45236848,29440752,29457824
jyasinzou_room_5,45240320,45338432,29457824,29507360
jyasinzou_room_6,45338624,45357056,29507360,29515520
jyasinzou_room_7,45359104,45380880,29515520,29525392
jyasinzou_room_8,45383680,45416560,29525392,29541152
jyasinzou_room_9,45420544,45444592,29541152,29551904
jyasinzou_room_10,45445120,45478304,29551904,29567184
jyasinzou_room_11,45481984,45486096,29567184,29569824
jyasinzou_room_12,45490176,45498464,29569824,29574960
jyasinzou_room_13,45502464,45525072,29574960,29588848
jyasinzou_room_14,45527040,45546640,29588848,29598560
jyasinzou_room_15,45547520,45581424,29598560,29614288
jyasinzou_room_16,45584384,45609360,29614288,29625776
jyasinzou_room_17,45613056,45651472,29625776,29642464
jyasinzou_room_18,45654016,45677744,29642464,29654528
jyasinzou_room_19,45678592,45702624,29654528,29665248
jyasinzou_room_20,45703168,45736384,29665248,29680528
jyasinzou_room_21,45740032,45758032,29680528,29689968
jyasinzou_room_22,45760512,45773008,29689968,29697136
jyasinzou_room_23,45776896,45814160,29697136,29716160
jyasinzou_room_24,45817856,45843632,29716160,29727984
jyasinzou_room_25,45846528,45935472,29727984,29774096
jyasinzou_room_26,45936640,45988640,29774096,29802160
jyasinzou_room_27,45989888,46012096,29802160,29809936
jyasinzou_room_28,46014464,46049824,29809936,29827696
ice_doukutu_scene,46051328,46122512,29827696,29884960
ice_doukutu_room_0,46125056,46159456,29884960,29912432
ice_doukutu_room_1,46161920,46212416,29912432,29948512
ice_doukutu_room_2,46215168,46238448,29948512,29966608
ice_doukutu_room_3,46239744,46272640,29966608,29989456
ice_doukutu_room_4,46276608,46306928,29989456,30012016
ice_doukutu_room_5,46309376,46344336,30012016,30035520
ice_doukutu_room_6,46346240,46363232,30035520,30047600
ice_doukutu_room_7,46366720,46389488,30047600,30060736
ice_doukutu_room_8,46391296,46397776,30060736,30064464
ice_doukutu_room_9,46399488,46433872,30064464,30085808
ice_doukutu_room_10,46436352,46453728,30085808,30099696
ice_doukutu_room_11,46456832,46479616,30099696,30115072
malon_stable_scene,46481408,46483056,30115072,30116000
malon_stable_room_0,46485504,46674512,30116000,30146352
kakariko_scene,46678016,46681760,30146352,30148576
kakariko_room_0,46682112,46858176,30148576,30171216
bdan_boss_scene,46858240,46861888,30171216,30173600
bdan_boss_room_0,46862336,46874656,30173600,30181216
bdan_boss_room_1,46878720,46899392,30181216,30192064
FIRE_bs_scene,46903296,46922752,30192064,30204480
FIRE_bs_room_0,46923776,46940784,30204480,30214128
FIRE_bs_room_1,46944256,46972896,30214128,30229280
hut_scene,46972928,46974224,30229280,30230048
hut_room_0,46977024,47146400,30230048,30251088
daiyousei_izumi_scene,47149056,47206400,30251088,30278848
daiyousei_izumi_room_0,47206400,47221008,30278848,30284768
hakaana_scene,47222784,47225488,30284768,30286352
hakaana_room_0,47226880,47257808,30286352,30303952
yousei_izumi_tate_scene,47259648,47294480,30303952,30327632
yousei_izumi_tate_room_0,47296512,47313616,30327632,30334656
yousei_izumi_yoko_scene,47316992,47369632,30334656,30358688
yousei_izumi_yoko_room_0,47370240,47386640,30358688,30365568
golon_scene,47390720,47391648,30365568,30366160
golon_room_0,47394816,47550928,30366160,30384976
zoora_scene,47554560,47555472,30384976,30385568
zoora_room_0,47558656,47714784,30385568,30406656
drag_scene,47718400,47719408,30406656,30407280
drag_room_0,47722496,47902304,30407280,30432768
alley_shop_scene,47902720,47904176,30432768,30433664
alley_shop_room_0,47906816,48065584,30433664,30453296
night_shop_scene,48066560,48068208,30453296,30454368
night_shop_room_0,48070656,48236896,30454368,30475968
impa_scene,48238592,48241936,30475968,30477840
impa_room_0,48242688,48402336,30477840,30496320
labo_scene,48402432,48406256,30496320,30498416
labo_room_0,48406528,48588528,30498416,30526816
tent_scene,48590848,48592512,30526816,30527808
tent_room_0,48594944,48805536,30527808,30565312
nakaniwa_scene,48807936,48822816,30565312,30571712
nakaniwa_room_0,48824320,48922304,30571712,30629520
ddan_boss_scene,48922624,48932960,30629520,30638448
ddan_boss_room_0,48934912,48954928,30638448,30647696
ddan_boss_room_1,48955392,48971216,30647696,30658096
ydan_boss_scene,48971776,48977728,30658096,30663024
ydan_boss_room_0,48979968,49008624,30663024,30687216
ydan_boss_room_1,49008640,49035248,30687216,30703008
HAKAdan_bs_scene,49037312,49047424,30703008,30710272
HAKAdan_bs_room_0,49049600,49060320,30710272,30714560
HAKAdan_bs_room_1,49061888,49086288,30714560,30729440
MIZUsin_bs_scene,49086464,49093216,30729440,30733088
MIZUsin_bs_room_0,49094656,49112176,30733088,30744496
MIZUsin_bs_room_1,49115136,49160944,30744496,30768112
ganon_scene,49164288,49231792,30768112,30808560
ganon_room_0,49233920,49266384,30808560,30822224
ganon_room_1,49266688,49297264,30822224,30833216
ganon_room_2,49299456,49330256,30833216,30846432
ganon_room_3,49332224,49362736,30846432,30858128
ganon_room_4,49364992,49402064,30858128,30876096
ganon_room_5,49405952,49441552,30876096,30892064
ganon_room_6,49442816,49482656,30892064,30909680
ganon_room_7,49483776,49526688,30909680,30927648
ganon_room_8,49528832,49556448,30927648,30940208
ganon_room_9,49557504,49580320,30940208,30955456
ganon_boss_scene,49582080,49613856,30955456,30979680
ganon_boss_room_0,49614848,49639040,30979680,30985680
jyasinboss_scene,49639424,49675504,30985680,31004000
jyasinboss_room_0,49676288,49680336,31004000,31006160
jyasinboss_room_1,49680384,49712704,31006160,31022416
jyasinboss_room_2,49713152,49728960,31022416,31028960
jyasinboss_room_3,49729536,49776384,31028960,31058208
kokiri_home4_scene,49778688,49785520,31058208,31062272
kokiri_home4_room_0,49786880,50018640,31062272,31114016
kokiri_home5_scene,50020352,50025488,31114016,31117024
kokiri_home5_room_0,50028544,50229088,31117024,31155664
ganon_final_scene,50229248,50303360,31155664,31209072
ganon_final_room_0,50307072,50359984,31209072,31229616
kakariko3_scene,50360320,50362432,31229616,31230832
kakariko3_room_0,50364416,50537856,31230832,31257472
hakasitarelay_scene,50540544,50598512,31257472,31294816
hakasitarelay_room_0,50601984,50631360,31294816,31312656
hakasitarelay_room_1,50634752,50661152,31312656,31327632
hakasitarelay_room_2,50663424,50697392,31327632,31346256
hakasitarelay_room_3,50700288,50736352,31346256,31368784
hakasitarelay_room_4,50737152,50754688,31368784,31381840
hakasitarelay_room_5,50757632,50775120,31381840,31394160
hakasitarelay_room_6,50778112,50809520,31394160,31414432
shrine_scene,50810880,50816224,31414432,31417328
shrine_room_0,50819072,51157744,31417328,31472528
turibori_scene,51159040,51234528,31472528,31525136
turibori_room_0,51236864,51263328,31525136,31537376
shrine_n_scene,51265536,51270912,31537376,31540288
shrine_n_room_0,51273728,51612432,31540288,31582304
shrine_r_scene,51613696,51618960,31582304,31585104
shrine_r_room_0,51621888,51960560,31585104,31627984
ganontika_scene,51961856,52099008,31627984,31712480
ganontika_room_0,52101120,52138432,31712480,31725360
ganontika_room_1,52142080,52259248,31725360,31777824
ganontika_room_2,52260864,52291552,31777824,31793664
ganontika_room_3,52293632,52332944,31793664,31814352
ganontika_room_4,52334592,52366480,31814352,31829456
ganontika_room_5,52367360,52397376,31829456,31843568
ganontika_room_6,52400128,52464624,31843568,31865952
ganontika_room_7,52465664,52497552,31865952,31881568
ganontika_room_8,52498432,52535408,31881568,31896960
ganontika_room_9,52539392,52586640,31896960,31912352
ganontika_room_10,52588544,52616048,31912352,31924752
ganontika_room_11,52617216,52644176,31924752,31936944
ganontika_room_12,52645888,52691824,31936944,31956896
ganontika_room_13,52695040,52727104,31956896,31972688
ganontika_room_14,52727808,52769184,31972688,31989232
ganontika_room_15,52772864,52804928,31989232,32005024
ganontika_room_16,52805632,52817440,32005024,32009520
ganontika_room_17,52817920,52852384,32009520,32021536
ganontika_room_18,52854784,52905584,32021536,32040688
ganontika_room_19,52908032,52940096,32040688,32056464
hakaana2_scene,52940800,52994192,32056464,32095312
hakaana2_room_0,52998144,53024784,32095312,32106160
gerudoway_scene,53026816,53082400,32106160,32137856
gerudoway_room_0,53084160,53103936,32137856,32147648
gerudoway_room_1,53104640,53134000,32147648,32162016
gerudoway_room_2,53137408,53153360,32162016,32168464
gerudoway_room_3,53153792,53199632,32168464,32189552
gerudoway_room_4,53202944,53217568,32189552,32195840
gerudoway_room_5,53219328,53239360,32195840,32203760
HAKAdanCH_scene,53239808,53290336,32203760,32234544
HAKAdanCH_room_0,53293056,53380592,32234544,32276976
HAKAdanCH_room_1,53383168,53428944,32276976,32295920
HAKAdanCH_room_2,53432320,53445008,32295920,32301152
HAKAdanCH_room_3,53448704,53455968,32301152,32304736
HAKAdanCH_room_4,53456896,53466192,32304736,32310448
HAKAdanCH_room_5,53469184,53479776,32310448,32316720
HAKAdanCH_room_6,53481472,53493376,32316720,32325696
hairal_niwa_n_scene,53493760,53530864,32325696,32351328
hairal_niwa_n_room_0,53534720,53548576,32351328,32356320
bowling_scene,53551104,53611296,32356320,32390384
bowling_room_0,53612544,53637600,32390384,32400432
hakaana_ouke_scene,53641216,53660384,32400432,32412032
hakaana_ouke_room_0,53661696,53704704,32412032,32431456
hakaana_ouke_room_1,53706752,53725184,32431456,32441632
hakaana_ouke_room_2,53727232,53752080,32441632,32457744
hylia_labo_scene,53755904,53825680,32457744,32497376
hylia_labo_room_0,53829632,53859792,32497376,32508800
souko_scene,53862400,53890064,32508800,32524656
souko_room_0,53891072,53929280,32524656,32545392
souko_room_1,53932032,53974064,32545392,32567168
souko_room_2,53977088,54010240,32567168,32584608
miharigoya_scene,54013952,54064464,32584608,32614496
miharigoya_room_0,54067200,54082992,32614496,32620096
mahouya_scene,54083584,54127136,32620096,32648928
mahouya_room_0,54128640,54155920,32648928,32659440
takaraya_scene,54157312,54186416,32659440,32675280
takaraya_room_0,54190080,54230464,32675280,32697136
takaraya_room_1,54231040,54239232,32697136,32701024
takaraya_room_2,54239232,54247472,32701024,32704944
takaraya_room_3,54251520,54261792,32704944,32710496
takaraya_room_4,54263808,54276128,32710496,32717392
takaraya_room_5,54280192,54292480,32717392,32724240
takaraya_room_6,54292480,54303488,32724240,32730144
ganon_sonogo_scene,54304768,54337296,32730144,32748736
ganon_sonogo_room_0,54337536,54369920,32748736,32762752
ganon_sonogo_room_1,54370304,54401968,32762752,32776640
ganon_sonogo_room_2,54403072,54439072,32776640,32794896
ganon_sonogo_room_3,54439936,54462016,32794896,32804368
ganon_sonogo_room_4,54464512,54500592,32804368,32822032
ganon_demo_scene,54501376,54538352,32822032,32852016
ganon_demo_room_0,54542336,54559056,32852016,32861008
face_shop_scene,54562816,54563696,32861008,32861568
face_shop_room_0,54566912,54756928,32861568,32896128
kinsuta_scene,54759424,54765072,32896128,32899616
kinsuta_room_0,54767616,54825120,32899616,32939616
ganontikasonogo_scene,54829056,54848256,32939616,32950656
ganontikasonogo_room_0,54849536,54946688,32950656,32993792
ganontikasonogo_room_1,54947840,54988576,32993792,33010400
bump_texture_static,54988800,54989824,33010400,33011072
anime_model_1_static,54992896,54992912,33011072,33011104
anime_model_2_static,54996992,54997008,33011104,33011136
anime_model_3_static,55001088,55001104,33011136,33011168
anime_model_4_static,55005184,55005200,33011168,33011200
anime_model_5_static,55009280,55009296,33011200,33011232
anime_model_6_static,55013376,55013392,33011232,33011264
anime_texture_1_static,55017472,55017488,33011264,33011296
anime_texture_2_static,55021568,55021584,33011296,33011328
anime_texture_3_static,55025664,55025680,33011328,33011360
anime_texture_4_static,55029760,55029776,33011360,33011392
anime_texture_5_static,55033856,55033872,33011392,33011424
anime_texture_6_static,55037952,55037968,33011424,33011456
softsprite_matrix_static,55042048,55042112,33011456,33011488
