makerom,0,4192,0,0
boot,4192,29744,4192,0
dmadata,29744,54160,29744,0
Audiobank,54160,171488,54160,0
Audioseq,171488,496752,171488,0
Audiotable,496752,5087040,496752,0
kanji,5087040,5595712,5087040,0
link_animetion,5599232,8113200,5595712,0
icon_item_static,8114176,8673440,8109680,0
icon_item_24_static,8675328,8721408,8668944,0
icon_item_field_static,8724480,8771888,8715024,8742256
icon_item_dungeon_static,8773632,8781184,8742256,8743824
icon_item_gameover_static,8781824,8794880,8743824,8749712
icon_item_jpn_static,8798208,8854656,8749712,8771648
icon_item_nes_static,8855552,8912000,8771648,8794656
item_name_static,8912896,9164800,8794656,0
map_name_static,9166848,9304064,9046560,0
do_action_static,9306112,9328384,9183776,0
message_static,9330688,9347456,9206048,0
jpn_message_data_static,9351168,9589584,9222816,0
message_texture_static,9592832,9597440,9461232,0
nes_font_static,9601024,9618816,9465840,0
nes_message_data_static,9621504,9851136,9483632,0
staff_message_data_static,9854976,9858912,9713264,0
map_grand_static,9859072,9917264,9717200,0
map_i_static,9920512,10895632,9775392,0
map_48x85_static,10899456,11038176,10750512,0
code,11038720,12103408,10889232,11524544
n64dd,12103408,12180448,11524544,11564720
ovl_title,12180448,12182944,11564720,11566704
ovl_select,12182944,12194560,11566704,11573712
ovl_opening,12194560,12194912,11573712,11574016
ovl_file_choose,12194912,12260224,11574016,11610400
ovl_kaleido_scope,12260224,12377360,11610400,11671920
ovl_player_actor,12377360,12534416,11671920,11774864
ovl_map_mark_data,12534416,12561904,11774864,11775808
ovl_En_Test,12561904,12584608,11775808,11789344
ovl_En_GirlA,12584608,12595136,11789344,11794576
ovl_En_Part,12595136,12600784,11794576,11798704
ovl_En_Light,12600784,12604352,11798704,11801200
ovl_En_Door,12604352,12608000,11801200,11804224
ovl_En_Box,12608000,12614960,11804224,11809040
ovl_En_Poh,12614960,12631744,11809040,11819936
ovl_En_Okuta,12631744,12641440,11819936,11826672
ovl_En_Bom,12641440,12645232,11826672,11829664
ovl_En_Wallmas,12645232,12651904,11829664,11834176
ovl_En_Dodongo,12651904,12663584,11834176,11842176
ovl_En_Firefly,12663584,12672144,11842176,11847920
ovl_En_Horse,12672144,12721840,11847920,11878560
ovl_En_Arrow,12721840,12727712,11878560,11882784
ovl_En_Elf,12727712,12746592,11882784,11895008
ovl_En_Niw,12746592,12759696,11895008,11904432
ovl_En_Tite,12759696,12771376,11904432,11911296
ovl_En_Reeba,12771376,12778144,11911296,11916160
ovl_En_Peehat,12778144,12792224,11916160,11925072
ovl_En_Holl,12792224,12796272,11925072,11928048
ovl_En_Scene_Change,12796272,12796576,11928048,11928288
ovl_En_Zf,12796576,12823952,11928288,11945808
ovl_En_Hata,12823952,12825376,11945808,11947088
ovl_Boss_Dodongo,12825376,12865024,11947088,11972336
ovl_Boss_Goma,12865024,12889472,11972336,11987104
ovl_En_Zl1,12889472,12905344,11987104,11995088
ovl_En_Viewer,12905344,12917296,11995088,12003072
ovl_En_Goma,12917296,12928704,12003072,12010672
ovl_Bg_Pushbox,12928704,12929472,12010672,12011328
ovl_En_Bubble,12929472,12934624,12011328,12015280
ovl_Door_Shutter,12934624,12943456,12015280,12021616
ovl_En_Dodojr,12943456,12951296,12021616,12027072
ovl_En_Bdfire,12951296,12954256,12027072,12029376
ovl_En_Boom,12954256,12956496,12029376,12031232
ovl_En_Torch2,12956496,12966576,12031232,12038560
ovl_En_Bili,12966576,12975488,12038560,12044752
ovl_En_Tp,12975488,12983248,12044752,12050416
ovl_En_St,12983248,12994624,12050416,12058320
ovl_En_Bw,12994624,13007776,12058320,12067184
ovl_En_Eiyer,13007776,13015040,12067184,12072352
ovl_En_River_Sound,13015040,13017488,12072352,12074352
ovl_En_Horse_Normal,13017488,13027248,12074352,12080592
ovl_En_Ossan,13027248,13053328,12080592,12094896
ovl_Bg_Treemouth,13053328,13059040,12094896,12097968
ovl_Bg_Dodoago,13059040,13062432,12097968,12100624
ovl_Bg_Hidan_Dalm,13062432,13064560,12100624,12102256
ovl_Bg_Hidan_Hrock,13064560,13066656,12102256,12103904
ovl_En_Horse_Ganon,13066656,13070112,12103904,12106576
ovl_Bg_Hidan_Rock,13070112,13074448,12106576,12109856
ovl_Bg_Hidan_Rsekizou,13074448,13077488,12109856,12112144
ovl_Bg_Hidan_Sekizou,13077488,13082688,12112144,12116112
ovl_Bg_Hidan_Sima,13082688,13086560,12116112,12119184
ovl_Bg_Hidan_Syoku,13086560,13087680,12119184,12119968
ovl_En_Xc,13087680,13114144,12119968,12133424
ovl_Bg_Hidan_Curtain,13114144,13116864,12133424,12135536
ovl_Bg_Spot00_Hanebasi,13116864,13121232,12135536,12139072
ovl_En_Mb,13121232,13138016,12139072,12150032
ovl_En_Bombf,13138016,13143248,12150032,12154128
ovl_Bg_Hidan_Firewall,13143248,13145136,12154128,12155696
ovl_Bg_Dy_Yoseizo,13145136,13156912,12155696,12163696
ovl_En_Zl2,13156912,13175136,12163696,12172880
ovl_Bg_Hidan_Fslift,13175136,13176368,12172880,12173824
ovl_En_OE2,13176368,13176592,12173824,12173984
ovl_Bg_Ydan_Hasi,13176592,13178560,12173984,12175552
ovl_Bg_Ydan_Maruta,13178560,13180320,12175552,12176960
ovl_Boss_Ganondrof,13180320,13200144,12176960,12190112
ovl_En_Am,13200144,13209360,12190112,12196320
ovl_En_Dekubaba,13209360,13224368,12196320,12206032
ovl_En_M_Fire1,13224368,13224784,12206032,12206368
ovl_En_M_Thunder,13224784,13230400,12206368,12210448
ovl_Bg_Ddan_Jd,13230400,13232016,12210448,12211728
ovl_Bg_Breakwall,13232016,13235712,12211728,12214640
ovl_En_Jj,13235712,13241296,12214640,12217792
ovl_En_Horse_Zelda,13241296,13244096,12217792,12220048
ovl_Bg_Ddan_Kd,13244096,13246384,12220048,12221808
ovl_Door_Warp1,13246384,13263440,12221808,12231856
ovl_Obj_Syokudai,13263440,13266560,12231856,12234464
ovl_Item_B_Heart,13266560,13267568,12234464,12235328
ovl_En_Dekunuts,13267568,13273712,12235328,12239344
ovl_Bg_Menkuri_Kaiten,13273712,13274112,12239344,12239696
ovl_Bg_Menkuri_Eye,13274112,13275280,12239696,12240704
ovl_En_Vali,13275280,13285168,12240704,12247520
ovl_Bg_Mizu_Movebg,13285168,13289664,12247520,12250816
ovl_Bg_Mizu_Water,13289664,13292944,12250816,12253120
ovl_Arms_Hook,13292944,13296368,12253120,12255808
ovl_En_fHG,13296368,13306912,12255808,12262784
ovl_Bg_Mori_Hineri,13306912,13310192,12262784,12265216
ovl_En_Bb,13310192,13325760,12265216,12276400
ovl_Bg_Toki_Hikari,13325760,13329248,12276400,12278512
ovl_En_Yukabyun,13329248,13330800,12278512,12279872
ovl_Bg_Toki_Swd,13330800,13336512,12279872,12282496
ovl_En_Fhg_Fire,13336512,13346272,12282496,12289536
ovl_Bg_Mjin,13346272,13347264,12289536,12290400
ovl_Bg_Hidan_Kousi,13347264,13348672,12290400,12291472
ovl_Door_Toki,13348672,13349024,12291472,12291760
ovl_Bg_Hidan_Hamstep,13349024,13352752,12291760,12294608
ovl_En_Bird,13352752,13353968,12294608,12295600
ovl_En_Wood02,13353968,13358528,12295600,12299248
ovl_En_Lightbox,13358528,13359680,12299248,12300224
ovl_En_Pu_box,13359680,13360512,12300224,12300960
ovl_En_Trap,13360512,13365280,12300960,12304096
ovl_En_Arow_Trap,13365280,13365616,12304096,12304416
ovl_En_Vase,13365616,13365872,12304416,12304640
ovl_En_Ta,13365872,13380656,12304640,12313648
ovl_En_Tk,13380656,13388384,12313648,12319344
ovl_Bg_Mori_Bigst,13388384,13390736,12319344,12320992
ovl_Bg_Mori_Elevator,13390736,13393536,12320992,12322864
ovl_Bg_Mori_Kaitenkabe,13393536,13395168,12322864,12324224
ovl_Bg_Mori_Rakkatenjo,13395168,13397584,12324224,12325952
ovl_En_Vm,13397584,13403904,12325952,12330448
ovl_Demo_Effect,13403904,13427200,12330448,12345696
ovl_Demo_Kankyo,13427200,13442736,12345696,12354976
ovl_Bg_Hidan_Fwbig,13442736,13446032,12354976,12357616
ovl_En_Floormas,13446032,13459312,12357616,12365808
ovl_En_Heishi1,13459312,13464704,12365808,12369472
ovl_En_Rd,13464704,13475120,12369472,12376160
ovl_En_Po_Sisters,13475120,13494816,12376160,12388992
ovl_Bg_Heavy_Block,13494816,13501200,12388992,12393648
ovl_Bg_Po_Event,13501200,13508928,12393648,12399360
ovl_Obj_Mure,13508928,13513040,12399360,12402224
ovl_En_Sw,13513040,13527232,12402224,12412544
ovl_Boss_Fd,13527232,13556720,12412544,12432272
ovl_Object_Kankyo,13556720,13569552,12432272,12441424
ovl_En_Du,13569552,13576368,12441424,12446032
ovl_En_Fd,13576368,13587824,12446032,12454464
ovl_En_Horse_Link_Child,13587824,13595504,12454464,12459072
ovl_Door_Ana,13595504,13597152,12459072,12460432
ovl_Bg_Spot02_Objects,13597152,13602096,12460432,12463920
ovl_Bg_Haka,13602096,13603824,12463920,12465376
ovl_Magic_Wind,13603824,13611248,12465376,12471920
ovl_Magic_Fire,13611248,13620160,12471920,12479888
ovl_En_Ru1,13620160,13650528,12479888,12495680
ovl_Boss_Fd2,13650528,13666192,12495680,12506800
ovl_En_Fd_Fire,13666192,13669536,12506800,12509584
ovl_En_Dh,13669536,13676400,12509584,12514576
ovl_En_Dha,13676400,13680480,12514576,12517600
ovl_En_Rl,13680480,13684288,12517600,12519952
ovl_En_Encount1,13684288,13687200,12519952,12522352
ovl_Demo_Du,13687200,13701504,12522352,12529328
ovl_Demo_Im,13701504,13717744,12529328,12537424
ovl_Demo_Tre_Lgt,13717744,13719552,12537424,12538944
ovl_En_Fw,13719552,13725616,12538944,12543872
ovl_Bg_Vb_Sima,13725616,13727424,12543872,12545472
ovl_En_Vb_Ball,13727424,13731936,12545472,12548896
ovl_Bg_Haka_Megane,13731936,13732960,12548896,12549744
ovl_Bg_Haka_MeganeBG,13732960,13734688,12549744,12551104
ovl_Bg_Haka_Ship,13734688,13737312,12551104,12553168
ovl_Bg_Haka_Sgami,13737312,13740416,12553168,12555600
ovl_En_Heishi2,13740416,13749120,12555600,12560896
ovl_En_Encount2,13749120,13753776,12560896,12564496
ovl_En_Fire_Rock,13753776,13758144,12564496,12567680
ovl_En_Brob,13758144,13762480,12567680,12570816
ovl_Mir_Ray,13762480,13768816,12570816,12575936
ovl_Bg_Spot09_Obj,13768816,13770112,12575936,12576928
ovl_Bg_Spot18_Obj,13770112,13772368,12576928,12578544
ovl_Boss_Va,13772368,13831744,12578544,12617008
ovl_Bg_Haka_Tubo,13831744,13834336,12617008,12619120
ovl_Bg_Haka_Trap,13834336,13839920,12619120,12623232
ovl_Bg_Haka_Huta,13839920,13842640,12623232,12625392
ovl_Bg_Haka_Zou,13842640,13847232,12625392,12628848
ovl_Bg_Spot17_Funen,13847232,13847824,12628848,12629392
ovl_En_Syateki_Itm,13847824,13851312,12629392,12632048
ovl_En_Syateki_Man,13851312,13854832,12632048,12634656
ovl_En_Tana,13854832,13855504,12634656,12635232
ovl_En_Nb,13855504,13873376,12635232,12644560
ovl_Boss_Mo,13873376,13919872,12644560,12676704
ovl_En_Sb,13919872,13925056,12676704,12680160
ovl_En_Bigokuta,13925056,13936080,12680160,12687664
ovl_En_Karebaba,13936080,13942464,12687664,12692128
ovl_Bg_Bdan_Objects,13942464,13947280,12692128,12695504
ovl_Demo_Sa,13947280,13958320,12695504,12700976
ovl_Demo_Go,13958320,13961744,12700976,12703344
ovl_En_In,13961744,13973360,12703344,12711680
ovl_En_Tr,13973360,13979760,12711680,12716288
ovl_Bg_Spot16_Bombstone,13979760,13985200,12716288,12720592
ovl_Bg_Hidan_Kowarerukabe,13985200,13988992,12720592,12723120
ovl_Bg_Bombwall,13988992,13991232,12723120,12724880
ovl_En_Ru2,13991232,14002880,12724880,12730608
ovl_Obj_Dekujr,14002880,14004480,12730608,12731968
ovl_Bg_Mizu_Uzu,14004480,14004944,12731968,12732368
ovl_Bg_Spot06_Objects,14004944,14010080,12732368,12736224
ovl_Bg_Ice_Objects,14010080,14013984,12736224,12738848
ovl_Bg_Haka_Water,14013984,14016000,12738848,12740352
ovl_En_Ma2,14016000,14020192,12740352,12743568
ovl_En_Bom_Chu,14020192,14025984,12743568,12748160
ovl_En_Horse_Game_Check,14025984,14030288,12748160,12751264
ovl_Boss_Tw,14030288,14108240,12751264,12801904
ovl_En_Rr,14108240,14117760,12801904,12808848
ovl_En_Ba,14117760,14125648,12808848,12814064
ovl_En_Bx,14125648,14128448,12814064,12816544
ovl_En_Anubice,14128448,14133232,12816544,12820064
ovl_En_Anubice_Fire,14133232,14136752,12820064,12822976
ovl_Bg_Mori_Hashigo,14136752,14138992,12822976,12824640
ovl_Bg_Mori_Hashira4,14138992,14140400,12824640,12825744
ovl_Bg_Mori_Idomizu,14140400,14142000,12825744,12826992
ovl_Bg_Spot16_Doughnut,14142000,14143456,12826992,12828224
ovl_Bg_Bdan_Switch,14143456,14148624,12828224,12831216
ovl_En_Ma1,14148624,14153456,12831216,12834800
ovl_Boss_Ganon,14153456,14293344,12834800,12922624
ovl_Boss_Sst,14293344,14343808,12922624,12954080
ovl_En_Ny,14343808,14350256,12954080,12958784
ovl_En_Fr,14350256,14361152,12958784,12966544
ovl_Item_Shield,14361152,14363728,12966544,12968592
ovl_Bg_Ice_Shelter,14363728,14368384,12968592,12972144
ovl_En_Ice_Hono,14368384,14372976,12972144,12975440
ovl_Item_Ocarina,14372976,14374976,12975440,12976912
ovl_Magic_Dark,14374976,14381200,12976912,12981840
ovl_Demo_6K,14381200,14392736,12981840,12990368
ovl_En_Anubice_Tag,14392736,14393456,12990368,12990992
ovl_Bg_Haka_Gate,14393456,14397680,12990992,12994272
ovl_Bg_Spot15_Saku,14397680,14398512,12994272,12994992
ovl_Bg_Jya_Goroiwa,14398512,14400432,12994992,12996624
ovl_Bg_Jya_Zurerukabe,14400432,14402144,12996624,12997984
ovl_Bg_Jya_Cobra,14402144,14409600,12997984,13003488
ovl_Bg_Jya_Kanaami,14409600,14410544,13003488,13004240
ovl_Fishing,14410544,14490880,13004240,13058880
ovl_Obj_Oshihiki,14490880,14497712,13058880,13063648
ovl_Bg_Gate_Shutter,14497712,14498864,13063648,13064544
ovl_Eff_Dust,14498864,14503952,13064544,13067568
ovl_Bg_Spot01_Fusya,14503952,14504624,13067568,13068144
ovl_Bg_Spot01_Idohashira,14504624,14507696,13068144,13070496
ovl_Bg_Spot01_Idomizu,14507696,14508480,13070496,13071216
ovl_Bg_Po_Syokudai,14508480,14510864,13071216,13073184
ovl_Bg_Ganon_Otyuka,14510864,14520656,13073184,13080656
ovl_Bg_Spot15_Rrbox,14520656,14524208,13080656,13083232
ovl_Bg_Umajump,14524208,14524608,13083232,13083600
ovl_En_Insect,14524608,14534112,13083600,13089904
ovl_En_Butte,14534112,14539696,13089904,13093952
ovl_En_Fish,14539696,14548160,13093952,13099264
ovl_Bg_Spot08_Iceblock,14548160,14552320,13099264,13102240
ovl_Item_Etcetera,14552320,14554576,13102240,13103920
ovl_Arrow_Fire,14554576,14562448,13103920,13110752
ovl_Arrow_Ice,14562448,14570352,13110752,13116992
ovl_Arrow_Light,14570352,14578272,13116992,13123376
ovl_Obj_Kibako,14578272,14581600,13123376,13125648
ovl_Obj_Tsubo,14581600,14585680,13125648,13128560
ovl_En_Wonder_Item,14585680,14588832,13128560,13130800
ovl_En_Ik,14588832,14606800,13130800,13141344
ovl_Demo_Ik,14606800,14612192,13141344,13144688
ovl_En_Skj,14612192,14626832,13144688,13153840
ovl_En_Skjneedle,14626832,14627616,13153840,13154528
ovl_En_G_Switch,14627616,14633808,13154528,13159328
ovl_Demo_Ext,14633808,14636176,13159328,13161152
ovl_Demo_Shd,14636176,14645408,13161152,13167360
ovl_En_Dns,14645408,14650416,13167360,13170640
ovl_Elf_Msg,14650416,14651936,13170640,13171760
ovl_En_Honotrap,14651936,14657392,13171760,13175808
ovl_En_Tubo_Trap,14657392,14660624,13175808,13178128
ovl_Obj_Ice_Poly,14660624,14663104,13178128,13180160
ovl_Bg_Spot03_Taki,14663104,14665392,13180160,13181888
ovl_Bg_Spot07_Taki,14665392,14666864,13181888,13183024
ovl_En_Fz,14666864,14675072,13183024,13188896
ovl_En_Po_Relay,14675072,14680976,13188896,13193376
ovl_Bg_Relay_Objects,14680976,14682944,13193376,13194944
ovl_En_Diving_Game,14682944,14689520,13194944,13199536
ovl_En_Kusa,14689520,14694864,13199536,13203456
ovl_Obj_Bean,14694864,14704992,13203456,13209808
ovl_Obj_Bombiwa,14704992,14706384,13209808,13211024
ovl_Obj_Switch,14706384,14714000,13211024,13215856
ovl_Obj_Elevator,14714000,14714960,13215856,13216608
ovl_Obj_Lift,14714960,14717552,13216608,13218720
ovl_Obj_Hsblock,14717552,14719040,13218720,13219920
ovl_En_Okarina_Tag,14719040,14724416,13219920,13222992
ovl_En_Yabusame_Mark,14724416,14726160,13222992,13224368
ovl_En_Goroiwa,14726160,14735312,13224368,13230800
ovl_En_Ex_Ruppy,14735312,14739600,13230800,13234064
ovl_En_Toryo,14739600,14742816,13234064,13236416
ovl_En_Daiku,14742816,14748768,13236416,13241008
ovl_En_Nwc,14748768,14751392,13241008,13243232
ovl_En_Blkobj,14751392,14752768,13243232,13244384
ovl_Item_Inbox,14752768,14753120,13244384,13244656
ovl_En_Ge1,14753120,14761360,13244656,13249824
ovl_Obj_Blockstop,14761360,14761776,13249824,13250208
ovl_En_Sda,14761776,14767472,13250208,13253936
ovl_En_Clear_Tag,14767472,14803168,13253936,13271392
ovl_En_Niw_Lady,14803168,14809568,13271392,13275968
ovl_En_Gm,14809568,14812944,13275968,13278544
ovl_En_Ms,14812944,14814720,13278544,13280000
ovl_En_Hs,14814720,14817696,13280000,13282112
ovl_Bg_Ingate,14817696,14818608,13282112,13282896
ovl_En_Kanban,14818608,14831232,13282896,13290608
ovl_En_Heishi3,14831232,14833744,13290608,13292448
ovl_En_Syateki_Niw,14833744,14842080,13292448,13298528
ovl_En_Attack_Niw,14842080,14846784,13298528,13301952
ovl_Bg_Spot01_Idosoko,14846784,14847312,13301952,13302400
ovl_En_Sa,14847312,14856128,13302400,13308048
ovl_En_Wonder_Talk,14856128,14857808,13308048,13309408
ovl_Bg_Gjyo_Bridge,14857808,14859088,13309408,13310496
ovl_En_Ds,14859088,14862192,13310496,13312640
ovl_En_Mk,14862192,14865920,13312640,13315168
ovl_En_Bom_Bowl_Man,14865920,14871360,13315168,13319168
ovl_En_Bom_Bowl_Pit,14871360,14873776,13319168,13321056
ovl_En_Owl,14873776,14889040,13321056,13329872
ovl_En_Ishi,14889040,14926240,13329872,13334816
ovl_Obj_Hana,14926240,14927024,13334816,13335456
ovl_Obj_Lightswitch,14927024,14932192,13335456,13339040
ovl_Obj_Mure2,14932192,14934784,13339040,13340960
ovl_En_Go,14934784,14952768,13340960,13352576
ovl_En_Fu,14952768,14956160,13352576,13355248
ovl_En_Changer,14956160,14958688,13355248,13357120
ovl_Bg_Jya_Megami,14958688,14963264,13357120,13360928
ovl_Bg_Jya_Lift,14963264,14964624,13360928,13362032
ovl_Bg_Jya_Bigmirror,14964624,14966736,13362032,13363840
ovl_Bg_Jya_Bombchuiwa,14966736,14969600,13363840,13366096
ovl_Bg_Jya_Amishutter,14969600,14970512,13366096,13366688
ovl_Bg_Jya_Bombiwa,14970512,14971984,13366688,13367936
ovl_Bg_Spot18_Basket,14971984,14976064,13367936,13371024
ovl_En_Ganon_Organ,14976064,15004736,13371024,13384944
ovl_En_Siofuki,15004736,15008240,13384944,13387568
ovl_En_Stream,15008240,15009664,13387568,13388800
ovl_En_Mm,15009664,15015328,13388800,13393168
ovl_En_Ko,15015328,15032032,13393168,13402768
ovl_En_Kz,15032032,15037424,13402768,13406784
ovl_En_Weather_Tag,15037424,15041248,13406784,13408640
ovl_Bg_Sst_Floor,15041248,15042624,13408640,13409904
ovl_En_Ani,15042624,15046064,13409904,13412352
ovl_En_Ex_Item,15046064,15050528,13412352,13415616
ovl_Bg_Jya_Ironobj,15050528,15054032,13415616,13418016
ovl_En_Js,15054032,15056544,13418016,13419840
ovl_En_Jsjutan,15056544,15076448,13419840,13427376
ovl_En_Cs,15076448,15081104,13427376,13430928
ovl_En_Md,15081104,15090944,13430928,13436816
ovl_En_Hy,15090944,15105600,13436816,13446048
ovl_En_Ganon_Mant,15105600,15122528,13446048,13453520
ovl_En_Okarina_Effect,15122528,15123472,13453520,13454256
ovl_En_Mag,15123472,15135520,13454256,13462656
ovl_Door_Gerudo,15135520,15137040,13462656,13463936
ovl_Elf_Msg2,15137040,15138176,13463936,13464688
ovl_Demo_Gt,15138176,15160192,13464688,13475776
ovl_En_Po_Field,15160192,15175008,13475776,13486272
ovl_Efc_Erupc,15175008,15177792,13486272,13488608
ovl_Bg_Zg,15177792,15178928,13488608,13489520
ovl_En_Heishi4,15178928,15182768,13489520,13492224
ovl_En_Zl3,15182768,15215104,13492224,13508720
ovl_Boss_Ganon2,15215104,15285488,13508720,13551248
ovl_En_Kakasi,15285488,15288880,13551248,13553840
ovl_En_Takara_Man,15288880,15291120,13553840,13555744
ovl_Obj_Makeoshihiki,15291120,15292288,13555744,13556736
ovl_Oceff_Spot,15292288,15296176,13556736,13560048
ovl_End_Title,15296176,15312864,13560048,13566816
ovl_En_Torch,15312864,15313104,13566816,13567040
ovl_Demo_Ec,15313104,15327536,13567040,13572960
ovl_Shot_Sun,15327536,15329264,13572960,13574400
ovl_En_Dy_Extra,15329264,15330672,13574400,13575648
ovl_En_Wonder_Talk2,15330672,15332368,13575648,13577088
ovl_En_Ge2,15332368,15338928,13577088,13581584
ovl_Obj_Roomtimer,15338928,15339520,13581584,13582096
ovl_En_Ssh,15339520,15349232,13582096,13588832
ovl_En_Sth,15349232,15365792,13588832,13600032
ovl_Oceff_Wipe,15365792,15369200,13600032,13603056
ovl_Effect_Ss_Dust,15369200,15371296,13603056,13604768
ovl_Effect_Ss_KiraKira,15371296,15372944,13604768,13606208
ovl_Effect_Ss_Bomb,15372944,15374000,13606208,13607184
ovl_Effect_Ss_Bomb2,15374000,15376352,13607184,13609104
ovl_Effect_Ss_Blast,15376352,15377264,13609104,13609984
ovl_Effect_Ss_G_Spk,15377264,15378720,13609984,13611296
ovl_Effect_Ss_D_Fire,15378720,15379984,13611296,13612480
ovl_Effect_Ss_Bubble,15379984,15381136,13612480,13613504
ovl_Effect_Ss_G_Ripple,15381136,15382512,13613504,13614768
ovl_Effect_Ss_G_Splash,15382512,15383712,13614768,13615744
ovl_Effect_Ss_G_Magma,15383712,15384320,13615744,13616320
ovl_Effect_Ss_G_Fire,15384320,15384976,13616320,13616928
ovl_Effect_Ss_Lightning,15384976,15386720,13616928,13618544
ovl_Effect_Ss_Dt_Bubble,15386720,15388144,13618544,13619792
ovl_Effect_Ss_Hahen,15388144,15389744,13619792,13621040
ovl_Effect_Ss_Stick,15389744,15390672,13621040,13621888
ovl_Effect_Ss_Sibuki,15390672,15392416,13621888,13623440
ovl_Effect_Ss_Sibuki2,15392416,15393232,13623440,13624224
ovl_Effect_Ss_G_Magma2,15393232,15394528,13624224,13625440
ovl_Effect_Ss_Stone1,15394528,15395440,13625440,13626288
ovl_Effect_Ss_HitMark,15395440,15396800,13626288,13627504
ovl_Effect_Ss_Fhg_Flash,15396800,15400768,13627504,13630096
ovl_Effect_Ss_K_Fire,15400768,15401840,13630096,13631104
ovl_Effect_Ss_Solder_Srch_Ball,15401840,15402272,13631104,13631520
ovl_Effect_Ss_Kakera,15402272,15406512,13631520,13634640
ovl_Effect_Ss_Ice_Piece,15406512,15407600,13634640,13635680
ovl_Effect_Ss_En_Ice,15407600,15409840,13635680,13637664
ovl_Effect_Ss_Fire_Tail,15409840,15411632,13637664,13639296
ovl_Effect_Ss_En_Fire,15411632,15413488,13639296,13640944
ovl_Effect_Ss_Extra,15413488,15414448,13640944,13641888
ovl_Effect_Ss_Fcircle,15414448,15415648,13641888,13643024
ovl_Effect_Ss_Dead_Db,15415648,15416896,13643024,13644240
ovl_Effect_Ss_Dead_Dd,15416896,15418320,13644240,13645552
ovl_Effect_Ss_Dead_Ds,15418320,15419472,13645552,13646624
ovl_Effect_Ss_Dead_Sound,15419472,15419792,13646624,13646944
ovl_Oceff_Storm,15419792,15426864,13646944,13653696
ovl_En_Weiyer,15426864,15433520,13653696,13658096
ovl_Bg_Spot05_Soko,15433520,15434320,13658096,13658752
ovl_Bg_Jya_1flift,15434320,15436000,13658752,13660032
ovl_Bg_Jya_Haheniron,15436000,15438032,13660032,13661696
ovl_Bg_Spot12_Gate,15438032,15439072,13661696,13662480
ovl_Bg_Spot12_Saku,15439072,15440288,13662480,13663440
ovl_En_Hintnuts,15440288,15446992,13663440,13667952
ovl_En_Nutsball,15446992,15448560,13667952,13669360
ovl_Bg_Spot00_Break,15448560,15448976,13669360,13669728
ovl_En_Shopnuts,15448976,15452832,13669728,13672384
ovl_En_It,15452832,15453232,13672384,13672688
ovl_En_GeldB,15453232,15474656,13672688,13685952
ovl_Oceff_Wipe2,15474656,15480656,13685952,13689616
ovl_Oceff_Wipe3,15480656,15486624,13689616,13694368
ovl_En_Niw_Girl,15486624,15489392,13694368,13696752
ovl_En_Dog,15489392,15493920,13696752,13699952
ovl_En_Si,15493920,15495200,13699952,13701008
ovl_Bg_Spot01_Objects2,15495200,15496416,13701008,13702048
ovl_Obj_Comb,15496416,15498560,13702048,13703904
ovl_Bg_Spot11_Bakudankabe,15498560,15500160,13703904,13705280
ovl_Obj_Kibako2,15500160,15501888,13705280,13706752
ovl_En_Dnt_Demo,15501888,15505248,13706752,13709392
ovl_En_Dnt_Jiji,15505248,15510640,13709392,13712640
ovl_En_Dnt_Nomal,15510640,15522416,13712640,13719728
ovl_En_Guest,15522416,15524880,13719728,13721808
ovl_Bg_Bom_Guard,15524880,15525424,13721808,13722304
ovl_En_Hs2,15525424,15526928,13722304,13723552
ovl_Demo_Kekkai,15526928,15531760,13723552,13727296
ovl_Bg_Spot08_Bakudankabe,15531760,15533456,13727296,13728752
ovl_Bg_Spot17_Bakudankabe,15533456,15535216,13728752,13730256
ovl_Obj_Mure3,15535216,15537216,13730256,13731840
ovl_En_Tg,15537216,15538960,13731840,13733328
ovl_En_Mu,15538960,15541296,13733328,13735312
ovl_En_Go2,15541296,15565904,13735312,13751184
ovl_En_Wf,15565904,15583072,13751184,13762272
ovl_En_Skb,15583072,15589456,13762272,13766896
ovl_Demo_Gj,15589456,15604992,13766896,13774176
ovl_Demo_Geff,15604992,15607072,13774176,13775696
ovl_Bg_Gnd_Firemeiro,15607072,15608416,13775696,13776816
ovl_Bg_Gnd_Darkmeiro,15608416,15610400,13776816,13778288
ovl_Bg_Gnd_Soulmeiro,15610400,15612544,13778288,13780064
ovl_Bg_Gnd_Nisekabe,15612544,15612912,13780064,13780400
ovl_Bg_Gnd_Iceblock,15612912,15617248,13780400,13783280
ovl_Bg_Ydan_Sp,15617248,15623248,13783280,13787664
ovl_En_Gb,15623248,15629184,13787664,13792064
ovl_En_Gs,15629184,15637024,13792064,13797824
ovl_Bg_Mizu_Bwall,15637024,15642352,13797824,13801360
ovl_Bg_Mizu_Shutter,15642352,15644400,13801360,13802944
ovl_En_Daiku_Kakariko,15644400,15649456,13802944,13806768
ovl_Bg_Bowl_Wall,15649456,15651888,13806768,13808848
ovl_En_Wall_Tubo,15651888,15653152,13808848,13809904
ovl_En_Po_Desert,15653152,15656672,13809904,13812816
ovl_En_Crow,15656672,15662464,13812816,13817120
ovl_Door_Killer,15662464,15667952,13817120,13821344
ovl_Bg_Spot11_Oasis,15667952,15669792,13821344,13822928
ovl_Bg_Spot18_Futa,15669792,15670208,13822928,13823280
ovl_Bg_Spot18_Shutter,15670208,15671568,13823280,13824352
ovl_En_Ma3,15671568,15675520,13824352,13827424
ovl_En_Cow,15675520,15680736,13827424,13830784
ovl_Bg_Ice_Turara,15680736,15682832,13830784,13832512
ovl_Bg_Ice_Shutter,15682832,15683968,13832512,13833376
ovl_En_Kakasi2,15683968,15685792,13833376,13834816
ovl_En_Kakasi3,15685792,15690112,13834816,13837952
ovl_Oceff_Wipe4,15690112,15694176,13837952,13840976
ovl_En_Eg,15694176,15694608,13840976,13841328
ovl_Bg_Menkuri_Nisekabe,15694608,15694944,13841328,13841616
ovl_En_Zo,15694944,15704592,13841616,13848368
ovl_Effect_Ss_Ice_Smoke,15704592,15705808,13848368,13849456
ovl_Obj_Makekinsuta,15705808,15706144,13849456,13849776
ovl_En_Ge3,15706144,15709040,13849776,13851952
ovl_Obj_Timeblock,15709040,15712176,13851952,13854240
ovl_Obj_Hamishi,15712176,15714304,13854240,13856048
ovl_En_Zl4,15714304,15733296,13856048,13865792
ovl_En_Mm2,15733296,15736816,13865792,13868464
ovl_Bg_Jya_Block,15736816,15737440,13868464,13869072
ovl_Obj_Warp2block,15737440,15740304,13869072,13871328
gameplay_keep,15740928,16116960,13871328,14065824
gameplay_field_keep,16117760,16171824,14065824,14103232
gameplay_dangeon_keep,16175104,16272112,14103232,14163360
gameplay_object_exchange_static,16273408,16273424,14163360,14163392
object_link_boy,16277504,16504832,14163392,14270800
object_link_child,16506880,16691072,14270800,14359264
object_box,16691200,16715776,14359264,14372016
object_human,16715776,16793984,14372016,14403776
object_okuta,16797696,16813184,14403776,14411520
object_poh,16814080,16834784,14411520,14424800
object_wallmaster,16838656,16879728,14424800,14451696
object_dy_obj,16883712,17003824,14451696,14526336
object_firefly,17006592,17012928,14526336,14530064
object_dodongo,17014784,17054016,14530064,14557776
object_fire,17055744,17072288,14557776,14564480
object_niw,17076224,17085760,14564480,14569328
object_tite,17088512,17103408,14569328,14579360
object_reeba,17104896,17112816,14579360,14584512
object_peehat,17113088,17120400,14584512,14588032
object_kingdodongo,17121280,17316064,14588032,14712992
object_horse,17317888,17374992,14712992,14755696
object_zf,17375232,17466272,14755696,14818048
object_goma,17469440,17592832,14818048,14909792
object_zl1,17596416,17679296,14909792,14953936
object_gol,17682432,17699360,14953936,14965072
object_bubble,17702912,17707200,14965072,14966960
object_dodojr,17711104,17719536,14966960,14973152
object_torch2,17723392,17741680,14973152,14981440
object_bl,17743872,17766480,14981440,14990752
object_tp,17768448,17775856,14990752,14995696
object_oA1,17776640,17794832,14995696,15005056
object_st,17797120,17820592,15005056,15018112
object_bw,17821696,17830496,15018112,15023488
object_ei,17833984,17847328,15023488,15031056
object_horse_normal,17850368,17891264,15031056,15063856
object_oB1,17891328,17917616,15063856,15076096
object_o_anime,17920000,17928528,15076096,15083264
object_spot04_objects,17932288,17938112,15083264,15086464
object_ddan_objects,17940480,17975136,15086464,15108736
object_hidan_objects,17977344,18074912,15108736,15157360
object_horse_ganon,18075648,18124944,15157360,15191104
object_oA2,18128896,18151120,15191104,15196272
object_spot00_objects,18153472,18160656,15196272,15199136
object_mb,18161664,18244000,15199136,15255360
object_bombf,18247680,18254336,15255360,15259360
object_sk2,18255872,18315264,15259360,15305088
object_oE1,18317312,18343952,15305088,15317664
object_oE_anime,18345984,18366560,15317664,15337120
object_oE2,18370560,18393712,15337120,15348112
object_ydan_objects,18395136,18432128,15348112,15376624
object_gnd,18436096,18513920,15376624,15435984
object_am,18513920,18537296,15435984,15448096
object_dekubaba,18538496,18553280,15448096,15458320
object_oA3,18554880,18563376,15458320,15462848
object_oA4,18567168,18573104,15462848,15465600
object_oA5,18575360,18581168,15465600,15468288
object_oA6,18583552,18590208,15468288,15471328
object_oA7,18591744,18597200,15471328,15473872
object_jj,18599936,18647744,15473872,15501904
object_oA8,18649088,18655152,15501904,15504528
object_oA9,18657280,18658592,15504528,15505488
object_oB2,18661376,18677984,15505488,15513904
object_oB3,18681856,18699408,15513904,15522640
object_oB4,18702336,18708592,15522640,15525536
object_horse_zelda,18710528,18739552,15525536,15544256
object_opening_demo1,18743296,18763872,15544256,15562944
object_warp1,18767872,18779312,15562944,15571152
object_b_heart,18780160,18781760,15571152,15572336
object_dekunuts,18784256,18798176,15572336,15580656
object_oE3,18800640,18829600,15580656,15594128
object_oE4,18833408,18853840,15594128,15603776
object_menkuri_objects,18853888,18889488,15603776,15628512
object_oE5,18890752,18912704,15628512,15639328
object_oE6,18915328,18927184,15639328,15645584
object_oE7,18927616,18938464,15645584,15652128
object_oE8,18939904,18953168,15652128,15658944
object_oE9,18956288,18968336,15658944,15664176
object_oE10,18968576,18979280,15664176,15670048
object_oE11,18980864,18993648,15670048,15675888
object_oE12,18997248,19011520,15675888,15683088
object_vali,19013632,19032144,15683088,15692768
object_oA10,19034112,19046064,15692768,15698416
object_oA11,19046400,19051968,15698416,15701248
object_mizu_objects,19054592,19100448,15701248,15728640
object_fhg,19103744,19172832,15728640,15773248
object_ossan,19173376,19213136,15773248,15790336
object_mori_hineri1,19214336,19236080,15790336,15798576
object_Bb,19238912,19245632,15798576,15802432
object_toki_objects,19247104,19280976,15802432,15819248
object_yukabyun,19283968,19289328,15819248,15821952
object_zl2,19292160,19361152,15821952,15853456
object_mjin,19361792,19366544,15853456,15856064
object_mjin_flash,19369984,19374080,15856064,15858672
object_mjin_dark,19374080,19378176,15858672,15861936
object_mjin_flame,19378176,19382272,15861936,15864768
object_mjin_ice,19382272,19386368,15864768,15868096
object_mjin_soul,19386368,19390464,15868096,15871392
object_mjin_wind,19390464,19394560,15871392,15874656
object_mjin_oka,19394560,19401568,15874656,15879856
object_haka_objects,19402752,19523248,15879856,15941104
object_spot06_objects,19525632,19537312,15941104,15949376
object_ice_objects,19537920,19574096,15949376,15975072
object_relay_objects,19574784,19588656,15975072,15984720
object_mori_hineri1a,19591168,19604672,15984720,15989648
object_mori_hineri2,19607552,19624960,15989648,15996256
object_mori_hineri2a,19628032,19652784,15996256,16005824
object_mori_objects,19656704,19692048,16005824,16022752
object_mori_tex,19693568,19734016,16022752,16046800
object_spot08_obj,19734528,19756544,16046800,16060432
object_warp2,19759104,19759120,16060432,16060464
object_hata,19763200,19775456,16060464,16066448
object_bird,19775488,19784096,16066448,16072320
object_wood02,19787776,19822544,16072320,16092432
object_lightbox,19824640,19832640,16092432,16094816
object_pu_box,19832832,19838464,16094816,16097424
object_trap,19841024,19850208,16097424,16104448
object_vase,19853312,19858832,16104448,16108704
object_im,19861504,19935792,16108704,16144800
object_ta,19939328,19997680,16144800,16177632
object_tk,20000768,20049488,16177632,16207360
object_xc,20049920,20167456,16207360,16289392
object_vm,20168704,20184944,16289392,16297728
object_bv,20185088,20307376,16297728,16357024
object_hakach_objects,20307968,20335344,16357024,16376512
object_efc_crystal_light,20336640,20339360,16376512,16379168
object_efc_fire_ball,20340736,20344064,16379168,16382352
object_efc_flash,20344832,20344848,16382352,16382384
object_efc_lgt_shower,20348928,20353744,16382384,16386096
object_efc_star_field,20357120,20363216,16386096,16390272
object_god_lgt,20365312,20382544,16390272,16401728
object_light_ring,20385792,20390528,16401728,16403136
object_triforce_spot,20393984,20404496,16403136,16410144
object_medal,20406272,20427072,16410144,16417376
object_bdan_objects,20430848,20483344,16417376,16449744
object_sd,20484096,20535008,16449744,16475904
object_rd,20537344,20598768,16475904,16512928
object_po_sisters,20598784,20657088,16512928,16545904
object_heavy_object,20660224,20667104,16545904,16549264
object_gndd,20668416,20740608,16549264,16587184
object_fd,20742144,20808304,16587184,16624144
object_du,20811776,20887088,16624144,16671520
object_fw,20889600,20921824,16671520,16693072
object_horse_link_child,20922368,20957984,16693072,16717472
object_spot02_objects,20959232,21050912,16717472,16767504
object_haka,21053440,21058656,16767504,16771776
object_ru1,21061632,21142144,16771776,16830416
object_syokudai,21143552,21159056,16830416,16839232
object_fd2,21159936,21232272,16839232,16886304
object_dh,21233664,21270720,16886304,16914608
object_rl,21274624,21306192,16914608,16930384
object_efc_tw,21307392,21312240,16930384,16935408
object_demo_tre_lgt,21315584,21315600,16935408,16935440
object_gi_key,21319680,21322272,16935440,16936672
object_mir_ray,21323776,21331200,16936672,16938320
object_brob,21331968,21338784,16938320,16941840
object_gi_jewel,21340160,21354112,16941840,16950272
object_spot09_obj,21356544,21457040,16950272,17009488
object_spot18_obj,21458944,21510672,17009488,17039488
object_bdoor,21512192,21542336,17039488,17056752
object_spot17_obj,21544960,21551152,17056752,17061648
object_shop_dungen,21553152,21568032,17061648,17070592
object_nb,21569536,21668320,17070592,17136016
object_mo,21671936,21703792,17136016,17153072
object_sb,21704704,21716128,17153072,17158672
object_gi_melody,21716992,21720352,17158672,17160160
object_gi_heart,21721088,21721584,17160160,17160560
object_gi_compass,21725184,21728528,17160560,17162240
object_gi_bosskey,21729280,21733392,17162240,17164112
object_gi_medal,21737472,21758832,17164112,17170416
object_gi_nuts,21762048,21766592,17170416,17173360
object_sa,21770240,21856816,17173360,17232720
object_gi_hearts,21860352,21866416,17232720,17235120
object_gi_arrowcase,21868544,21871792,17235120,17236800
object_gi_bombpouch,21872640,21876320,17236800,17238496
object_in,21876736,21978192,17238496,17295152
object_tr,21979136,22056496,17295152,17343024
object_spot16_obj,22056960,22062336,17343024,17347248
object_oE1s,22065152,22091104,17347248,17360016
object_oE4s,22093824,22113792,17360016,17369568
object_os_anime,22114304,22156864,17369568,17404752
object_gi_bottle,22159360,22161648,17404752,17406048
object_gi_stick,22163456,22165184,17406048,17407360
object_gi_map,22167552,22172000,17407360,17410688
object_oF1d_map,22175744,22242720,17410688,17450512
object_ru2,22245376,22309072,17450512,17484544
object_gi_shield_1,22310912,22314320,17484544,17487328
object_dekujr,22315008,22328592,17487328,17494480
object_gi_magicpot,22331392,22335952,17494480,17496624
object_gi_bomb_1,22339584,22342832,17496624,17498176
object_oF1s,22343680,22378656,17498176,17515184
object_ma2,22380544,22421232,17515184,17538112
object_gi_purse,22421504,22428528,17538112,17544496
object_hni,22429696,22474608,17544496,17580000
object_tw,22474752,22711216,17580000,17729296
object_rr,22712320,22715904,17729296,17731776
object_bxa,22716416,22727664,17731776,17739520
object_anubice,22728704,22743456,17739520,17748208
object_gi_gerudo,22745088,22750016,17748208,17751376
object_gi_arrow,22753280,22760208,17751376,17754080
object_gi_bomb_2,22761472,22763168,17754080,17755280
object_gi_egg,22765568,22770464,17755280,17757792
object_gi_scale,22773760,22777328,17757792,17759680
object_gi_shield_2,22777856,22782064,17759680,17762096
object_gi_hookshot,22786048,22791520,17762096,17764944
object_gi_ocarina,22794240,22797232,17764944,17766784
object_gi_milk,22798336,22803568,17766784,17769200
object_ma1,22806528,22842752,17769200,17787392
object_ganon,22843392,22909184,17787392,17816016
object_sst,22913024,23017392,17816016,17855488
object_ny,23019520,23028080,17855488,17859360
object_fr,23031808,23078064,17859360,17877248
object_gi_pachinko,23080960,23084128,17877248,17879104
object_gi_boomerang,23085056,23088544,17879104,17881136
object_gi_bow,23089152,23092528,17881136,17883280
object_gi_glasses,23093248,23097728,17883280,17885344
object_gi_liquid,23101440,23107792,17885344,17888048
object_ani,23109632,23140096,17888048,17903824
object_demo_6k,23142400,23157664,17903824,17913584
object_gi_shield_3,23158784,23163584,17913584,17915440
object_gi_letter,23166976,23170560,17915440,17917776
object_spot15_obj,23171072,23178496,17917776,17921712
object_jya_obj,23179264,23294272,17921712,17976976
object_gi_clothes,23298048,23304288,17976976,17980640
object_gi_bean,23306240,23308480,17980640,17982144
object_gi_fish,23310336,23312720,17982144,17983616
object_gi_saw,23314432,23317376,17983616,17985392
object_gi_hammer,23318528,23321792,17985392,17987104
object_gi_grass,23322624,23325712,17987104,17989104
object_gi_longsword,23326720,23328960,17989104,17990544
object_spot01_objects,23330816,23340176,17990544,17997424
object_md,23343104,23384400,17997424,18020704
object_km1,23388160,23411136,18020704,18030848
object_kw1,23412736,23439584,18030848,18042416
object_zo,23441408,23490624,18042416,18066944
object_kz,23494656,23529184,18066944,18081760
object_umajump,23531520,23536752,18081760,18084720
object_masterkokiri,23539712,23540928,18084720,18085856
object_masterkokirihead,23543808,23555232,18085856,18091104
object_mastergolon,23556096,23556368,18091104,18091328
object_masterzoora,23560192,23562144,18091328,18093424
object_aob,23564288,23586480,18093424,18101776
object_ik,23588864,23721424,18101776,18195776
object_ahg,23724032,23746992,18195776,18207104
object_cne,23748608,23759312,18207104,18211728
object_gi_niwatori,23760896,23767536,18211728,18215904
object_skj,23769088,23805488,18215904,18241392
object_gi_bottle_letter,23805952,23809152,18241392,18243376
object_bji,23810048,23826832,18243376,18251008
object_bba,23830528,23847568,18251008,18258384
object_gi_ocarina_0,23851008,23854096,18258384,18260400
object_ds,23855104,23873408,18260400,18271136
object_ane,23875584,23904176,18271136,18282928
object_boj,23904256,23928000,18282928,18294720
object_spot03_object,23928832,23934560,18294720,18298128
object_spot07_object,23937024,23964976,18298128,18317152
object_fz,23965696,23979216,18317152,18321776
object_bob,23982080,24002336,18321776,18329344
object_ge1,24002560,24044720,18329344,18348400
object_yabusame_point,24047616,24051280,18348400,18349872
object_gi_boots_2,24051712,24058816,18349872,18353584
object_gi_seed,24059904,24062656,18353584,18355440
object_gnd_magic,24064000,24068736,18355440,18359760
object_d_elevator,24072192,24077200,18359760,18364688
object_d_hsblock,24080384,24086368,18364688,18369472
object_d_lift,24088576,24094720,18369472,18375392
object_mamenoki,24096768,24106720,18375392,18383536
object_goroiwa,24109056,24115360,18383536,18386944
object_toryo,24117248,24146272,18386944,18400864
object_daiku,24150016,24184944,18400864,18420528
object_nwc,24186880,24190368,18420528,18423264
object_blkobj,24190976,24270992,18423264,18471008
object_gm,24272896,24273616,18471008,18471600
object_ms,24276992,24292816,18471600,18479952
object_hs,24293376,24318576,18479952,18493120
object_ingate,24322048,24326640,18493120,18495072
object_lightswitch,24330240,24339488,18495072,18500336
object_kusa,24342528,24343424,18500336,18500928
object_tsubo,24346624,24353264,18500928,18506608
object_gi_gloves,24354816,24361312,18506608,18509712
object_gi_coin,24363008,24365136,18509712,18510864
object_kanban,24367104,24373168,18510864,18512544
object_gjyo_objects,24375296,24380912,18512544,18515824
object_owl,24383488,24449216,18515824,18546144
object_mk,24453120,24477184,18546144,18557792
object_fu,24477696,24505504,18557792,18572240
object_gi_ki_tan_mask,24506368,24509936,18572240,18574240
object_gi_redead_mask,24510464,24513168,18574240,18575584
object_gi_skj_mask,24514560,24517856,18575584,18577536
object_gi_rabit_mask,24518656,24522496,18577536,18579568
object_gi_truth_mask,24522752,24528992,18579568,18582736
object_ganon_objects,24530944,24535408,18582736,18585104
object_siofuki,24539136,24542640,18585104,18586832
object_stream,24543232,24545920,18586832,18588288
object_mm,24547328,24580208,18588288,18606416
object_fa,24584192,24599440,18606416,18612496
object_os,24600576,24618608,18612496,18622640
object_gi_eye_lotion,24621056,24623472,18622640,18623984
object_gi_powder,24625152,24628096,18623984,18625728
object_gi_mushroom,24629248,24632528,18625728,18627328
object_gi_ticketstone,24633344,24638112,18627328,18630272
object_gi_brokensword,24641536,24643984,18630272,18631648
object_js,24645632,24670000,18631648,18644240
object_cs,24670208,24704336,18644240,18660848
object_gi_prescription,24707072,24710176,18660848,18662224
object_gi_bracelet,24711168,24714224,18662224,18663728
object_gi_soldout,24715264,24716496,18663728,18664384
object_gi_frog,24719360,24723728,18664384,18666816
object_mag,24727552,24855616,18666816,18710112
object_door_gerudo,24858624,24861088,18710112,18711264
object_gt,24862720,24942064,18711264,18758784
object_efc_erupc,24944640,24955120,18758784,18764848
object_zl2_anime1,24956928,25003536,18764848,18800192
object_zl2_anime2,25006080,25049824,18800192,18837264
object_gi_golonmask,25051136,25057200,18837264,18841216
object_gi_zoramask,25059328,25065008,18841216,18844576
object_gi_gerudomask,25067520,25072640,18844576,18848256
object_ganon2,25075712,25290736,18848256,19007504
object_ka,25292800,25319360,19007504,19017296
object_ts,25321472,25341936,19017296,19027104
object_zg,25341952,25346560,19027104,19027824
object_gi_hoverboots,25350144,25357936,19027824,19032224
object_gi_m_arrow,25358336,25362048,19032224,19033952
object_ds2,25362432,25379440,19033952,19042464
object_ec,25382912,25434416,19042464,19087088
object_fish,25436160,25523696,19087088,19131888
object_gi_sutaru,25526272,25527888,19131888,19132800
object_gi_goddess,25530368,25533520,19132800,19134208
object_ssh,25534464,25558016,19134208,19146720
object_bigokuta,25559040,25586640,19146720,19162208
object_bg,25587712,25617088,19162208,19177392
object_spot05_objects,25620480,25625328,19177392,19180896
object_spot12_obj,25628672,25637824,19180896,19185760
object_bombiwa,25640960,25643776,19185760,19188480
object_hintnuts,25645056,25657664,19188480,19197200
object_rs,25661440,25680000,19197200,19206736
object_spot00_break,25681920,25689632,19206736,19212368
object_gla,25690112,25730800,19212368,19237024
object_shopnuts,25731072,25748880,19237024,19248416
object_geldb,25751552,25798384,19248416,19277632
object_gr,25800704,25840784,19277632,19290576
object_dog,25841664,25871008,19290576,19305440
object_jya_iron,25874432,25884256,19305440,19309264
object_jya_door,25886720,25895552,19309264,19312960
object_spot01_objects2,25899008,25899024,19312960,19312992
object_spot11_obj,25903104,25909904,19312992,19318192
object_kibako2,25911296,25915584,19318192,19321856
object_dns,25919488,25933776,19321856,19331232
object_dnk,25935872,25947696,19331232,19338640
object_gi_fire,25948160,25952224,19338640,19341168
object_gi_insect,25952256,25955312,19341168,19343024
object_gi_butterfly,25956352,25959376,19343024,19344864
object_gi_ghost,25960448,25963952,19344864,19347312
object_gi_soul,25964544,25968560,19347312,19349392
object_bowl,25968640,25982192,19349392,19354752
object_po_field,25985024,26012224,19354752,19371504
object_demo_kekkai,26013696,26074384,19371504,19407072
object_efc_doughnut,26075136,26079312,19407072,19409328
object_gi_dekupouch,26083328,26087504,19409328,19411968
object_ganon_anime1,26091520,26139712,19411968,19460512
object_ganon_anime2,26140672,26207536,19460512,19516400
object_ganon_anime3,26210304,26294256,19516400,19586880
object_gi_rupy,26296320,26298368,19586880,19587936
object_spot01_matoya,26300416,26315920,19587936,19599184
object_spot01_matoyab,26316800,26325472,19599184,19604608
object_po_composer,26329088,26357664,19604608,19621696
object_mu,26357760,26402384,19621696,19645024
object_wf,26402816,26445056,19645024,19669872
object_skb,26447872,26466320,19669872,19683296
object_gj,26468352,26511136,19683296,19716704
object_geff,26513408,26517424,19716704,19720096
object_haka_door,26517504,26532208,19720096,19726768
object_gs,26533888,26536576,19726768,19729568
object_ps,26537984,26589440,19729568,19755200
object_bwall,26591232,26595664,19755200,19758240
object_crow,26599424,26603728,19758240,19760208
object_cow,26607616,26627760,19760208,19770800
object_cob,26628096,26636816,19770800,19774128
object_gi_sword_1,26640384,26643744,19774128,19775968
object_door_killer,26644480,26651616,19775968,19777888
object_ouke_haka,26652672,26655088,19777888,19780272
object_timeblock,26656768,26659680,19780272,19782976
object_zl4,26660864,26779168,19782976,19862016
g_pn_01,26779648,26786560,19862016,19864336
g_pn_02,26787840,26794752,19864336,19866752
g_pn_03,26796032,26802944,19866752,19868864
g_pn_04,26804224,26811136,19868864,19871168
g_pn_05,26812416,26819328,19871168,19873488
g_pn_06,26820608,26827520,19873488,19876400
g_pn_07,26828800,26835712,19876400,19879840
g_pn_08,26836992,26843904,19879840,19882720
g_pn_09,26845184,26852096,19882720,19885680
g_pn_10,26853376,26860288,19885680,19887648
g_pn_11,26861568,26868480,19887648,19890784
g_pn_12,26869760,26876672,19890784,19893248
g_pn_13,26877952,26884864,19893248,19896048
g_pn_14,26886144,26893056,19896048,19898528
g_pn_15,26894336,26901248,19898528,19900896
g_pn_16,26902528,26909440,19900896,19903104
g_pn_17,26910720,26917632,19903104,19904624
g_pn_18,26918912,26925824,19904624,19906560
g_pn_19,26927104,26934016,19906560,19908800
g_pn_20,26935296,26942208,19908800,19911008
g_pn_21,26943488,26950400,19911008,19913168
g_pn_22,26951680,26958592,19913168,19915696
g_pn_23,26959872,26966784,19915696,19917488
g_pn_24,26968064,26974976,19917488,19919424
g_pn_25,26976256,26983168,19919424,19921984
g_pn_26,26984448,26991360,19921984,19925024
g_pn_27,26992640,26999552,19925024,19927232
g_pn_28,27000832,27007744,19927232,19929504
g_pn_29,27009024,27015936,19929504,19931136
g_pn_30,27017216,27024128,19931136,19933008
g_pn_31,27025408,27032320,19933008,19935232
g_pn_32,27033600,27040512,19935232,19937392
g_pn_33,27041792,27048704,19937392,19939520
g_pn_34,27049984,27056896,19939520,19941744
g_pn_35,27058176,27065088,19941744,19944112
g_pn_36,27066368,27073280,19944112,19946256
g_pn_37,27074560,27081472,19946256,19948928
g_pn_38,27082752,27089664,19948928,19951264
g_pn_39,27090944,27097856,19951264,19954224
g_pn_40,27099136,27106048,19954224,19957216
g_pn_41,27107328,27114240,19957216,19959296
g_pn_42,27115520,27122432,19959296,19961584
g_pn_43,27123712,27130624,19961584,19963984
g_pn_44,27131904,27138816,19963984,19966560
g_pn_45,27140096,27147008,19966560,19968896
g_pn_46,27148288,27155200,19968896,19970800
g_pn_47,27156480,27163392,19970800,19973856
g_pn_48,27164672,27171584,19973856,19975408
g_pn_49,27172864,27179776,19975408,19978160
g_pn_50,27181056,27187968,19978160,19980688
g_pn_51,27189248,27196160,19980688,19982944
g_pn_52,27197440,27204352,19982944,19985552
g_pn_53,27205632,27212544,19985552,19988080
g_pn_54,27213824,27220736,19988080,19990384
g_pn_55,27222016,27228928,19990384,19993008
g_pn_56,27230208,27237120,19993008,19995392
g_pn_57,27238400,27245312,19995392,19995904
z_select_static,27246592,27255296,19995904,19997936
nintendo_rogo_static,27258880,27270592,19997936,20003936
title_static,27271168,27506112,20003936,20138224
parameter_static,27508736,27523840,20138224,20142512
vr_fine0_static,27525120,27574272,20142512,20153408
vr_fine0_pal_static,27574272,27574528,20153408,0
vr_fine1_static,27578368,27627520,20153664,20178672
vr_fine1_pal_static,27627520,27627776,20178672,0
vr_fine2_static,27631616,27680768,20178928,20199328
vr_fine2_pal_static,27680768,27681024,20199328,0
vr_fine3_static,27684864,27734016,20199584,20215184
vr_fine3_pal_static,27734016,27734272,20215184,0
vr_cloud0_static,27738112,27787264,20215440,20243056
vr_cloud0_pal_static,27787264,27787520,20243056,0
vr_cloud1_static,27791360,27840512,20243312,20271792
vr_cloud1_pal_static,27840512,27840768,20271792,0
vr_cloud2_static,27844608,27893760,20272048,20301552
vr_cloud2_pal_static,27893760,27894016,20301552,0
vr_cloud3_static,27897856,27947008,20301808,20321920
vr_cloud3_pal_static,27947008,27947264,20321920,0
vr_holy0_static,27951104,28016640,20322176,20349072
vr_holy0_pal_static,28016640,28016896,20349072,0
vr_holy1_static,28020736,28086272,20349328,20376144
vr_holy1_pal_static,28086272,28086528,20376144,0
vr_MDVR_static,28090368,28352512,20376400,20559760
vr_MDVR_pal_static,28352512,28354560,20559760,0
vr_MNVR_static,28356608,28618752,20561808,20717728
vr_MNVR_pal_static,28618752,28620800,20717728,0
vr_RUVR_static,28622848,28884992,20719776,20939008
vr_RUVR_pal_static,28884992,28887040,20939008,0
vr_LHVR_static,28889088,29151232,20941056,21191008
vr_LHVR_pal_static,29151232,29153280,21191008,0
vr_KHVR_static,29155328,29417472,21193056,21430272
vr_KHVR_pal_static,29417472,29419520,21430272,0
vr_K3VR_static,29421568,29618176,21432320,21607232
vr_K3VR_pal_static,29618176,29619712,21607232,0
vr_K4VR_static,29622272,29818880,21608768,21791936
vr_K4VR_pal_static,29818880,29820416,21791936,0
vr_K5VR_static,29822976,30019584,21793472,21968304
vr_K5VR_pal_static,30019584,30021120,21968304,0
vr_SP1a_static,30023680,30154752,21969840,22029968
vr_SP1a_pal_static,30154752,30155776,22029968,0
vr_MLVR_static,30158848,30420992,22030992,22264544
vr_MLVR_pal_static,30420992,30423040,22264544,0
vr_KKRVR_static,30425088,30687232,22266592,22410736
vr_KKRVR_pal_static,30687232,30689280,22410736,0
vr_KR3VR_static,30691328,30887936,22412784,22525504
vr_KR3VR_pal_static,30887936,30889472,22525504,0
vr_IPVR_static,30892032,31154176,22527040,22668512
vr_IPVR_pal_static,31154176,31156224,22668512,0
vr_KSVR_static,31158272,31289344,22670560,22769136
vr_KSVR_pal_static,31289344,31290368,22769136,0
vr_GLVR_static,31293440,31424512,22770160,22885552
vr_GLVR_pal_static,31424512,31425536,22885552,0
vr_ZRVR_static,31428608,31559680,22886576,22984384
vr_ZRVR_pal_static,31559680,31560704,22984384,0
vr_DGVR_static,31563776,31694848,22985408,23069088
vr_DGVR_pal_static,31694848,31695872,23069088,0
vr_ALVR_static,31698944,31830016,23070112,23168816
vr_ALVR_pal_static,31830016,31831040,23168816,0
vr_NSVR_static,31834112,31965184,23169840,23257664
vr_NSVR_pal_static,31965184,31966208,23257664,0
vr_LBVR_static,31969280,32231424,23258688,23437392
vr_LBVR_pal_static,32231424,32233472,23437392,0
vr_TTVR_static,32235520,32432128,23439440,23573952
vr_TTVR_pal_static,32432128,32433664,23573952,0
vr_FCVR_static,32436224,32567296,23575488,23650512
vr_FCVR_pal_static,32567296,32568320,23650512,0
elf_message_field,32571392,32571504,23651536,23651680
elf_message_ydan,32575488,32575504,23651680,23651712
ddan_scene,32579584,32665920,23651712,23702784
ddan_room_0,32669696,32782496,23702784,23757200
ddan_room_1,32784384,32824064,23757200,23778928
ddan_room_2,32825344,32857504,23778928,23797216
ddan_room_3,32858112,32914880,23797216,23827216
ddan_room_4,32915456,32954448,23827216,23846848
ddan_room_5,32956416,32980704,23846848,23860224
ddan_room_6,32980992,32990208,23860224,23866400
ddan_room_7,32993280,33023696,23866400,23881424
ddan_room_8,33026048,33063936,23881424,23905312
ddan_room_9,33067008,33113424,23905312,23930944
ddan_room_10,33116160,33148496,23930944,23950752
ddan_room_11,33148928,33157248,23950752,23956064
ddan_room_12,33161216,33195824,23956064,23976672
ddan_room_13,33198080,33207424,23976672,23982928
ddan_room_14,33210368,33219728,23982928,23989136
ddan_room_15,33222656,33232976,23989136,23996208
ddan_room_16,33234944,33256784,23996208,24012160
spot00_scene,33259520,33432096,24012160,24119344
spot00_room_0,33435648,33522224,24119344,24156288
spot01_scene,33525760,33640784,24156288,24233984
spot01_room_0,33644544,33685280,24233984,24252160
spot02_scene,33685504,33733760,24252160,24281952
spot02_room_0,33734656,33744608,24281952,24285520
spot02_room_1,33746944,33869712,24285520,24360144
spot03_scene,33869824,33916256,24360144,24394032
spot03_room_0,33918976,33974656,24394032,24423376
spot03_room_1,33976320,34006272,24423376,24440672
spot04_scene,34009088,34079296,24440672,24485984
spot04_room_0,34082816,34194304,24485984,24550496
spot04_room_1,34197504,34231648,24550496,24570736
spot04_room_2,34234368,34254864,24570736,24583152
spot05_scene,34258944,34344288,24583152,24639456
spot05_room_0,34344960,34385664,24639456,24655808
spot06_scene,34385920,34497584,24655808,24733344
spot06_room_0,34500608,34543136,24733344,24753440
spot07_scene,34545664,34584608,24753440,24783344
spot07_room_0,34586624,34611952,24783344,24794368
spot07_room_1,34615296,34666912,24794368,24820864
spot08_scene,34668544,34739872,24820864,24874752
spot08_room_0,34742272,34775376,24874752,24890448
spot09_scene,34779136,34849120,24890448,24936736
spot09_room_0,34852864,34887120,24936736,24951728
spot10_scene,34889728,34956336,24951728,24995424
spot10_room_0,34959360,34969072,24995424,24999104
spot10_room_1,34971648,35005488,24999104,25017792
spot10_room_2,35008512,35027952,25017792,25027648
spot10_room_3,35028992,35052208,25027648,25040272
spot10_room_4,35053568,35062992,25040272,25043696
spot10_room_5,35065856,35094512,25043696,25057296
spot10_room_6,35094528,35109616,25057296,25066544
spot10_room_7,35110912,35120576,25066544,25070048
spot10_room_8,35123200,35133040,25070048,25073616
spot10_room_9,35135488,35150816,25073616,25082176
spot11_scene,35151872,35255520,25082176,25155008
spot11_room_0,35258368,35309504,25155008,25182160
spot12_scene,35311616,35376768,25182160,25223264
spot12_room_0,35377152,35448256,25223264,25261040
spot12_room_1,35450880,35500192,25261040,25288672
spot13_scene,35504128,35528240,25288672,25305104
spot13_room_0,35528704,35531024,25305104,25306448
spot13_room_1,35532800,35609152,25306448,25352416
spot15_scene,35610624,35710208,25352416,25420096
spot15_room_0,35713024,35766720,25420096,25443664
spot16_scene,35770368,35895952,25443664,25534416
spot16_room_0,35897344,35941520,25534416,25556464
spot17_scene,35942400,36007648,25556464,25601200
spot17_room_0,36007936,36034688,25601200,25615104
spot17_room_1,36036608,36111184,25615104,25650992
spot18_scene,36114432,36156496,25650992,25678112
spot18_room_0,36159488,36235216,25678112,25721024
spot18_room_1,36237312,36262400,25721024,25737024
spot18_room_2,36265984,36338096,25737024,25778464
spot18_room_3,36339712,36461808,25778464,25844192
market_day_scene,36462592,36472432,25844192,25849616
market_day_room_0,36474880,36497520,25849616,25855360
market_night_scene,36499456,36509232,25855360,25860672
market_night_room_0,36511744,36534176,25860672,25866272
HIDAN_scene,36536320,36645232,25866272,25929888
HIDAN_room_0,36646912,36676288,25929888,25943456
HIDAN_room_1,36679680,36731360,25943456,25968912
HIDAN_room_2,36732928,36798416,25968912,25997440
HIDAN_room_3,36798464,36807904,25997440,26002528
HIDAN_room_4,36810752,36841616,26002528,26017056
HIDAN_room_5,36843520,36885040,26017056,26033792
HIDAN_room_6,36888576,36917152,26033792,26048688
HIDAN_room_7,36917248,36932064,26048688,26056144
HIDAN_room_8,36933632,36973248,26056144,26076464
HIDAN_room_9,36974592,37009264,26076464,26091776
HIDAN_room_10,37011456,37110944,26091776,26132672
HIDAN_room_11,37113856,37128128,26132672,26139760
HIDAN_room_12,37130240,37141376,26139760,26144640
HIDAN_room_13,37142528,37194720,26144640,26164880
HIDAN_room_14,37195776,37204576,26164880,26169568
HIDAN_room_15,37208064,37212624,26169568,26172032
HIDAN_room_16,37216256,37263728,26172032,26196288
HIDAN_room_17,37265408,37302592,26196288,26212512
HIDAN_room_18,37306368,37321600,26212512,26220656
HIDAN_room_19,37322752,37339616,26220656,26229104
HIDAN_room_20,37343232,37371152,26229104,26243344
HIDAN_room_21,37371904,37405888,26243344,26261840
HIDAN_room_22,37408768,37436160,26261840,26275792
HIDAN_room_23,37437440,37465376,26275792,26290096
HIDAN_room_24,37466112,37487936,26290096,26300320
HIDAN_room_25,37490688,37518048,26300320,26314800
HIDAN_room_26,37519360,37546144,26314800,26326400
Bmori1_scene,37548032,37638032,26326400,26379232
Bmori1_room_0,37638144,37694400,26379232,26414256
Bmori1_room_1,37695488,37718880,26414256,26426112
Bmori1_room_2,37720064,37784112,26426112,26456672
Bmori1_room_3,37785600,37800464,26456672,26463840
Bmori1_room_4,37801984,37814960,26463840,26468784
Bmori1_room_5,37818368,37832160,26468784,26475808
Bmori1_room_6,37834752,37872832,26475808,26490912
Bmori1_room_7,37875712,37953536,26490912,26530192
Bmori1_room_8,37953536,38050672,26530192,26577664
Bmori1_room_9,38051840,38093200,26577664,26597360
Bmori1_room_10,38096896,38118368,26597360,26610928
Bmori1_room_11,38121472,38165456,26610928,26628640
Bmori1_room_12,38166528,38200288,26628640,26646480
Bmori1_room_13,38203392,38238896,26646480,26664608
Bmori1_room_14,38240256,38263728,26664608,26676512
Bmori1_room_15,38264832,38274704,26676512,26682992
Bmori1_room_16,38277120,38297504,26682992,26692528
Bmori1_room_17,38297600,38334800,26692528,26708224
Bmori1_room_18,38338560,38343488,26708224,26710896
Bmori1_room_19,38346752,38348048,26710896,26711712
Bmori1_room_20,38350848,38355712,26711712,26715216
Bmori1_room_21,38359040,38365056,26715216,26718352
Bmori1_room_22,38367232,38374880,26718352,26721760
ydan_scene,38375424,38431248,26721760,26755216
ydan_room_0,38432768,38519536,26755216,26808752
ydan_room_1,38522880,38539600,26808752,26822400
ydan_room_2,38543360,38567472,26822400,26839936
ydan_room_3,38567936,38650272,26839936,26895872
ydan_room_4,38653952,38673360,26895872,26910192
ydan_room_5,38674432,38708000,26910192,26933856
ydan_room_6,38711296,38731456,26933856,26949408
ydan_room_7,38731776,38766864,26949408,26977984
ydan_room_8,38768640,38771968,26977984,26980176
ydan_room_9,38772736,38811808,26980176,27011616
ydan_room_10,38813696,38833536,27011616,27025152
ydan_room_11,38834176,38863216,27025152,27042800
kenjyanoma_scene,38866944,38881520,27042800,27048688
kenjyanoma_room_0,38883328,38961424,27048688,27087696
tokinoma_scene,38965248,39040928,27087696,27120304
tokinoma_room_0,39043072,39137760,27120304,27152432
tokinoma_room_1,39141376,39170256,27152432,27163968
link_home_scene,39174144,39181152,27163968,27167152
link_home_room_0,39182336,39345280,27167152,27197360
kokiri_shop_scene,39346176,39348608,27197360,27198832
kokiri_shop_room_0,39350272,39550096,27198832,27230592
MIZUsin_scene,39550976,39640304,27230592,27278976
MIZUsin_room_0,39641088,39730304,27278976,27324176
MIZUsin_room_1,39731200,39772512,27324176,27344272
MIZUsin_room_2,39776256,39799696,27344272,27357760
MIZUsin_room_3,39800832,39827216,27357760,27372080
MIZUsin_room_4,39829504,39854048,27372080,27386400
MIZUsin_room_5,39854080,39896560,27386400,27412192
MIZUsin_room_6,39899136,39944896,27412192,27438288
MIZUsin_room_7,39948288,39970128,27438288,27450560
MIZUsin_room_8,39972864,40029392,27450560,27484128
MIZUsin_room_9,40030208,40062944,27484128,27502224
MIZUsin_room_10,40062976,40087472,27502224,27514864
MIZUsin_room_11,40087552,40106416,27514864,27525584
MIZUsin_room_12,40108032,40136080,27525584,27539776
MIZUsin_room_13,40136704,40139264,27539776,27541200
MIZUsin_room_14,40140800,40169056,27541200,27556144
MIZUsin_room_15,40169472,40199216,27556144,27573664
MIZUsin_room_16,40202240,40217296,27573664,27583312
MIZUsin_room_17,40218624,40253984,27583312,27600688
MIZUsin_room_18,40255488,40272064,27600688,27610768
MIZUsin_room_19,40275968,40290608,27610768,27620560
MIZUsin_room_20,40292352,40318784,27620560,27636304
MIZUsin_room_21,40321024,40350880,27636304,27652688
MIZUsin_room_22,40353792,40390896,27652688,27672224
kokiri_home_scene,40394752,40398016,27672224,27674128
kokiri_home_room_0,40398848,40578096,27674128,27708784
kakusiana_scene,40579072,40634400,27708784,27749936
kakusiana_room_0,40636416,40665760,27749936,27768400
kakusiana_room_1,40669184,40690064,27768400,27782944
kakusiana_room_2,40693760,40704192,27782944,27789600
kakusiana_room_3,40706048,40726832,27789600,27804160
kakusiana_room_4,40730624,40761696,27804160,27826608
kakusiana_room_5,40763392,40781536,27826608,27841648
kakusiana_room_6,40783872,40807024,27841648,27855888
kakusiana_room_7,40808448,40824784,27855888,27867552
kakusiana_room_8,40824832,40838704,27867552,27875536
kakusiana_room_9,40841216,40864464,27875536,27889824
kakusiana_room_10,40865792,40888880,27889824,27909360
kakusiana_room_11,40890368,40924848,27909360,27930704
kakusiana_room_12,40927232,40959568,27930704,27951056
kakusiana_room_13,40960000,40988368,27951056,27972128
entra_scene,40988672,40989664,27972128,27972752
entra_room_0,40992768,41147248,27972752,28002832
bdan_scene,41148416,41236416,28002832,28059488
bdan_room_0,41238528,41255024,28059488,28068352
bdan_room_1,41259008,41283216,28068352,28077920
bdan_room_2,41283584,41320912,28077920,28099200
bdan_room_3,41324544,41353568,28099200,28118032
bdan_room_4,41357312,41373776,28118032,28126048
bdan_room_5,41377792,41402400,28126048,28141680
bdan_room_6,41406464,41423424,28141680,28148960
bdan_room_7,41426944,41440544,28148960,28156336
bdan_room_8,41443328,41457792,28156336,28161344
bdan_room_9,41459712,41475184,28161344,28167456
bdan_room_10,41476096,41490480,28167456,28172400
bdan_room_11,41492480,41506816,28172400,28177376
bdan_room_12,41508864,41524432,28177376,28183568
bdan_room_13,41525248,41536336,28183568,28191968
bdan_room_14,41537536,41562592,28191968,28206560
bdan_room_15,41566208,41576160,28206560,28210256
HAKAdan_scene,41578496,41677760,28210256,28268592
HAKAdan_room_0,41680896,41726144,28268592,28283888
HAKAdan_room_1,41730048,41736896,28283888,28287568
HAKAdan_room_2,41738240,41781520,28287568,28309904
HAKAdan_room_3,41783296,41793856,28309904,28316608
HAKAdan_room_4,41795584,41802816,28316608,28320416
HAKAdan_room_5,41803776,41826912,28320416,28332112
HAKAdan_room_6,41828352,41858416,28332112,28345952
HAKAdan_room_7,41861120,41867952,28345952,28349600
HAKAdan_room_8,41869312,41889888,28349600,28359472
HAKAdan_room_9,41893888,41945952,28359472,28384304
HAKAdan_room_10,41947136,41977760,28384304,28399632
HAKAdan_room_11,41979904,41995584,28399632,28408896
HAKAdan_room_12,41996288,42018592,28408896,28420224
HAKAdan_room_13,42020864,42024880,28420224,28423120
HAKAdan_room_14,42024960,42047808,28423120,28434944
HAKAdan_room_15,42049536,42078832,28434944,28447392
HAKAdan_room_16,42082304,42092672,28447392,28452864
HAKAdan_room_17,42094592,42106064,28452864,28459360
HAKAdan_room_18,42106880,42160768,28459360,28478240
HAKAdan_room_19,42164224,42175776,28478240,28485104
HAKAdan_room_20,42176512,42184224,28485104,28489152
HAKAdan_room_21,42184704,42230960,28489152,28513184
HAKAdan_room_22,42233856,42244512,28513184,28520032
moribossroom_scene,42246144,42252544,28520032,28525200
moribossroom_room_0,42254336,42278592,28525200,28540160
moribossroom_room_1,42278912,42334896,28540160,28568256
syatekijyou_scene,42336256,42386112,28568256,28598224
syatekijyou_room_0,42389504,42419952,28598224,28608096
men_scene,42422272,42493232,28608096,28654592
men_room_0,42496000,42561424,28654592,28691904
men_room_1,42561536,42599056,28691904,28714192
men_room_2,42602496,42622848,28714192,28724736
men_room_3,42622976,42654752,28724736,28744336
men_room_4,42655744,42697040,28744336,28771696
men_room_5,42700800,42721504,28771696,28785872
men_room_6,42725376,42757952,28785872,28806208
men_room_7,42758144,42791728,28806208,28828016
men_room_8,42795008,42828304,28828016,28841920
men_room_9,42831872,42846448,28841920,28850416
men_room_10,42848256,42871904,28850416,28865984
shop1_scene,42872832,42873584,28865984,28866448
shop1_room_0,42876928,43046832,28866448,28888816
hairal_niwa_scene,43048960,43119504,28888816,28933760
hairal_niwa_room_0,43122688,43165920,28933760,28950096
ganon_tou_scene,43167744,43187056,28950096,28964128
ganon_tou_room_0,43188224,43268848,28964128,29013808
market_alley_scene,43270144,43274832,29013808,29016240
market_alley_room_0,43278336,43759360,29016240,29085728
spot20_scene,43761664,43834816,29085728,29130704
spot20_room_0,43835392,43861712,29130704,29140992
market_ruins_scene,43864064,43869744,29140992,29144144
market_ruins_room_0,43872256,43882528,29144144,29146656
entra_n_scene,43884544,43885616,29146656,29147312
entra_n_room_0,43888640,44043120,29147312,29167824
enrui_scene,44044288,44045280,29167824,29168448
enrui_room_0,44048384,44202848,29168448,29194528
market_alley_n_scene,44204032,44208880,29194528,29197072
market_alley_n_room_0,44212224,44693232,29197072,29249328
hiral_demo_scene,44695552,44711248,29249328,29255264
hiral_demo_room_0,44711936,44713536,29255264,29255712
kokiri_home3_scene,44716032,44722080,29255712,29259104
kokiri_home3_room_0,44724224,44946960,29259104,29303632
jyasinzou_scene,44949504,45054784,29303632,29368384
jyasinzou_room_0,45056000,45125440,29368384,29403696
jyasinzou_room_1,45125632,45163264,29403696,29422224
jyasinzou_room_2,45166592,45190160,29422224,29432880
jyasinzou_room_3,45191168,45206352,29432880,29442192
jyasinzou_room_4,45207552,45236848,29442192,29459264
jyasinzou_room_5,45240320,45338432,29459264,29508800
jyasinzou_room_6,45338624,45357056,29508800,29516960
jyasinzou_room_7,45359104,45380880,29516960,29526832
jyasinzou_room_8,45383680,45416560,29526832,29542592
jyasinzou_room_9,45420544,45444592,29542592,29553344
jyasinzou_room_10,45445120,45478304,29553344,29568624
jyasinzou_room_11,45481984,45486096,29568624,29571264
jyasinzou_room_12,45490176,45498464,29571264,29576400
jyasinzou_room_13,45502464,45525072,29576400,29590288
jyasinzou_room_14,45527040,45546640,29590288,29600000
jyasinzou_room_15,45547520,45581424,29600000,29615728
jyasinzou_room_16,45584384,45609360,29615728,29627216
jyasinzou_room_17,45613056,45651472,29627216,29643904
jyasinzou_room_18,45654016,45677744,29643904,29655968
jyasinzou_room_19,45678592,45702624,29655968,29666688
jyasinzou_room_20,45703168,45736384,29666688,29681968
jyasinzou_room_21,45740032,45758032,29681968,29691408
jyasinzou_room_22,45760512,45773008,29691408,29698576
jyasinzou_room_23,45776896,45814160,29698576,29717600
jyasinzou_room_24,45817856,45843632,29717600,29729424
jyasinzou_room_25,45846528,45935472,29729424,29775536
jyasinzou_room_26,45936640,45988640,29775536,29803600
jyasinzou_room_27,45989888,46012096,29803600,29811376
jyasinzou_room_28,46014464,46049824,29811376,29829136
ice_doukutu_scene,46051328,46122512,29829136,29886400
ice_doukutu_room_0,46125056,46159456,29886400,29913872
ice_doukutu_room_1,46161920,46212416,29913872,29949952
ice_doukutu_room_2,46215168,46238448,29949952,29968048
ice_doukutu_room_3,46239744,46272640,29968048,29990896
ice_doukutu_room_4,46276608,46306928,29990896,30013456
ice_doukutu_room_5,46309376,46344336,30013456,30036960
ice_doukutu_room_6,46346240,46363232,30036960,30049040
ice_doukutu_room_7,46366720,46389488,30049040,30062176
ice_doukutu_room_8,46391296,46397776,30062176,30065904
ice_doukutu_room_9,46399488,46433872,30065904,30087248
ice_doukutu_room_10,46436352,46453728,30087248,30101136
ice_doukutu_room_11,46456832,46479616,30101136,30116512
malon_stable_scene,46481408,46483056,30116512,30117440
malon_stable_room_0,46485504,46674512,30117440,30147792
kakariko_scene,46678016,46681760,30147792,30150016
kakariko_room_0,46682112,46858176,30150016,30172656
bdan_boss_scene,46858240,46861888,30172656,30175040
bdan_boss_room_0,46862336,46874656,30175040,30182656
bdan_boss_room_1,46878720,46899392,30182656,30193504
FIRE_bs_scene,46903296,46922752,30193504,30205920
FIRE_bs_room_0,46923776,46940784,30205920,30215568
FIRE_bs_room_1,46944256,46972896,30215568,30230720
hut_scene,46972928,46974224,30230720,30231488
hut_room_0,46977024,47146400,30231488,30252528
daiyousei_izumi_scene,47149056,47206400,30252528,30280288
daiyousei_izumi_room_0,47206400,47221008,30280288,30286208
hakaana_scene,47222784,47225488,30286208,30287792
hakaana_room_0,47226880,47257808,30287792,30305392
yousei_izumi_tate_scene,47259648,47294480,30305392,30329072
yousei_izumi_tate_room_0,47296512,47313616,30329072,30336096
yousei_izumi_yoko_scene,47316992,47369632,30336096,30360128
yousei_izumi_yoko_room_0,47370240,47386640,30360128,30367008
golon_scene,47390720,47391648,30367008,30367600
golon_room_0,47394816,47550928,30367600,30386416
zoora_scene,47554560,47555472,30386416,30387008
zoora_room_0,47558656,47714784,30387008,30408096
drag_scene,47718400,47719408,30408096,30408720
drag_room_0,47722496,47902304,30408720,30434208
alley_shop_scene,47902720,47904176,30434208,30435104
alley_shop_room_0,47906816,48065584,30435104,30454736
night_shop_scene,48066560,48068208,30454736,30455808
night_shop_room_0,48070656,48236896,30455808,30477408
impa_scene,48238592,48241936,30477408,30479280
impa_room_0,48242688,48402336,30479280,30497760
labo_scene,48402432,48406256,30497760,30499856
labo_room_0,48406528,48588528,30499856,30528256
tent_scene,48590848,48592512,30528256,30529248
tent_room_0,48594944,48805536,30529248,30566752
nakaniwa_scene,48807936,48822816,30566752,30573152
nakaniwa_room_0,48824320,48922304,30573152,30630960
ddan_boss_scene,48922624,48932960,30630960,30639888
ddan_boss_room_0,48934912,48954928,30639888,30649136
ddan_boss_room_1,48955392,48971216,30649136,30659536
ydan_boss_scene,48971776,48977728,30659536,30664464
ydan_boss_room_0,48979968,49008624,30664464,30688656
ydan_boss_room_1,49008640,49035248,30688656,30704448
HAKAdan_bs_scene,49037312,49047424,30704448,30711712
HAKAdan_bs_room_0,49049600,49060320,30711712,30716000
HAKAdan_bs_room_1,49061888,49086288,30716000,30730880
MIZUsin_bs_scene,49086464,49093216,30730880,30734528
MIZUsin_bs_room_0,49094656,49112176,30734528,30745936
MIZUsin_bs_room_1,49115136,49160944,30745936,30769552
ganon_scene,49164288,49231792,30769552,30810000
ganon_room_0,49233920,49266384,30810000,30823664
ganon_room_1,49266688,49297264,30823664,30834656
ganon_room_2,49299456,49330256,30834656,30847872
ganon_room_3,49332224,49362736,30847872,30859568
ganon_room_4,49364992,49402064,30859568,30877536
ganon_room_5,49405952,49441552,30877536,30893504
ganon_room_6,49442816,49482656,30893504,30911120
ganon_room_7,49483776,49526688,30911120,30929088
ganon_room_8,49528832,49556448,30929088,30941648
ganon_room_9,49557504,49580320,30941648,30956896
ganon_boss_scene,49582080,49613856,30956896,30981120
ganon_boss_room_0,49614848,49639040,30981120,30987120
jyasinboss_scene,49639424,49675504,30987120,31005440
jyasinboss_room_0,49676288,49680336,31005440,31007600
jyasinboss_room_1,49680384,49712704,31007600,31023856
jyasinboss_room_2,49713152,49728960,31023856,31030400
jyasinboss_room_3,49729536,49776384,31030400,31059648
kokiri_home4_scene,49778688,49785520,31059648,31063712
kokiri_home4_room_0,49786880,50018640,31063712,31115456
kokiri_home5_scene,50020352,50025488,31115456,31118464
kokiri_home5_room_0,50028544,50229088,31118464,31157104
ganon_final_scene,50229248,50303360,31157104,31210512
ganon_final_room_0,50307072,50359984,31210512,31231056
kakariko3_scene,50360320,50362432,31231056,31232272
kakariko3_room_0,50364416,50537856,31232272,31258912
hakasitarelay_scene,50540544,50598512,31258912,31296256
hakasitarelay_room_0,50601984,50631360,31296256,31314096
hakasitarelay_room_1,50634752,50661152,31314096,31329072
hakasitarelay_room_2,50663424,50697392,31329072,31347696
hakasitarelay_room_3,50700288,50736352,31347696,31370224
hakasitarelay_room_4,50737152,50754688,31370224,31383280
hakasitarelay_room_5,50757632,50775120,31383280,31395600
hakasitarelay_room_6,50778112,50809520,31395600,31415872
shrine_scene,50810880,50816224,31415872,31418768
shrine_room_0,50819072,51157744,31418768,31473968
turibori_scene,51159040,51234528,31473968,31526576
turibori_room_0,51236864,51263328,31526576,31538816
shrine_n_scene,51265536,51270912,31538816,31541728
shrine_n_room_0,51273728,51612432,31541728,31583744
shrine_r_scene,51613696,51618960,31583744,31586544
shrine_r_room_0,51621888,51960560,31586544,31629424
ganontika_scene,51961856,52099008,31629424,31713920
ganontika_room_0,52101120,52138432,31713920,31726800
ganontika_room_1,52142080,52259248,31726800,31779264
ganontika_room_2,52260864,52291552,31779264,31795104
ganontika_room_3,52293632,52332944,31795104,31815792
ganontika_room_4,52334592,52366480,31815792,31830896
ganontika_room_5,52367360,52397376,31830896,31845008
ganontika_room_6,52400128,52464624,31845008,31867392
ganontika_room_7,52465664,52497552,31867392,31883008
ganontika_room_8,52498432,52535408,31883008,31898400
ganontika_room_9,52539392,52586640,31898400,31913792
ganontika_room_10,52588544,52616048,31913792,31926192
ganontika_room_11,52617216,52644176,31926192,31938384
ganontika_room_12,52645888,52691824,31938384,31958336
ganontika_room_13,52695040,52727104,31958336,31974128
ganontika_room_14,52727808,52769184,31974128,31990672
ganontika_room_15,52772864,52804928,31990672,32006464
ganontika_room_16,52805632,52817440,32006464,32010960
ganontika_room_17,52817920,52852384,32010960,32022976
ganontika_room_18,52854784,52905584,32022976,32042128
ganontika_room_19,52908032,52940096,32042128,32057904
hakaana2_scene,52940800,52994192,32057904,32096752
hakaana2_room_0,52998144,53024784,32096752,32107600
gerudoway_scene,53026816,53082400,32107600,32139296
gerudoway_room_0,53084160,53103936,32139296,32149088
gerudoway_room_1,53104640,53134000,32149088,32163456
gerudoway_room_2,53137408,53153360,32163456,32169904
gerudoway_room_3,53153792,53199632,32169904,32190992
gerudoway_room_4,53202944,53217568,32190992,32197280
gerudoway_room_5,53219328,53239360,32197280,32205200
HAKAdanCH_scene,53239808,53290336,32205200,32235984
HAKAdanCH_room_0,53293056,53380592,32235984,32278416
HAKAdanCH_room_1,53383168,53428944,32278416,32297360
HAKAdanCH_room_2,53432320,53445008,32297360,32302592
HAKAdanCH_room_3,53448704,53455968,32302592,32306176
HAKAdanCH_room_4,53456896,53466192,32306176,32311888
HAKAdanCH_room_5,53469184,53479776,32311888,32318160
HAKAdanCH_room_6,53481472,53493376,32318160,32327136
hairal_niwa_n_scene,53493760,53530864,32327136,32352768
hairal_niwa_n_room_0,53534720,53548576,32352768,32357760
bowling_scene,53551104,53611296,32357760,32391824
bowling_room_0,53612544,53637600,32391824,32401872
hakaana_ouke_scene,53641216,53660384,32401872,32413472
hakaana_ouke_room_0,53661696,53704704,32413472,32432896
hakaana_ouke_room_1,53706752,53725184,32432896,32443072
hakaana_ouke_room_2,53727232,53752080,32443072,32459184
hylia_labo_scene,53755904,53825680,32459184,32498816
hylia_labo_room_0,53829632,53859792,32498816,32510240
souko_scene,53862400,53890064,32510240,32526096
souko_room_0,53891072,53929280,32526096,32546832
souko_room_1,53932032,53974064,32546832,32568608
souko_room_2,53977088,54010240,32568608,32586048
miharigoya_scene,54013952,54064464,32586048,32615936
miharigoya_room_0,54067200,54082992,32615936,32621536
mahouya_scene,54083584,54127136,32621536,32650368
mahouya_room_0,54128640,54155920,32650368,32660880
takaraya_scene,54157312,54186416,32660880,32676720
takaraya_room_0,54190080,54230464,32676720,32698576
takaraya_room_1,54231040,54239232,32698576,32702464
takaraya_room_2,54239232,54247472,32702464,32706384
takaraya_room_3,54251520,54261792,32706384,32711936
takaraya_room_4,54263808,54276128,32711936,32718832
takaraya_room_5,54280192,54292480,32718832,32725680
takaraya_room_6,54292480,54303488,32725680,32731584
ganon_sonogo_scene,54304768,54337296,32731584,32750176
ganon_sonogo_room_0,54337536,54369920,32750176,32764192
ganon_sonogo_room_1,54370304,54401968,32764192,32778080
ganon_sonogo_room_2,54403072,54439072,32778080,32796336
ganon_sonogo_room_3,54439936,54462016,32796336,32805808
ganon_sonogo_room_4,54464512,54500592,32805808,32823472
ganon_demo_scene,54501376,54538352,32823472,32853456
ganon_demo_room_0,54542336,54559056,32853456,32862448
face_shop_scene,54562816,54563696,32862448,32863008
face_shop_room_0,54566912,54756928,32863008,32897568
kinsuta_scene,54759424,54765072,32897568,32901056
kinsuta_room_0,54767616,54825120,32901056,32941056
ganontikasonogo_scene,54829056,54848256,32941056,32952096
ganontikasonogo_room_0,54849536,54946688,32952096,32995232
ganontikasonogo_room_1,54947840,54988576,32995232,33011840
bump_texture_static,54988800,54989824,33011840,33012512
anime_model_1_static,54992896,54992912,33012512,33012544
anime_model_2_static,54996992,54997008,33012544,33012576
anime_model_3_static,55001088,55001104,33012576,33012608
anime_model_4_static,55005184,55005200,33012608,33012640
anime_model_5_static,55009280,55009296,33012640,33012672
anime_model_6_static,55013376,55013392,33012672,33012704
anime_texture_1_static,55017472,55017488,33012704,33012736
anime_texture_2_static,55021568,55021584,33012736,33012768
anime_texture_3_static,55025664,55025680,33012768,33012800
anime_texture_4_static,55029760,55029776,33012800,33012832
anime_texture_5_static,55033856,55033872,33012832,33012864
anime_texture_6_static,55037952,55037968,33012864,33012896
softsprite_matrix_static,55042048,55042112,33012896,33012928
