makerom,0,4192,0,0
boot,4192,114768,4192,0
dmadata,114768,139824,114768,0
Audiobank,139824,295072,139824,0
Audioseq,295072,627984,295072,0
Audiotable,627984,6161600,627984,0
kanji,6161600,6670272,6161600,0
link_animetion,6672384,9852928,6670272,0
icon_item_static,9854976,10600864,9850816,10128336
icon_item_24_static,10604544,10635008,10128336,0
icon_item_field_static,10637312,10722032,10158800,10200560
icon_item_dungeon_static,10723328,10742656,10200560,10205584
icon_item_gameover_static,10743808,10756864,10205584,10211472
icon_item_jpn_static,10760192,10790784,10211472,10224208
map_i_static,10792960,10797840,10224208,0
map_grand_static,10797840,10835552,10229088,0
item_name_static,10835552,10912368,10266800,0
map_name_static,10912368,10919520,10343616,0
PLACEHOLDER_01,10919520,11218160,10350768,0
PLACEHOLDER_02,11218160,11263760,10649408,0
PLACEHOLDER_03,11264000,11277936,10695008,0
story_static,11280384,11435008,10708944,10820720
do_action_static,11436032,11452160,10820720,0
message_static,11452416,11473280,10836848,0
message_texture_static,11476992,11481600,10857712,0
nes_font_static,11485184,11502976,10862320,0
jpn_message_data_static,11505664,11915504,10880112,0
staff_message_data_static,11919360,11922656,11289952,0
code,11923456,13220448,11293248,12067424
ovl_title,13220448,13223216,12067424,12069376
ovl_select,13223216,13236800,12069376,12077440
ovl_opening,13236800,13237552,12077440,12078000
ovl_file_choose,13237552,13305392,12078000,12116784
ovl_daytelop,13305392,13309984,12116784,12118672
ovl_kaleido_scope,13309984,13409376,12118672,12177712
ovl_Player_Actor,13409376,13625664,12177712,12323520
ovl_En_Test,13625664,13629008,12323520,12326224
ovl_En_GirlA,13629008,13635920,12326224,12329488
ovl_En_Part,13635920,13637488,12329488,12330848
ovl_En_Light,13637488,13641168,12330848,12333392
ovl_En_Door,13641168,13646224,12333392,12337376
ovl_En_Box,13646224,13654848,12337376,12343664
ovl_En_Pametfrog,13654848,13671376,12343664,12354544
ovl_En_Okuta,13671376,13683648,12354544,12363120
ovl_En_Bom,13683648,13698144,12363120,12372496
ovl_En_Wallmas,13698144,13705920,12372496,12378000
ovl_En_Dodongo,13705920,13718336,12378000,12386768
ovl_En_Firefly,13718336,13726480,12386768,12392432
ovl_En_Horse,13726480,13786848,12392432,12427840
ovl_En_Arrow,13786848,13795680,12427840,12434112
ovl_En_Elf,13795680,13814960,12434112,12447264
ovl_En_Niw,13814960,13825312,12447264,12454928
ovl_En_Tite,13825312,13839456,12454928,12464464
ovl_En_Peehat,13839456,13850240,12464464,12471888
ovl_En_Holl,13850240,13853696,12471888,12474512
ovl_En_Dinofos,13853696,13870592,12474512,12485680
ovl_En_Hata,13870592,13871792,12485680,12486752
ovl_En_Zl1,13871792,13871936,12486752,12486848
ovl_En_Viewer,13871936,13873648,12486848,12488112
ovl_En_Bubble,13873648,13878784,12488112,12492016
ovl_Door_Shutter,13878784,13885920,12492016,12497168
ovl_En_Boom,13885920,13889216,12497168,12499984
ovl_En_Torch2,13889216,13890432,12499984,12501040
ovl_En_Minifrog,13890432,13897056,12501040,12505792
ovl_En_St,13897056,13907680,12505792,12513232
ovl_Obj_Wturn,13907680,13908960,12513232,12514240
ovl_En_River_Sound,13908960,13909552,12514240,12514800
ovl_En_Ossan,13909552,13928320,12514800,12526144
ovl_En_Famos,13928320,13936416,12526144,12531472
ovl_En_Bombf,13936416,13941552,12531472,12535504
ovl_En_Am,13941552,13947280,12535504,12539632
ovl_En_Dekubaba,13947280,13963408,12539632,12550192
ovl_En_M_Fire1,13963408,13963808,12550192,12550528
ovl_En_M_Thunder,13963808,13971904,12550528,12555792
ovl_Bg_Breakwall,13971904,13976304,12555792,12558848
ovl_Door_Warp1,13976304,13991728,12558848,12568912
ovl_Obj_Syokudai,13991728,13995264,12568912,12571776
ovl_Item_B_Heart,13995264,13996272,12571776,12572592
ovl_En_Dekunuts,13996272,14004528,12572592,12578096
ovl_En_Bbfall,14004528,14012224,12578096,12583984
ovl_Arms_Hook,14012224,14015568,12583984,12586640
ovl_En_Bb,14015568,14023008,12586640,12592192
ovl_Bg_Keikoku_Spr,14023008,14023440,12592192,12592560
ovl_En_Wood02,14023440,14028416,12592560,12596480
ovl_En_Death,14028416,14049200,12596480,12610944
ovl_En_Minideath,14049200,14057808,12610944,12616992
ovl_En_Vm,14057808,14063152,12616992,12621056
ovl_Demo_Effect,14063152,14066496,12621056,12623776
ovl_Demo_Kankyo,14066496,14075248,12623776,12629488
ovl_En_Floormas,14075248,14089488,12629488,12638464
ovl_En_Rd,14089488,14103616,12638464,12646880
ovl_Bg_F40_Flift,14103616,14104512,12646880,12647600
ovl_Bg_Heavy_Block,14104512,14110784,12647600,12652208
ovl_Obj_Mure,14110784,14114992,12652208,12655152
ovl_En_Sw,14114992,14128624,12655152,12664720
ovl_Object_Kankyo,14128624,14138656,12664720,12671584
ovl_En_Horse_Link_Child,14138656,14145840,12671584,12675840
ovl_Door_Ana,14145840,14147520,12675840,12677184
ovl_En_Encount1,14147520,14149328,12677184,12678544
ovl_Demo_Tre_Lgt,14149328,14151152,12678544,12680048
ovl_En_Encount2,14151152,14153840,12680048,12682288
ovl_En_Fire_Rock,14153840,14153984,12682288,12682384
ovl_Bg_Ctower_Rot,14153984,14155408,12682384,12683520
ovl_Mir_Ray,14155408,14161824,12683520,12688704
ovl_En_Sb,14161824,14166144,12688704,12691744
ovl_En_Bigslime,14166144,14215872,12691744,12723024
ovl_En_Karebaba,14215872,14223728,12723024,12728416
ovl_En_In,14223728,14241200,12728416,12739168
ovl_En_Bom_Chu,14241200,14246816,12739168,12743584
ovl_En_Horse_Game_Check,14246816,14251776,12743584,12746784
ovl_En_Rr,14251776,14261840,12746784,12754192
ovl_En_Fr,14261840,14262208,12754192,12754480
ovl_En_Fishing,14262208,14342880,12754480,12809056
ovl_Obj_Oshihiki,14342880,14349200,12809056,12813472
ovl_Eff_Dust,14349200,14354304,12813472,12816672
ovl_Bg_Umajump,14354304,14356624,12816672,12818368
ovl_En_Insect,14356624,14362768,12818368,12822432
ovl_En_Butte,14362768,14368288,12822432,12826400
ovl_En_Fish,14368288,14378720,12826400,12833456
ovl_Item_Etcetera,14378720,14379856,12833456,12834304
ovl_Arrow_Fire,14379856,14388272,12834304,12841424
ovl_Arrow_Ice,14388272,14396144,12841424,12847680
ovl_Arrow_Light,14396144,14403984,12847680,12854016
ovl_Obj_Kibako,14403984,14409120,12854016,12857648
ovl_Obj_Tsubo,14409120,14418160,12857648,12863200
ovl_En_Ik,14418160,14429456,12863200,12870928
ovl_Demo_Shd,14429456,14429600,12870928,12871024
ovl_En_Dns,14429600,14436096,12871024,12875744
ovl_Elf_Msg,14436096,14437504,12875744,12876768
ovl_En_Honotrap,14437504,14446416,12876768,12883136
ovl_En_Tubo_Trap,14446416,14449872,12883136,12885648
ovl_Obj_Ice_Poly,14449872,14453760,12885648,12888704
ovl_En_Fz,14453760,14463312,12888704,12895360
ovl_En_Kusa,14463312,14471744,12895360,12901776
ovl_Obj_Bean,14471744,14481664,12901776,12908304
ovl_Obj_Bombiwa,14481664,14487840,12908304,12912864
ovl_Obj_Switch,14487840,14498048,12912864,12919056
ovl_Obj_Lift,14498048,14500832,12919056,12921376
ovl_Obj_Hsblock,14500832,14502240,12921376,12922512
ovl_En_Okarina_Tag,14502240,14503696,12922512,12923680
ovl_En_Goroiwa,14503696,14523168,12923680,12937632
ovl_En_Daiku,14523168,14526672,12937632,12940368
ovl_En_Nwc,14526672,14531648,12940368,12944192
ovl_Item_Inbox,14531648,14532000,12944192,12944464
ovl_En_Ge1,14532000,14536176,12944464,12947552
ovl_Obj_Blockstop,14536176,14536736,12947552,12948048
ovl_En_Sda,14536736,14542448,12948048,12951840
ovl_En_Clear_Tag,14542448,14566928,12951840,12966704
ovl_En_Gm,14566928,14585168,12966704,12978496
ovl_En_Ms,14585168,14586752,12978496,12979744
ovl_En_Hs,14586752,14590400,12979744,12982544
ovl_Bg_Ingate,14590400,14594160,12982544,12985456
ovl_En_Kanban,14594160,14608384,12985456,12994224
ovl_En_Attack_Niw,14608384,14613024,12994224,12997616
ovl_En_Mk,14613024,14617728,12997616,13000992
ovl_En_Owl,14617728,14630608,13000992,13009392
ovl_En_Ishi,14630608,14639872,13009392,13016160
ovl_Obj_Hana,14639872,14640096,13016160,13016352
ovl_Obj_Lightswitch,14640096,14644448,13016352,13019264
ovl_Obj_Mure2,14644448,14646992,13019264,13021152
ovl_En_Fu,14646992,14663232,13021152,13031936
ovl_En_Stream,14663232,14664608,13031936,13033120
ovl_En_Mm,14664608,14666752,13033120,13034848
ovl_En_Weather_Tag,14666752,14672320,13034848,13038352
ovl_En_Ani,14672320,14675872,13038352,13040944
ovl_En_Js,14675872,14686352,13040944,13047744
ovl_En_Okarina_Effect,14686352,14687040,13047744,13048272
ovl_En_Mag,14687040,14703152,13048272,13056560
ovl_Elf_Msg2,14703152,14704496,13056560,13057472
ovl_Bg_F40_Swlift,14704496,14705632,13057472,13058448
ovl_En_Kakasi,14705632,14717152,13058448,13065840
ovl_Obj_Makeoshihiki,14717152,14717968,13065840,13066592
ovl_Oceff_Spot,14717968,14721824,13066592,13069888
ovl_En_Torch,14721824,14722064,13069888,13070112
ovl_Shot_Sun,14722064,14723696,13070112,13071440
ovl_Obj_Roomtimer,14723696,14724368,13071440,13071984
ovl_En_Ssh,14724368,14734176,13071984,13078704
ovl_Oceff_Wipe,14734176,14737616,13078704,13081680
ovl_Effect_Ss_Dust,14737616,14739648,13081680,13083328
ovl_Effect_Ss_Kirakira,14739648,14741296,13083328,13084736
ovl_Effect_Ss_Bomb2,14741296,14743440,13084736,13086464
ovl_Effect_Ss_Blast,14743440,14744304,13086464,13087296
ovl_Effect_Ss_G_Spk,14744304,14745712,13087296,13088560
ovl_Effect_Ss_D_Fire,14745712,14746752,13088560,13089536
ovl_Effect_Ss_Bubble,14746752,14748144,13089536,13090736
ovl_Effect_Ss_G_Ripple,14748144,14749456,13090736,13091904
ovl_Effect_Ss_G_Splash,14749456,14750512,13091904,13092752
ovl_Effect_Ss_G_Fire,14750512,14751040,13092752,13093248
ovl_Effect_Ss_Lightning,14751040,14752800,13093248,13094848
ovl_Effect_Ss_Dt_Bubble,14752800,14754096,13094848,13095984
ovl_Effect_Ss_Hahen,14754096,14755536,13095984,13097120
ovl_Effect_Ss_Stick,14755536,14756240,13097120,13097776
ovl_Effect_Ss_Sibuki,14756240,14757872,13097776,13099232
ovl_Effect_Ss_Stone1,14757872,14758736,13099232,13100048
ovl_Effect_Ss_Hitmark,14758736,14760016,13100048,13101152
ovl_Effect_Ss_Fhg_Flash,14760016,14762704,13101152,13102832
ovl_Effect_Ss_K_Fire,14762704,14763792,13102832,13103872
ovl_Effect_Ss_Solder_Srch_Ball,14763792,14764896,13103872,13104848
ovl_Effect_Ss_Kakera,14764896,14769056,13104848,13107952
ovl_Effect_Ss_Ice_Piece,14769056,14770080,13107952,13108928
ovl_Effect_Ss_En_Ice,14770080,14772048,13108928,13110640
ovl_Effect_Ss_Fire_Tail,14772048,14773808,13110640,13112224
ovl_Effect_Ss_En_Fire,14773808,14775456,13112224,13113728
ovl_Effect_Ss_Extra,14775456,14776336,13113728,13114592
ovl_Effect_Ss_Dead_Db,14776336,14777376,13114592,13115568
ovl_Effect_Ss_Dead_Dd,14777376,14778800,13115568,13116864
ovl_Effect_Ss_Dead_Ds,14778800,14779952,13116864,13117936
ovl_Oceff_Storm,14779952,14787568,13117936,13125088
ovl_Obj_Demo,14787568,14788544,13125088,13125808
ovl_En_Minislime,14788544,14797584,13125808,13131952
ovl_En_Nutsball,14797584,14799168,13131952,13133408
ovl_Oceff_Wipe2,14799168,14805184,13133408,13137072
ovl_Oceff_Wipe3,14805184,14811184,13137072,13141840
ovl_En_Dg,14811184,14825744,13141840,13151104
ovl_En_Si,14825744,14826800,13151104,13151888
ovl_Obj_Comb,14826800,14832816,13151888,13156128
ovl_Obj_Kibako2,14832816,14835280,13156128,13158144
ovl_En_Hs2,14835280,14835504,13158144,13158320
ovl_Obj_Mure3,14835504,14837488,13158320,13159856
ovl_En_Tg,14837488,14840320,13159856,13162144
ovl_En_Wf,14840320,14857888,13162144,13173344
ovl_En_Skb,14857888,14870880,13173344,13181696
ovl_En_Gs,14870880,14882784,13181696,13190336
ovl_Obj_Sound,14882784,14883312,13190336,13190768
ovl_En_Crow,14883312,14889296,13190768,13195200
ovl_En_Cow,14889296,14894656,13195200,13198672
ovl_Oceff_Wipe4,14894656,14898784,13198672,13201776
ovl_En_Zo,14898784,14902784,13201776,13204864
ovl_Effect_Ss_Ice_Smoke,14902784,14903568,13204864,13205616
ovl_Obj_Makekinsuta,14903568,14904704,13205616,13206560
ovl_En_Ge3,14904704,14908912,13206560,13209680
ovl_Obj_Hamishi,14908912,14912128,13209680,13212304
ovl_En_Zl4,14912128,14913280,13212304,13213232
ovl_En_Mm2,14913280,14916144,13213232,13214848
ovl_Door_Spiral,14916144,14918320,13214848,13216592
ovl_Obj_Pzlblock,14918320,14921872,13216592,13219184
ovl_Obj_Toge,14921872,14925008,13219184,13221696
ovl_Obj_Armos,14925008,14928864,13221696,13224592
ovl_Obj_Boyo,14928864,14930256,13224592,13225808
ovl_En_Grasshopper,14930256,14942208,13225808,13234208
ovl_Obj_Grass,14942208,14949520,13234208,13239872
ovl_Obj_Grass_Carry,14949520,14953488,13239872,13243024
ovl_Obj_Grass_Unit,14953488,14955232,13243024,13244320
ovl_Bg_Fire_Wall,14955232,14957456,13244320,13246112
ovl_En_Bu,14957456,14957888,13246112,13246496
ovl_En_Encount3,14957888,14960352,13246496,13248640
ovl_En_Jso,14960352,14975824,13248640,13259408
ovl_Obj_Chikuwa,14975824,14978800,13259408,13261936
ovl_En_Knight,14978800,15032176,13261936,13297024
ovl_En_Warp_tag,15032176,15034608,13297024,13299008
ovl_En_Aob_01,15034608,15046320,13299008,13307152
ovl_En_Boj_01,15046320,15046464,13307152,13307248
ovl_En_Boj_02,15046464,15046608,13307248,13307344
ovl_En_Boj_03,15046608,15046752,13307344,13307440
ovl_En_Encount4,15046752,15048896,13307440,13309184
ovl_En_Bom_Bowl_Man,15048896,15056448,13309184,13314528
ovl_En_Syateki_Man,15056448,15070128,13314528,13323088
ovl_Bg_Icicle,15070128,15072576,13323088,13325056
ovl_En_Syateki_Crow,15072576,15076176,13325056,13328016
ovl_En_Boj_04,15076176,15076320,13328016,13328112
ovl_En_Cne_01,15076320,15079856,13328112,13330896
ovl_En_Bba_01,15079856,15083312,13330896,13333648
ovl_En_Bji_01,15083312,15087616,13333648,13336720
ovl_Bg_Spdweb,15087616,15092880,13336720,13340560
ovl_En_Mt_tag,15092880,15097440,13340560,13343984
ovl_Boss_01,15097440,15131456,13343984,13367152
ovl_Boss_02,15131456,15156656,13367152,13384720
ovl_Boss_03,15156656,15185568,13384720,13404656
ovl_Boss_04,15185568,15194976,13404656,13411664
ovl_Boss_05,15194976,15210416,13411664,13422288
ovl_Boss_06,15210416,15219200,13422288,13428928
ovl_Boss_07,15219200,15305456,13428928,13486720
ovl_Bg_Dy_Yoseizo,15305456,15313360,13486720,13492560
ovl_En_Boj_05,15313360,15313504,13492560,13492656
ovl_En_Sob1,15313504,15332080,13492656,13504624
ovl_En_Go,15332080,15356032,13504624,13521248
ovl_En_Raf,15356032,15366784,13521248,13528352
ovl_Obj_Funen,15366784,15367248,13528352,13528800
ovl_Obj_Raillift,15367248,15370304,13528800,13531280
ovl_Bg_Numa_Hana,15370304,15374096,13531280,13534080
ovl_Obj_Flowerpot,15374096,15383408,13534080,13540432
ovl_Obj_Spinyroll,15383408,15390000,13540432,13545216
ovl_Dm_Hina,15390000,15392624,13545216,13547216
ovl_En_Syateki_Wf,15392624,15397488,13547216,13550880
ovl_Obj_Skateblock,15397488,15404640,13550880,13556144
ovl_Effect_En_Ice_Block,15404640,15405488,13556144,13556928
ovl_Obj_Iceblock,15405488,15423040,13556928,13569200
ovl_En_Bigpamet,15423040,15432608,13569200,13575936
ovl_Bg_Dblue_Movebg,15432608,15441168,13575936,13582304
ovl_En_Syateki_Dekunuts,15441168,15445536,13582304,13585648
ovl_Elf_Msg3,15445536,15446928,13585648,13586688
ovl_En_Fg,15446928,15452336,13586688,13590672
ovl_Dm_Ravine,15452336,15452784,13590672,13591040
ovl_Dm_Sa,15452784,15453872,13591040,13591920
ovl_En_Slime,15453872,15467280,13591920,13601008
ovl_En_Pr,15467280,15473680,13601008,13605856
ovl_Obj_Toudai,15473680,15476752,13605856,13607872
ovl_Obj_Entotu,15476752,15480256,13607872,13610032
ovl_Obj_Bell,15480256,15483040,13610032,13612032
ovl_En_Syateki_Okuta,15483040,15490944,13612032,13616864
ovl_Obj_Shutter,15490944,15491648,13616864,13617504
ovl_Dm_Zl,15491648,15493712,13617504,13619136
ovl_En_Ru,15493712,15497056,13619136,13621728
ovl_En_Elfgrp,15497056,15502640,13621728,13625696
ovl_Dm_Tsg,15502640,15503696,13625696,13626656
ovl_En_Baguo,15503696,15508912,13626656,13630800
ovl_Obj_Vspinyroll,15508912,15513424,13630800,13634224
ovl_Obj_Smork,15513424,15516768,13634224,13636272
ovl_En_Test2,15516768,15517872,13636272,13637184
ovl_En_Test3,15517872,15531568,13637184,13647120
ovl_En_Test4,15531568,15538272,13647120,13651424
ovl_En_Bat,15538272,15544304,13651424,13656160
ovl_En_Sekihi,15544304,15546128,13656160,13657648
ovl_En_Wiz,15546128,15561616,13657648,13668624
ovl_En_Wiz_Brock,15561616,15563376,13668624,13670096
ovl_En_Wiz_Fire,15563376,15575136,13670096,13678336
ovl_Eff_Change,15575136,15576448,13678336,13679488
ovl_Dm_Statue,15576448,15576672,13679488,13679664
ovl_Obj_Fireshield,15576672,15580608,13679664,13682784
ovl_Bg_Ladder,15580608,15581856,13682784,13683792
ovl_En_Mkk,15581856,15588880,13683792,13688944
ovl_Demo_Getitem,15588880,15589840,13688944,13689760
ovl_En_Dnb,15589840,15593792,13689760,13692832
ovl_En_Dnh,15593792,15595760,13692832,13694464
ovl_En_Dnk,15595760,15599920,13694464,13697152
ovl_En_Dnq,15599920,15604752,13697152,13700464
ovl_Bg_Keikoku_Saku,15604752,15605872,13700464,13701392
ovl_Obj_Hugebombiwa,15605872,15615312,13701392,13707440
ovl_En_Firefly2,15615312,15615456,13707440,13707536
ovl_En_Rat,15615456,15625264,13707536,13714784
ovl_En_Water_Effect,15625264,15635952,13714784,13722016
ovl_En_Kusa2,15635952,15652432,13722016,13733568
ovl_Bg_Spout_Fire,15652432,15654368,13733568,13735216
ovl_En_Dy_Extra,15654368,15655808,13735216,13736448
ovl_En_Bal,15655808,15667216,13736448,13744208
ovl_En_Ginko_Man,15667216,15674608,13744208,13748624
ovl_En_Warp_Uzu,15674608,15675616,13748624,13749424
ovl_Obj_Driftice,15675616,15680544,13749424,13753072
ovl_En_Look_Nuts,15680544,15684352,13753072,13755872
ovl_En_Mushi2,15684352,15698464,13755872,13765312
ovl_En_Fall,15698464,15709264,13765312,13772480
ovl_En_Mm3,15709264,15714832,13772480,13776160
ovl_Bg_Crace_Movebg,15714832,15717584,13776160,13778144
ovl_En_Dno,15717584,15729328,13778144,13785856
ovl_En_Pr2,15729328,15737296,13785856,13791600
ovl_En_Prz,15737296,15742928,13791600,13795968
ovl_En_Jso2,15742928,15761712,13795968,13808880
ovl_Obj_Etcetera,15761712,15765072,13808880,13811424
ovl_En_Egol,15765072,15783696,13811424,13824240
ovl_Obj_Mine,15783696,15798032,13824240,13834176
ovl_Obj_Purify,15798032,15800416,13834176,13835904
ovl_En_Tru,15800416,15825312,13835904,13851584
ovl_En_Trt,15825312,15844592,13851584,13863968
ovl_En_Test5,15844592,15845488,13863968,13864736
ovl_En_Test6,15845488,15862624,13864736,13876272
ovl_En_Az,15862624,15883920,13876272,13889984
ovl_En_Estone,15883920,15887552,13889984,13892944
ovl_Bg_Hakugin_Post,15887552,15900080,13892944,13901968
ovl_Dm_Opstage,15900080,15901200,13901968,13902816
ovl_Dm_Stk,15901200,15923680,13902816,13915392
ovl_Dm_Char00,15923680,15935040,13915392,13921360
ovl_Dm_Char01,15935040,15946368,13921360,13927984
ovl_Dm_Char02,15946368,15948016,13927984,13929280
ovl_Dm_Char03,15948016,15949968,13929280,13930768
ovl_Dm_Char04,15949968,15952368,13930768,13932752
ovl_Dm_Char05,15952368,15960784,13932752,13937200
ovl_Dm_Char06,15960784,15961616,13937200,13937904
ovl_Dm_Char07,15961616,15963296,13937904,13938960
ovl_Dm_Char08,15963296,15974896,13938960,13946800
ovl_Dm_Char09,15974896,15977328,13946800,13948880
ovl_Obj_Tokeidai,15977328,15986928,13948880,13955136
ovl_En_Mnk,15986928,16010096,13955136,13968448
ovl_En_Egblock,16010096,16012464,13968448,13970368
ovl_En_Guard_Nuts,16012464,16016272,13970368,13973360
ovl_Bg_Hakugin_Bombwall,16016272,16020864,13973360,13976672
ovl_Obj_Tokei_Tobira,16020864,16022496,13976672,13978128
ovl_Bg_Hakugin_Elvpole,16022496,16023632,13978128,13979056
ovl_En_Ma4,16023632,16034784,13979056,13986112
ovl_En_Twig,16034784,16037376,13986112,13988256
ovl_En_Po_Fusen,16037376,16040544,13988256,13990800
ovl_En_Door_Etc,16040544,16042624,13990800,13992496
ovl_En_Bigokuta,16042624,16051328,13992496,13998720
ovl_Bg_Icefloe,16051328,16053232,13998720,14000192
ovl_fbdemo_triforce,16053232,16055120,14000192,14001536
ovl_fbdemo_wipe1,16055120,16059104,14001536,14004240
ovl_fbdemo_wipe3,16059104,16066512,14004240,14007072
ovl_fbdemo_wipe4,16066512,16067216,14007072,14007648
ovl_fbdemo_wipe5,16067216,16068336,14007648,14008576
ovl_Effect_Ss_Sbn,16068336,16070752,14008576,14010480
ovl_Obj_Ocarinalift,16070752,16073280,14010480,14012368
ovl_En_Time_Tag,16073280,16076464,14012368,14014656
ovl_Bg_Open_Shutter,16076464,16078208,14014656,14016128
ovl_Bg_Open_Spot,16078208,16078752,14016128,14016592
ovl_Bg_Fu_Kaiten,16078752,16079424,14016592,14017184
ovl_Obj_Aqua,16079424,16082944,14017184,14019888
ovl_En_Elforg,16082944,16089200,14019888,14024320
ovl_En_Elfbub,16089200,16090832,14024320,14025840
ovl_En_Fu_Mato,16090832,16096032,14025840,14030064
ovl_En_Fu_Kago,16096032,16100304,14030064,14033392
ovl_En_Osn,16100304,16109328,14033392,14039184
ovl_Bg_Ctower_Gear,16109328,16111392,14039184,14040800
ovl_En_Trt2,16111392,16121536,14040800,14047696
ovl_Obj_Tokei_Step,16121536,16124528,14047696,14050080
ovl_Bg_Lotus,16124528,16126176,14050080,14051408
ovl_En_Kame,16126176,16135504,14051408,14057904
ovl_Obj_Takaraya_Wall,16135504,16140128,14057904,14061584
ovl_Bg_Fu_Mizu,16140128,16140864,14061584,14062240
ovl_En_Sellnuts,16140864,16154256,14062240,14070928
ovl_Bg_Dkjail_Ivy,16154256,16156368,14070928,14072688
ovl_Obj_Visiblock,16156368,16156656,14072688,14072928
ovl_En_Takaraya,16156656,16161024,14072928,14076208
ovl_En_Tsn,16161024,16167648,14076208,14080592
ovl_En_Ds2n,16167648,16168960,14080592,14081664
ovl_En_Fsn,16168960,16186816,14081664,14093136
ovl_En_Shn,16186816,16191536,14093136,14096448
ovl_En_Stop_heishi,16191536,16197632,14096448,14100944
ovl_Obj_Bigicicle,16197632,16201392,14100944,14103792
ovl_En_Lift_Nuts,16201392,16212208,14103792,14110448
ovl_En_Tk,16212208,16227552,14110448,14120656
ovl_Bg_Market_Step,16227552,16227824,14120656,14120896
ovl_Obj_Lupygamelift,16227824,16229536,14120896,14122352
ovl_En_Test7,16229536,16241968,14122352,14131152
ovl_Obj_Lightblock,16241968,16243600,14131152,14132480
ovl_Mir_Ray2,16243600,16244752,14132480,14133472
ovl_En_Wdhand,16244752,16253824,14133472,14140016
ovl_En_Gamelupy,16253824,16255488,14140016,14141408
ovl_Bg_Danpei_Movebg,16255488,16257632,14141408,14143120
ovl_En_Snowwd,16257632,16258912,14143120,14144240
ovl_En_Pm,16258912,16278976,14144240,14156864
ovl_En_Gakufu,16278976,16281568,14156864,14158992
ovl_Elf_Msg4,16281568,16283120,14158992,14160144
ovl_Elf_Msg5,16283120,16283808,14160144,14160608
ovl_En_Col_Man,16283808,16286976,14160608,14163072
ovl_En_Talk_Gibud,16286976,16299440,14163072,14171312
ovl_En_Giant,16299440,16304368,14171312,14174768
ovl_Obj_Snowball,16304368,16314032,14174768,14181840
ovl_Boss_Hakugin,16314032,16355728,14181840,14210960
ovl_En_Gb2,16355728,16366096,14210960,14217728
ovl_En_Onpuman,16366096,16367584,14217728,14218928
ovl_Bg_Tobira01,16367584,16368672,14218928,14219840
ovl_En_Tag_Obj,16368672,16368944,14219840,14220064
ovl_Obj_Dhouse,16368944,16375088,14220064,14224384
ovl_Obj_Hakaisi,16375088,16380736,14224384,14228448
ovl_Bg_Hakugin_Switch,16380736,16385696,14228448,14231632
ovl_En_Snowman,16385696,16399104,14231632,14241360
ovl_TG_Sw,16399104,16400240,14241360,14242256
ovl_En_Po_Sisters,16400240,16415344,14242256,14252672
ovl_En_Pp,16415344,16430784,14252672,14263344
ovl_En_Hakurock,16430784,16435136,14263344,14266528
ovl_En_Hanabi,16435136,16439568,14266528,14270112
ovl_Obj_Dowsing,16439568,16439952,14270112,14270384
ovl_Obj_Wind,16439952,16441840,14270384,14271824
ovl_En_Racedog,16441840,16449200,14271824,14277344
ovl_En_Kendo_Js,16449200,16456800,14277344,14282416
ovl_Bg_Botihasira,16456800,16457552,14282416,14283088
ovl_En_Fish2,16457552,16471216,14283088,14292944
ovl_En_Pst,16471216,16474992,14292944,14295408
ovl_En_Poh,16474992,16488336,14295408,14304272
ovl_Obj_Spidertent,16488336,16495120,14304272,14308960
ovl_En_Zoraegg,16495120,16505264,14308960,14315760
ovl_En_Kbt,16505264,16509968,14315760,14319152
ovl_En_Gg,16509968,16518480,14319152,14325200
ovl_En_Maruta,16518480,16526064,14325200,14330256
ovl_Obj_Snowball2,16526064,16533792,14330256,14335952
ovl_En_Gg2,16533792,16539440,14335952,14340096
ovl_Obj_Ghaka,16539440,16541424,14340096,14341680
ovl_En_Dnp,16541424,16547008,14341680,14345616
ovl_En_Dai,16547008,16555344,14345616,14351408
ovl_Bg_Goron_Oyu,16555344,16557264,14351408,14352864
ovl_En_Kgy,16557264,16570016,14352864,14360672
ovl_En_Invadepoh,16570016,16621568,14360672,14391232
ovl_En_Gk,16621568,16634864,14391232,14400176
ovl_En_An,16634864,16663248,14400176,14417184
ovl_En_Bee,16663248,16666256,14417184,14419632
ovl_En_Ot,16666256,16679984,14419632,14429344
ovl_En_Dragon,16679984,16688688,14429344,14435536
ovl_Obj_Dora,16688688,16691520,14435536,14437680
ovl_En_Bigpo,16691520,16707616,14437680,14449136
ovl_Obj_Kendo_Kanban,16707616,16713088,14449136,14453248
ovl_Obj_Hariko,16713088,16713872,14453248,14453888
ovl_En_Sth,16713872,16740800,14453888,14472688
ovl_Bg_Sinkai_Kabe,16740800,16742208,14472688,14473888
ovl_Bg_Haka_Curtain,16742208,16743296,14473888,14474656
ovl_Bg_Kin2_Bombwall,16743296,16745312,14474656,14476288
ovl_Bg_Kin2_Fence,16745312,16747232,14476288,14477712
ovl_Bg_Kin2_Picture,16747232,16750192,14477712,14480128
ovl_Bg_Kin2_Shelf,16750192,16753664,14480128,14482512
ovl_En_Rail_Skb,16753664,16766400,14482512,14490960
ovl_En_Jg,16766400,16776032,14490960,14497440
ovl_En_Tru_Mt,16776032,16781984,14497440,14501984
ovl_Obj_Um,16781984,16802704,14501984,14516144
ovl_En_Neo_Reeba,16802704,16811056,14516144,14521776
ovl_Bg_Mbar_Chair,16811056,16811360,14521776,14522016
ovl_Bg_Ikana_Block,16811360,16814640,14522016,14524480
ovl_Bg_Ikana_Mirror,16814640,16817632,14524480,14526512
ovl_Bg_Ikana_Rotaryroom,16817632,16826032,14526512,14532176
ovl_Bg_Dblue_Balance,16826032,16832112,14532176,14536768
ovl_Bg_Dblue_Waterfall,16832112,16838528,14536768,14541408
ovl_En_Kaizoku,16838528,16862400,14541408,14556864
ovl_En_Ge2,16862400,16869920,14556864,14561952
ovl_En_Ma_Yts,16869920,16875280,14561952,14565504
ovl_En_Ma_Yto,16875280,16889520,14565504,14572848
ovl_Obj_Tokei_Turret,16889520,16890128,14572848,14573376
ovl_Bg_Dblue_Elevator,16890128,16893184,14573376,14575728
ovl_Obj_Warpstone,16893184,16895104,14575728,14577232
ovl_En_Zog,16895104,16905792,14577232,14584928
ovl_Obj_Rotlift,16905792,16906752,14584928,14585840
ovl_Obj_Jg_Gakki,16906752,16907312,14585840,14586352
ovl_Bg_Inibs_Movebg,16907312,16907760,14586352,14586768
ovl_En_Zot,16907760,16922832,14586768,14596032
ovl_Obj_Tree,16922832,16924272,14596032,14597216
ovl_Obj_Y2lift,16924272,16925088,14597216,14597920
ovl_Obj_Y2shutter,16925088,16926576,14597920,14599168
ovl_Obj_Boat,16926576,16928512,14599168,14600784
ovl_Obj_Taru,16928512,16931952,14600784,14603472
ovl_Obj_Hunsui,16931952,16938736,14603472,14608400
ovl_En_Jc_Mato,16938736,16939728,14608400,14609248
ovl_Mir_Ray3,16939728,16944512,14609248,14613120
ovl_En_Zob,16944512,16952752,14613120,14618224
ovl_Elf_Msg6,16952752,16956464,14618224,14620576
ovl_Obj_Nozoki,16956464,16961568,14620576,14624320
ovl_En_Toto,16961568,16969024,14624320,14629488
ovl_En_Railgibud,16969024,16982336,14629488,14638608
ovl_En_Baba,16982336,16990192,14638608,14644416
ovl_En_Suttari,16990192,17008784,14644416,14656672
ovl_En_Zod,17008784,17015296,14656672,14661456
ovl_En_Kujiya,17015296,17018864,14661456,14663616
ovl_En_Geg,17018864,17031200,14663616,14671904
ovl_Obj_Kinoko,17031200,17032160,14671904,14672816
ovl_Obj_Yasi,17032160,17032880,14672816,14673488
ovl_En_Tanron1,17032880,17039488,14673488,14677696
ovl_En_Tanron2,17039488,17046784,14677696,14683008
ovl_En_Tanron3,17046784,17051712,14683008,14686816
ovl_Obj_Chan,17051712,17056752,14686816,14691040
ovl_En_Zos,17056752,17064400,14691040,14695920
ovl_En_S_Goro,17064400,17077328,14695920,14703824
ovl_En_Nb,17077328,17084320,14703824,14708688
ovl_En_Ja,17084320,17092640,14708688,14714352
ovl_Bg_F40_Block,17092640,17096272,14714352,14716768
ovl_Bg_F40_Switch,17096272,17097456,14716768,14717632
ovl_En_Po_Composer,17097456,17104816,14717632,14722544
ovl_En_Guruguru,17104816,17108624,14722544,14725520
ovl_Oceff_Wipe5,17108624,17114656,14725520,14731440
ovl_En_Stone_heishi,17114656,17119504,14731440,14735120
ovl_Oceff_Wipe6,17119504,17121120,14735120,14736416
ovl_En_Scopenuts,17121120,17130336,14736416,14742800
ovl_En_Scopecrow,17130336,17133584,14742800,14745328
ovl_Oceff_Wipe7,17133584,17137264,14745328,14747200
ovl_Eff_Kamejima_Wave,17137264,17138960,14747200,14748512
ovl_En_Hg,17138960,17143264,14748512,14751488
ovl_En_Hgo,17143264,17147152,14751488,14754304
ovl_En_Zov,17147152,17153376,14754304,14758656
ovl_En_Ah,17153376,17159104,14758656,14762544
ovl_Obj_Hgdoor,17159104,17160784,14762544,14763808
ovl_Bg_Ikana_Bombwall,17160784,17163984,14763808,14766048
ovl_Bg_Ikana_Ray,17163984,17164704,14766048,14766608
ovl_Bg_Ikana_Shutter,17164704,17166608,14766608,14767728
ovl_Bg_Haka_Bombwall,17166608,17168496,14767728,14769232
ovl_Bg_Haka_Tomb,17168496,17169408,14769232,14769936
ovl_En_Sc_Ruppe,17169408,17170944,14769936,14771200
ovl_Bg_Iknv_Doukutu,17170944,17173920,14771200,14773360
ovl_Bg_Iknv_Obj,17173920,17175968,14773360,14774848
ovl_En_Pamera,17175968,17186080,14774848,14780944
ovl_Obj_HsStump,17186080,17187648,14780944,14782304
ovl_En_Hidden_Nuts,17187648,17192416,14782304,14785664
ovl_En_Zow,17192416,17199952,14785664,14790816
ovl_En_Talk,17199952,17200400,14790816,14791168
ovl_En_Al,17200400,17209424,14791168,14797120
ovl_En_Tab,17209424,17215472,14797120,14801424
ovl_En_Nimotsu,17215472,17216416,14801424,14802272
ovl_En_Hit_Tag,17216416,17216976,14802272,14802752
ovl_En_Ruppecrow,17216976,17223408,14802752,14807136
ovl_En_Tanron4,17223408,17226912,14807136,14809552
ovl_En_Tanron5,17226912,17232848,14809552,14813824
ovl_En_Tanron6,17232848,17233248,14813824,14814176
ovl_En_Daiku2,17233248,17239824,14814176,14819056
ovl_En_Muto,17239824,17242416,14819056,14821184
ovl_En_Baisen,17242416,17245024,14821184,14823296
ovl_En_Heishi,17245024,17246608,14823296,14824672
ovl_En_Demo_heishi,17246608,17248208,14824672,14826064
ovl_En_Dt,17248208,17254864,14826064,14830976
ovl_En_Cha,17254864,17255920,14830976,14831872
ovl_Obj_Dinner,17255920,17256304,14831872,14832208
ovl_Eff_Lastday,17256304,17258224,14832208,14833392
ovl_Bg_Ikana_Dharma,17258224,17260672,14833392,14835520
ovl_En_Akindonuts,17260672,17277088,14835520,14845584
ovl_Eff_Stk,17277088,17278048,14845584,14846448
ovl_En_Ig,17278048,17288240,14846448,14853408
ovl_En_Rg,17288240,17297184,14853408,14860208
ovl_En_Osk,17297184,17303520,14860208,14863984
ovl_En_Sth2,17303520,17314816,14863984,14870976
ovl_En_Yb,17314816,17319808,14870976,14874576
ovl_En_Rz,17319808,17326752,14874576,14879264
ovl_En_Scopecoin,17326752,17327584,14879264,14879952
ovl_En_Bjt,17327584,17331312,14879952,14882624
ovl_En_Bomjima,17331312,17342880,14882624,14890512
ovl_En_Bomjimb,17342880,17352784,14890512,14897488
ovl_En_Bombers,17352784,17357904,14897488,14901376
ovl_En_Bombers2,17357904,17362320,14901376,14904768
ovl_En_Bombal,17362320,17365040,14904768,14907024
ovl_Obj_Moon_Stone,17365040,17366464,14907024,14908192
ovl_Obj_Mu_Pict,17366464,17368112,14908192,14909360
ovl_Bg_Ikninside,17368112,17369696,14909360,14910720
ovl_Eff_Zoraband,17369696,17370688,14910720,14911584
ovl_Obj_Kepn_Koya,17370688,17371040,14911584,14911888
ovl_Obj_Usiyane,17371040,17373840,14911888,14914336
ovl_En_Nnh,17373840,17374640,14914336,14914976
ovl_Obj_Kzsaku,17374640,17375600,14914976,14915744
ovl_Obj_Milk_Bin,17375600,17376256,14915744,14916304
ovl_En_Kitan,17376256,17379840,14916304,14918928
ovl_Bg_Astr_Bombwall,17379840,17382000,14918928,14920688
ovl_Bg_Iknin_Susceil,17382000,17384896,14920688,14922688
ovl_En_Bsb,17384896,17404640,14922688,14936368
ovl_En_Recepgirl,17404640,17406592,14936368,14937872
ovl_En_Thiefbird,17406592,17419312,14937872,14946944
ovl_En_Jgame_Tsn,17419312,17425904,14946944,14951456
ovl_Obj_Jgame_Light,17425904,17429728,14951456,14953808
ovl_Obj_Yado,17429728,17430384,14953808,14954352
ovl_Demo_Syoten,17430384,17435904,14954352,14958240
ovl_Demo_Moonend,17435904,17437712,14958240,14959584
ovl_Bg_Lbfshot,17437712,17438000,14959584,14959824
ovl_Bg_Last_Bwall,17438000,17440384,14959824,14961728
ovl_En_And,17440384,17442192,14961728,14963184
ovl_En_Invadepoh_Demo,17442192,17449008,14963184,14967296
ovl_Obj_Danpeilift,17449008,17451184,14967296,14969072
ovl_En_Fall2,17451184,17453056,14969072,14970544
ovl_Dm_Al,17453056,17454720,14970544,14971872
ovl_Dm_An,17454720,17458816,14971872,14974896
ovl_Dm_Ah,17458816,17461568,14974896,14976976
ovl_Dm_Nb,17461568,17462528,14976976,14977808
ovl_En_Drs,17462528,17463552,14977808,14978672
ovl_En_Ending_Hero,17463552,17464400,14978672,14979456
ovl_Dm_Bal,17464400,17466944,14979456,14981344
ovl_En_Paper,17466944,17469280,14981344,14983264
ovl_En_Hint_Skb,17469280,17479072,14983264,14989696
ovl_Dm_Tag,17479072,17481616,14989696,14991520
ovl_En_Bh,17481616,17482880,14991520,14992576
ovl_En_Ending_Hero2,17482880,17483440,14992576,14993088
ovl_En_Ending_Hero3,17483440,17484000,14993088,14993600
ovl_En_Ending_Hero4,17484000,17484560,14993600,14994112
ovl_En_Ending_Hero5,17484560,17485536,14994112,14994960
ovl_En_Ending_Hero6,17485536,17487280,14994960,14996448
ovl_Dm_Gm,17487280,17491376,14996448,14999472
ovl_Obj_Swprize,17491376,17492720,14999472,15000496
ovl_En_Invisible_Ruppe,17492720,17493520,15000496,15001072
ovl_Obj_Ending,17493520,17493904,15001072,15001376
ovl_En_Rsn,17493904,17494768,15001376,15002064
gameplay_keep,17498112,18097712,15002064,15315056
gameplay_field_keep,18100224,18137744,15315056,15342080
gameplay_dangeon_keep,18141184,18285184,15342080,15424528
gameplay_object_exchange_static,18288640,18288656,15424528,0
object_link_boy,18292736,18348176,15424544,15450512
object_link_child,18350080,18473568,15450512,15509168
object_link_goron,18477056,18573968,15509168,15558240
object_link_zora,18575360,18652224,15558240,15593184
object_link_nuts,18653184,18700848,15593184,15617728
object_mask_ki_tan,18702336,18705104,15617728,15619472
object_mask_rabit,18706432,18711456,15619472,15621616
object_mask_skj,18714624,18720480,15621616,15625728
object_mask_truth,18722816,18727584,15625728,15628320
object_mask_gibudo,18731008,18734496,15628320,15631856
object_mask_json,18735104,18740064,15631856,15635072
object_mask_kerfay,18743296,18748864,15635072,15638448
object_mask_bigelf,18751488,18764976,15638448,15645488
object_mask_kyojin,18767872,18771104,15645488,15647648
object_mask_romerny,18771968,18778640,15647648,15651696
object_mask_posthat,18780160,18783056,15651696,15653456
object_mask_zacho,18784256,18790032,15653456,15656784
object_mask_stone,18792448,18796608,15656784,15659360
object_mask_bree,18800640,18808224,15659360,15663824
object_mask_gero,18808832,18820752,15663824,15670288
object_mask_yofukasi,18821120,18827936,15670288,15673552
object_mask_meoto,18829312,18836704,15673552,15676656
object_mask_dancer,18837504,18844496,15676656,15680880
object_mask_bakuretu,18845696,18850304,15680880,15683904
object_mask_bu_san,18853888,18858992,15683904,15687072
object_mask_goron,18862080,18868144,15687072,15690800
object_mask_zora,18870272,18874512,15690800,15693616
object_mask_nuts,18878464,18886880,15693616,15698560
object_mask_boy,18890752,18899152,15698560,15703968
object_box,18903040,18936096,15703968,15720288
object_okuta,18939904,18957952,15720288,15730112
object_wallmaster,18960384,19001456,15730112,15757008
object_dy_obj,19005440,19122368,15757008,15833488
object_firefly,19124224,19130560,15833488,15837216
object_dodongo,19132416,19171648,15837216,15864928
object_niw,19173376,19182912,15864928,15869776
object_tite,19185664,19200560,15869776,15879808
object_ph,19202048,19209360,15879808,15883328
object_dinofos,19210240,19265088,15883328,15925024
object_zl1,19267584,19350464,15925024,15969168
object_bubble,19353600,19357888,15969168,15971056
object_test3,19361792,19425280,15971056,15998064
object_famos,19427328,19443264,15998064,16007248
object_st,19443712,19467184,16007248,16020304
object_thiefbird,19468288,19493856,16020304,16035456
object_bombf,19496960,19503616,16035456,16039456
object_am,19505152,19529008,16039456,16051792
object_dekubaba,19529728,19544512,16051792,16062016
object_warp1,19546112,19581952,16062016,16090384
object_b_heart,19582976,19584576,16090384,16091568
object_dekunuts,19587072,19601296,16091568,16100464
object_bb,19603456,19610176,16100464,16104320
object_death,19611648,19663824,16104320,16140400
object_hata,19664896,19677152,16140400,16146384
object_wood02,19677184,19716032,16146384,16170656
object_trap,19718144,19727328,16170656,16177680
object_vm,19730432,19746672,16177680,16186016
object_efc_star_field,19746816,19752912,16186016,16190192
object_rd,19755008,19829120,16190192,16237776
object_yukimura_obj,19832832,19841184,16237776,16243136
object_heavy_object,19845120,19852000,16243136,16246832
object_horse_link_child,19853312,19911920,16246832,16290768
object_syokudai,19914752,19930256,16290768,16299584
object_efc_tw,19931136,19935984,16299584,16304608
object_gi_key,19939328,19941920,16304608,16305840
object_mir_ray,19943424,19946848,16305840,16308448
object_ctower_rot,19947520,20047296,16308448,16367856
object_bdoor,20049920,20081568,16367856,16388000
object_sb,20082688,20094112,16388000,16393600
object_gi_melody,20094976,20098336,16393600,16395088
object_gi_heart,20099072,20099568,16395088,16395488
object_gi_compass,20103168,20106512,16395488,16397168
object_gi_bosskey,20107264,20111376,16397168,16399040
object_gi_nuts,20115456,20120000,16399040,16401984
object_gi_hearts,20123648,20129712,16401984,16404384
object_gi_arrowcase,20131840,20135088,16404384,16406064
object_gi_bombpouch,20135936,20139616,16406064,16407760
object_in,20140032,20258736,16407760,16477680
object_os_anime,20258816,20270224,16477680,16486752
object_gi_bottle,20271104,20273392,16486752,16488048
object_gi_stick,20275200,20276928,16488048,16489360
object_gi_map,20279296,20283744,16489360,16492688
object_oF1d_map,20287488,20372880,16492688,16544192
object_ru2,20373504,20437200,16544192,16578224
object_gi_magicpot,20439040,20443600,16578224,16580368
object_gi_bomb_1,20447232,20450480,16580368,16581920
object_ma2,20451328,20543280,16581920,16645088
object_gi_purse,20545536,20552560,16645088,16651472
object_rr,20553728,20557312,16651472,16653952
object_gi_arrow,20557824,20564752,16653952,16656656
object_gi_bomb_2,20566016,20567712,16656656,16657856
object_gi_shield_2,20570112,20577984,16657856,16661744
object_gi_hookshot,20578304,20583504,16661744,16665424
object_gi_ocarina,20586496,20589488,16665424,16667264
object_gi_milk,20590592,20595824,16667264,16669680
object_ma1,20598784,20711296,16669680,16748240
object_ny,20713472,20722480,16748240,16752496
object_fr,20725760,20772176,16752496,16770448
object_gi_bow,20774912,20779760,16770448,16773296
object_gi_glasses,20783104,20787584,16773296,16775360
object_gi_liquid,20791296,20797648,16775360,16778064
object_ani,20799488,20846784,16778064,16811088
object_gi_shield_3,20848640,20855808,16811088,16816208
object_gi_bean,20856832,20859072,16816208,16817712
object_gi_fish,20860928,20863312,16817712,16819184
object_gi_longsword,20865024,20867264,16819184,16820624
object_zo,20869120,20939840,16820624,16865824
object_umajump,20942848,20948080,16865824,16868784
object_mastergolon,20951040,20951312,16868784,16869008
object_masterzoora,20955136,20957088,16869008,16871104
object_aob,20959232,20989808,16871104,16885632
object_ik,20992000,21071536,16885632,16937152
object_ahg,21073920,21096880,16937152,16948464
object_cne,21098496,21109200,16948464,16953088
object_bji,21110784,21134192,16953088,16964784
object_bba,21135360,21176480,16964784,16987024
object_an1,21180416,21261872,16987024,17045328
object_boj,21262336,21342144,17045328,17111408
object_fz,21344256,21357776,17111408,17116032
object_bob,21360640,21380896,17116032,17123600
object_ge1,21381120,21430752,17123600,17149888
object_yabusame_point,21434368,21438032,17149888,17151360
object_d_hsblock,21438464,21444448,17151360,17156144
object_d_lift,21446656,21455664,17156144,17164112
object_mamenoki,21458944,21468832,17164112,17172176
object_goroiwa,21471232,21513632,17172176,17194240
object_toryo,21516288,21545312,17194240,17208160
object_daiku,21549056,21603136,17208160,17244672
object_nwc,21606400,21613728,17244672,17249376
object_gm,21614592,21614608,17249376,17249408
object_ms,21618688,21634512,17249408,17257760
object_hs,21635072,21660272,17257760,17270928
object_lightswitch,21663744,21672992,17270928,17276192
object_kusa,21676032,21676928,17276192,17276784
object_tsubo,21680128,21686768,17276784,17282464
object_kanban,21688320,21694384,17282464,17284144
object_owl,21696512,21763536,17284144,17315552
object_mk,21766144,21793968,17315552,17331328
object_fu,21794816,21822624,17331328,17345776
object_gi_ki_tan_mask,21823488,21827056,17345776,17347776
object_gi_mask18,21827584,21833920,17347776,17352288
object_gi_rabit_mask,21835776,21839616,17352288,17354320
object_gi_truth_mask,21839872,21846112,17354320,17357488
object_stream,21848064,21850752,17357488,17358944
object_mm,21852160,21908064,17358944,17395920
object_js,21909504,21936672,17395920,17411392
object_cs,21938176,22006656,17411392,17453248
object_gi_soldout,22007808,22009040,17453248,17453904
object_mag,22011904,22144336,17453904,17507536
object_gi_golonmask,22147072,22154528,17507536,17510944
object_gi_zoramask,22155264,22161248,17510944,17513904
object_ka,22163456,22196672,17513904,17529408
object_zg,22200320,22204928,17529408,17530128
object_gi_m_arrow,22208512,22212224,17530128,17531856
object_ds2,22212608,22229616,17531856,17540368
object_fish,22233088,22320624,17540368,17585168
object_gi_sutaru,22323200,22324816,17585168,17586080
object_ssh,22327296,22355344,17586080,17601008
object_bigslime,22355968,22434816,17601008,17658160
object_bg,22437888,22510448,17658160,17695440
object_bombiwa,22511616,22538864,17695440,17718048
object_hintnuts,22540288,22552896,17718048,17726768
object_rs,22556672,22594096,17726768,17749696
object_gla,22597632,22639456,17749696,17775424
object_geldb,22642688,22688000,17775424,17802608
object_dog,22691840,22724864,17802608,17819568
object_kibako2,22728704,22733248,17819568,17823264
object_dns,22736896,22750464,17823264,17832912
object_dnk,22753280,22764416,17832912,17840016
object_gi_insect,22765568,22768624,17840016,17841872
object_gi_ghost,22769664,22773168,17841872,17844320
object_gi_soul,22773760,22777776,17844320,17846400
object_f40_obj,22777856,22795888,17846400,17859712
object_gi_rupy,22798336,22800448,17859712,17860784
object_po_composer,22802432,22841664,17860784,17888192
object_mu,22843392,22891232,17888192,17923552
object_wf,22892544,22934496,17923552,17948384
object_skb,22937600,22965664,17948384,17969568
object_gs,22966272,22968960,17969568,17972368
object_ps,22970368,23001360,17972368,17988128
object_omoya_obj,23003136,23010048,17988128,17992928
object_crow,23011328,23015632,17992928,17994896
object_cow,23019520,23039664,17994896,18005488
object_gi_sword_1,23040000,23044640,18005488,18008336
object_zl4,23048192,23199584,18008336,18115376
object_grasshopper,23199744,23220832,18115376,18129776
object_boyo,23224320,23228048,18129776,18132368
object_fwall,23228416,23252128,18132368,18140960
object_jso,23252992,23299584,18140960,18173088
object_knight,23302144,23444672,18173088,18290288
object_icicle,23445504,23450304,18290288,18295264
object_spdweb,23453696,23463600,18295264,18300608
object_boss01,23465984,23606624,18300608,18403808
object_boss02,23609344,23689632,18403808,18435552
object_boss03,23691264,23747264,18435552,18464928
object_boss04,23748608,23766528,18464928,18474816
object_boss05,23769088,23800096,18474816,18495728
object_boss07,23801856,24091440,18495728,18683152
object_raf,24092672,24106048,18683152,18689904
object_funen,24109056,24110528,18689904,18690992
object_raillift,24113152,24145584,18690992,18711344
object_numa_obj,24145920,24228272,18711344,18754928
object_flowerpot,24231936,24237632,18754928,18758896
object_spinyroll,24240128,24244144,18758896,18761952
object_ice_block,24244224,24251104,18761952,18766416
object_keikoku_demo,24252416,24306480,18766416,18807056
object_slime,24309760,24317040,18807056,18811952
object_pr,24317952,24335184,18811952,18822800
object_f52_obj,24338432,24345568,18822800,18827392
object_f53_obj,24346624,24361584,18827392,18838160
object_kibako,24363008,24369920,18838160,18842064
object_sek,24371200,24390256,18842064,18858784
object_gmo,24391680,24400112,18858784,18864000
object_bat,24403968,24407200,18864000,18865008
object_sekihil,24408064,24421424,18865008,18873104
object_sekihig,24424448,24437776,18873104,18881312
object_sekihin,24440832,24454160,18881312,18889536
object_sekihiz,24457216,24461376,18889536,18893008
object_wiz,24465408,24511280,18893008,18923024
object_ladder,24514560,24518816,18923024,18924928
object_mkk,24522752,24524048,18924928,18925504
object_keikoku_obj,24526848,24547872,18925504,18939408
object_sichitai_obj,24551424,24561936,18939408,18948240
object_dekucity_ana_obj,24563712,24568064,18948240,18952320
object_rat,24571904,24578160,18952320,18955648
object_water_effect,24580096,24597520,18955648,18966656
object_dblue_object,24600576,24702560,18966656,19016048
object_bal,24702976,24757696,19016048,19051488
object_warp_uzu,24760320,24769616,19051488,19056304
object_driftice,24772608,24779488,19056304,19060560
object_fall,24780800,24824640,19060560,19088160
object_hanareyama_obj,24825856,24845760,19088160,19095216
object_crace_object,24846336,24849968,19095216,19098224
object_dnq,24850432,24913184,19098224,19144272
object_obj_tokeidai,24915968,24988800,19144272,19193568
object_eg,24989696,25068016,19193568,19249248
object_tru,25071616,25183712,19249248,19337760
object_trt,25186304,25251584,19337760,19376144
object_hakugin_obj,25251840,25318464,19376144,19431648
object_horse_game_check,25321472,25336144,19431648,19441584
object_stk,25337856,25456864,19441584,19522784
object_mnk,25460736,25580848,19522784,19603232
object_gi_bottle_red,25583616,25587664,19603232,19605728
object_tokei_tobira,25587712,25593280,19605728,19610544
object_az,25595904,25705936,19610544,19662608
object_twig,25706496,25714896,19662608,19668512
object_dekucity_obj,25718784,25736896,19668512,19683296
object_po_fusen,25739264,25748736,19683296,19687984
object_racetsubo,25751552,25757856,19687984,19691952
object_ha,25759744,25846000,19691952,19736768
object_bigokuta,25849856,25877456,19736768,19752256
object_open_obj,25878528,25949296,19752256,19794112
object_fu_kaiten,25952256,25966640,19794112,19804032
object_fu_mato,25968640,25981520,19804032,19810288
object_mtoride,25985024,26054816,19810288,19853696
object_osn,26058752,26191200,19853696,19944864
object_tokei_step,26193920,26196384,19944864,19946832
object_lotus,26198016,26200656,19946832,19948912
object_tl,26202112,26235472,19948912,19972928
object_dkjail_obj,26238976,26243552,19972928,19975984
object_visiblock,26247168,26249984,19975984,19977760
object_tsn,26251264,26288912,19977760,19997776
object_ds2n,26292224,26325376,19997776,20012720
object_fsn,26329088,26411808,20012720,20057168
object_shn,26415104,26485280,20057168,20094176
object_bigicicle,26488832,26500464,20094176,20098800
object_gi_bottle_15,26501120,26509312,20098800,20103472
object_tk,26509312,26556928,20103472,20131888
object_market_obj,26558464,26693072,20131888,20218592
object_gi_reserve00,26693632,26700912,20218592,20223488
object_gi_reserve01,26701824,26707472,20223488,20228064
object_lightblock,26710016,26713008,20228064,20230752
object_takaraya_objects,26714112,26717776,20230752,20232240
object_wdhand,26718208,26725936,20232240,20237776
object_sdn,26726400,26782864,20237776,20280016
object_snowwd,26783744,26794656,20280016,20286240
object_giant,26796032,26892640,20286240,20368960
object_comb,26894336,26898640,20368960,20371904
object_hana,26902528,26904400,20371904,20372448
object_boss_hakugin,26906624,26993728,20372448,20420336
object_meganeana_obj,26996736,27002320,20420336,20425456
object_gi_nutsmask,27004928,27012144,20425456,20429776
object_stk2,27013120,27253008,20429776,20662512
object_spot11_obj,27254784,27262704,20662512,20669600
object_danpei_object,27262976,27278864,20669600,20678864
object_dhouse,27279360,27312832,20678864,20699152
object_hakaisi,27316224,27328496,20699152,20706000
object_po,27328512,27349216,20706000,20719280
object_snowman,27353088,27383600,20719280,20734640
object_po_sisters,27385856,27411920,20734640,20751264
object_pp,27414528,27491072,20751264,20788560
object_goronswitch,27492352,27503024,20788560,20797024
object_delf,27504640,27590960,20797024,20852096
object_botihasira,27594752,27601936,20852096,20856800
object_gi_bigbomb,27602944,27609392,20856800,20860272
object_pst,27611136,27617936,20860272,20865472
object_bsmask,27619328,27671440,20865472,20896656
object_spidertent,27672576,27681728,20896656,20900560
object_zoraegg,27684864,27707824,20900560,20915888
object_kbt,27709440,27771104,20915888,20953616
object_gg,27774976,27840736,20953616,20991792
object_maruta,27844608,27856864,20991792,20997488
object_ghaka,27856896,27872512,20997488,21006672
object_oyu,27873280,27875776,21006672,21008800
object_dnp,27877376,27952192,21008800,21070304
object_dai,27955200,28033248,21070304,21119904
object_kgy,28037120,28105632,21119904,21166400
object_fb,28106752,28135088,21166400,21185184
object_taisou,28135424,28166016,21185184,21216096
object_gk,28168192,28239648,21216096,21263968
object_haka_obj,28241920,28272704,21263968,21286368
object_dnt,28274688,28320464,21286368,21318768
object_yukiyama,28323840,28350576,21318768,21337936
object_icefloe,28352512,28355776,21337936,21340144
object_gi_gold_dust,28356608,28361024,21340144,21343456
object_gi_bottle_16,28364800,28369696,21343456,21346784
object_gi_bottle_22,28372992,28379840,21346784,21351248
object_bee,28381184,28386208,21351248,21353440
object_ot,28389376,28408640,21353440,21363296
object_utubo,28409856,28429008,21363296,21373312
object_dora,28430336,28451344,21373312,21388112
object_gi_loach,28454912,28460096,21388112,21391584
object_gi_seahorse,28463104,28469200,21391584,21395264
object_bigpo,28471296,28494880,21395264,21411280
object_hariko,28495872,28496928,21411280,21412048
object_dno,28499968,28557840,21412048,21457120
object_sinkai_kabe,28561408,28561536,21457120,21457216
object_kin2_obj,28565504,28599232,21457216,21476032
object_ishi,28602368,28605024,21476032,21478016
object_hakugin_demo,28606464,28619664,21478016,21491776
object_jg,28622848,28733984,21491776,21573104
object_gi_sword_2,28737536,28743008,21573104,21576224
object_gi_sword_3,28745728,28750496,21576224,21579296
object_gi_sword_4,28753920,28759136,21579296,21582992
object_um,28762112,28868128,21582992,21634256
object_rb,28868608,28876528,21634256,21639408
object_mbar_obj,28876800,28883424,21639408,21644352
object_ikana_obj,28884992,28973984,21644352,21688880
object_kz,28975104,29038848,21688880,21735264
object_tokei_turret,29040640,29053248,21735264,21742016
object_zog,29057024,29225344,21742016,21871952
object_rotlift,29229056,29249056,21871952,21885728
object_posthouse_obj,29249536,29260160,21885728,21890640
object_gi_mask09,29261824,29267808,21890640,21894240
object_gi_mask14,29270016,29278080,21894240,21899344
object_gi_mask15,29278208,29285216,21899344,21904528
object_inibs_object,29286400,29347552,21904528,21938688
object_tree,29347840,29354848,21938688,21943312
object_kaizoku_obj,29356032,29403296,21943312,21971520
object_gi_reserve_b_00,29405184,29409328,21971520,21974080
object_gi_reserve_c_00,29413376,29417696,21974080,21976368
object_zob,29421568,29491552,21976368,22019376
object_milkbar,29495296,29567152,22019376,22067952
object_dmask,29569024,29586112,22067952,22078464
object_gi_reserve_c_01,29589504,29593344,22078464,22080880
object_zod,29593600,29649344,22080880,22108640
object_kumo30,29650944,29664112,22108640,22119296
object_obj_yasi,29667328,29672544,22119296,22123136
object_tanron1,29675520,29675536,22123136,22123168
object_tanron2,29679616,29684384,22123168,22125184
object_tanron3,29687808,29692576,22125184,22127200
object_gi_magicmushroom,29696000,29699552,22127200,22129712
object_obj_chan,29700096,29713648,22129712,22138432
object_gi_mask10,29716480,29723840,22138432,22142624
object_zos,29724672,29817232,22142624,22209376
object_an2,29818880,29836000,22209376,22224752
object_an3,29839360,29850208,22224752,22234688
object_f40_switch,29851648,29855216,22234688,22236960
object_lodmoon,29855744,29871648,22236960,22246864
object_tro,29872128,29882720,22246864,22250048
object_gi_mask12,29884416,29888256,22250048,22252544
object_gi_mask23,29888512,29893904,22252544,22255728
object_gi_bottle_21,29896704,29904032,22255728,22260256
object_gi_camera,29904896,29911136,22260256,22264528
object_kamejima,29913088,29998752,22264528,22324704
object_nb,29999104,30035024,22324704,22345280
object_harfgibud,30035968,30127616,22345280,22407040
object_zov,30130176,30220912,22407040,22469664
object_ah,30224384,30264960,22469664,22491184
object_hgdoor,30265344,30272832,22491184,22496768
object_dor01,30273536,30279248,22496768,22499952
object_dor02,30281728,30287376,22499952,22504416
object_dor03,30289920,30295248,22504416,22508400
object_dor04,30298112,30303840,22508400,22512352
object_last_obj,30306304,30325536,22512352,22527856
object_redead_obj,30326784,30329776,22527856,22530544
object_ikninside_obj,30330880,30387840,22530544,22571120
object_iknv_obj,30388224,30466448,22571120,22620048
object_pamera,30470144,30527872,22620048,22652640
object_hsstump,30531584,30536160,22652640,22656624
object_zm,30539776,30591120,22656624,22693648
object_al,30593024,30649328,22693648,22728400
object_tab,30650368,30684864,22728400,22747472
object_secom_obj,30687232,30698736,22747472,22755424
object_dt,30699520,30745872,22755424,22780160
object_gi_mask03,30748672,30756528,22780160,22785008
object_cha,30756864,30764560,22785008,22791200
object_obj_dinner,30765056,30774848,22791200,22796816
object_gi_reserve_b_01,30777344,30783200,22796816,22800800
object_lastday,30785536,30796304,22800800,22809312
object_bai,30797824,30831024,22809312,22828352
object_ikn_demo,30834688,30891200,22828352,22870656
object_gi_fieldmap,30892032,30898208,22870656,22875472
object_big_fwall,30900224,30902976,22875472,22877632
object_hunsui,30904320,30910784,22877632,22879840
object_uch,30912512,30932576,22879840,22890960
object_tanron4,30932992,30936704,22890960,22892352
object_tanron5,30937088,30941856,22892352,22894368
object_in2,30945280,30994512,22894368,22927488
object_yb,30998528,31022944,22927488,22938176
object_rz,31023104,31078640,22938176,22969632
object_bjt,31080448,31089568,22969632,22975712
object_taru,31092736,31100128,22975712,22980448
object_moonston,31100928,31105584,22980448,22984816
object_gi_schedule,31109120,31115456,22984816,22989168
object_gi_stonemask,31117312,31122256,22989168,22992176
object_zoraband,31125504,31129408,22992176,22995520
object_kepn_koya,31129600,31162512,22995520,23016240
object_obj_usiyane,31166464,31175392,23016240,23021728
object_gi_mask05,31178752,31185600,23021728,23025664
object_gi_mask11,31186944,31194768,23025664,23029952
object_gi_mask20,31195136,31201344,23029952,23033888
object_nnh,31203328,31215264,23033888,23040896
object_kzsaku,31215616,31220048,23040896,23042320
object_obj_milk_bin,31223808,31230464,23042320,23045920
object_random_obj,31232000,31236848,23045920,23048896
object_kujiya,31240192,31265200,23048896,23062272
object_kitan,31268864,31301568,23062272,23078848
object_gi_mask06,31301632,31308000,23078848,23082096
object_gi_mask16,31309824,31317968,23082096,23086528
object_astr_obj,31318016,31327440,23086528,23091872
object_bsb,31330304,31384544,23091872,23138832
object_fall2,31387648,31422624,23138832,23158224
object_sth,31424512,31437328,23158224,23163744
object_gi_mssa,31440896,31446128,23163744,23166864
object_smtower,31449088,31455120,23166864,23172080
object_gi_mask21,31457280,31462320,23172080,23174336
object_yado_obj,31465472,31470320,23174336,23177872
object_syoten,31473664,31493536,23177872,23188736
object_moonend,31494144,31570432,23188736,23233440
object_ob,31571968,31669936,23233440,23291200
object_gi_bottle_04,31670272,31674976,23291200,23293968
object_and,31678464,31752928,23293968,23334864
object_obj_danpeilift,31756288,31759312,23334864,23337056
object_drs,31760384,31783568,23337056,23351104
object_msmo,31784960,31790752,23351104,23354224
object_an4,31793152,31828176,23354224,23387888
object_wdor01,31830016,31835824,23387888,23391904
object_wdor02,31838208,31844016,23391904,23396368
object_wdor03,31846400,31852208,23396368,23399776
object_wdor04,31854592,31860336,23399776,23403872
object_wdor05,31862784,31868528,23403872,23407472
object_stk3,31870976,31895392,23407472,23432480
object_kinsta1_obj,31895552,31900400,23432480,23436256
object_kinsta2_obj,31903744,31909104,23436256,23439744
object_bh,31911936,31919728,23439744,23443712
object_gi_mask17,31920128,31927376,23443712,23448000
object_gi_mask22,31928320,31934176,23448000,23451856
object_lbfshot,31936512,31941904,23451856,23456112
object_fusen,31944704,31954000,23456112,23462096
object_ending_obj,31956992,31991776,23462096,23484592
object_gi_mask13,31993856,31999488,23484592,23487120
scene_texture_01,32002048,32021760,23487120,23501088
scene_texture_02,32022528,32029952,23501088,23506064
scene_texture_03,32030720,32049152,23506064,23516320
scene_texture_04,32051200,32072192,23516320,23528816
scene_texture_05,32075776,32102400,23528816,23545168
scene_texture_06,32104448,32126048,23545168,23558336
scene_texture_07,32129024,32129040,23558336,23558368
scene_texture_08,32133120,32165888,23558368,23577216
nintendo_rogo_static,32165888,32177600,23577216,23583216
title_static,32178176,32371312,23583216,23709904
memerrmsg,32374784,32379520,23709904,23712096
locerrmsg,32382976,32384640,23712096,23713040
parameter_static,32387072,32437088,23713040,0
week_static,32440320,32444208,23763056,0
jpn_daytelop_static,32444416,32484096,23766944,23775008
d2_fine_static,32485376,32534528,23775008,23783760
d2_cloud_static,32534528,32583680,23783760,23806096
d2_fine_pal_static,32583680,32584192,23806096,23806496
elf_message_field,32587776,32587888,23806496,23806640
elf_message_ydan,32591872,32591888,23806640,23806672
Z2_20SICHITAI2,32595968,32663088,23806672,23859168
Z2_20SICHITAI2_room_00,32665600,32776768,23859168,23920032
Z2_20SICHITAI2_room_01,32780288,32855568,23920032,23964256
Z2_20SICHITAI2_room_02,32858112,32911520,23964256,23995904
Z2_WITCH_SHOP,32915456,32959424,23995904,24024112
Z2_WITCH_SHOP_room_00,32960512,33000032,24024112,24039824
Z2_LAST_BS,33001472,33035488,24039824,24060368
Z2_LAST_BS_room_00,33038336,33073344,24060368,24073632
Z2_HAKASHITA,33075200,33126016,24073632,24109264
Z2_HAKASHITA_room_00,33128448,33161280,24109264,24124704
Z2_HAKASHITA_room_01,33165312,33195568,24124704,24140352
Z2_HAKASHITA_room_02,33198080,33226720,24140352,24153072
Z2_HAKASHITA_room_03,33226752,33244784,24153072,24162320
Z2_HAKASHITA_room_04,33247232,33270208,24162320,24174768
Z2_AYASHIISHOP,33271808,33285280,24174768,24184144
Z2_AYASHIISHOP_room_00,33288192,33360512,24184144,24217728
Z2_AYASHIISHOP_room_01,33361920,33383712,24217728,24225808
Z2_OMOYA,33386496,33433632,24225808,24259152
Z2_OMOYA_room_00,33435648,33474016,24259152,24274928
Z2_OMOYA_room_01,33476608,33542208,24274928,24304560
Z2_OMOYA_room_02,33546240,33587120,24304560,24324080
Z2_BOWLING,33587200,33603744,24324080,24336272
Z2_BOWLING_room_00,33607680,33627472,24336272,24343712
Z2_SONCHONOIE,33628160,33658064,24343712,24362096
Z2_SONCHONOIE_room_00,33660928,33699280,24362096,24378128
Z2_SONCHONOIE_room_01,33701888,33730432,24378128,24392352
Z2_SONCHONOIE_room_02,33730560,33771888,24392352,24412272
Z2_SONCHONOIE_room_03,33775616,33815920,24412272,24429856
Z2_IKANA,33816576,33939248,24429856,24490640
Z2_IKANA_room_00,33939456,34135680,24490640,24615376
Z2_IKANA_room_01,34136064,34137232,24615376,24615904
Z2_IKANA_room_02,34140160,34158288,24615904,24626976
Z2_IKANA_room_03,34160640,34176112,24626976,24636384
Z2_IKANA_room_04,34177024,34218464,24636384,24661296
Z2_KAIZOKU,34222080,34295072,24661296,24709824
Z2_KAIZOKU_room_00,34295808,34377536,24709824,24732752
Z2_MILK_BAR,34377728,34431952,24732752,24766000
Z2_MILK_BAR_room_00,34435072,34480032,24766000,24783040
Z2_INISIE_N,34480128,34551280,24783040,24821824
Z2_INISIE_N_room_00,34553856,34624128,24821824,24852944
Z2_INISIE_N_room_01,34627584,34683536,24852944,24879968
Z2_INISIE_N_room_02,34684928,34725328,24879968,24897088
Z2_INISIE_N_room_03,34725888,34783520,24897088,24923376
Z2_INISIE_N_room_04,34787328,34828448,24923376,24941008
Z2_INISIE_N_room_05,34832384,34832816,24941008,24941280
Z2_INISIE_N_room_06,34836480,34836912,24941280,24941552
Z2_INISIE_N_room_07,34840576,34861120,24941552,24951456
Z2_INISIE_N_room_08,34865152,34889024,24951456,24962208
Z2_INISIE_N_room_09,34889728,34930368,24962208,24983280
Z2_INISIE_N_room_10,34930688,34955104,24983280,24996048
Z2_INISIE_N_room_11,34955264,34955728,24996048,24996368
Z2_TAKARAYA,34959360,34998400,24996368,25021584
Z2_TAKARAYA_room_00,35000320,35032704,25021584,25034224
Z2_INISIE_R,35033088,35102992,25034224,25071616
Z2_INISIE_R_room_00,35106816,35179680,25071616,25104112
Z2_INISIE_R_room_01,35180544,35231712,25104112,25127952
Z2_INISIE_R_room_02,35233792,35276704,25127952,25146720
Z2_INISIE_R_room_03,35278848,35335888,25146720,25172336
Z2_INISIE_R_room_04,35336192,35376768,25172336,25190144
Z2_INISIE_R_room_05,35377152,35377712,25190144,25190528
Z2_INISIE_R_room_06,35381248,35381776,25190528,25190880
Z2_INISIE_R_room_07,35385344,35385808,25190880,25191184
Z2_INISIE_R_room_08,35389440,35413312,25191184,25201408
Z2_INISIE_R_room_09,35414016,35414480,25201408,25201744
Z2_INISIE_R_room_10,35418112,35440704,25201744,25214112
Z2_INISIE_R_room_11,35442688,35462320,25214112,25222768
Z2_OKUJOU,35463168,35566272,25222768,25270160
Z2_OKUJOU_room_00,35569664,35581824,25270160,25274736
Z2_OPENINGDAN,35581952,35632288,25274736,25300160
Z2_OPENINGDAN_room_00,35635200,35685520,25300160,25326368
Z2_OPENINGDAN_room_01,35688448,35718016,25326368,25340368
Z2_MITURIN,35721216,35812240,25340368,25396240
Z2_MITURIN_room_00,35815424,35857472,25396240,25415600
Z2_MITURIN_room_01,35860480,35895408,25415600,25431280
Z2_MITURIN_room_02,35897344,35926272,25431280,25445984
Z2_MITURIN_room_03,35930112,35971392,25445984,25463600
Z2_MITURIN_room_04,35975168,35988560,25463600,25471696
Z2_MITURIN_room_05,35991552,36019232,25471696,25484224
Z2_MITURIN_room_06,36020224,36034576,25484224,25492640
Z2_MITURIN_room_07,36036608,36052832,25492640,25501872
Z2_MITURIN_room_08,36052992,36081456,25501872,25517552
Z2_MITURIN_room_09,36081664,36129248,25517552,25540496
Z2_MITURIN_room_10,36130816,36153952,25540496,25550256
Z2_MITURIN_room_11,36155392,36186480,25550256,25566864
Z2_MITURIN_room_12,36188160,36203664,25566864,25579280
Z2_13HUBUKINOMITI,36204544,36236784,25579280,25606672
Z2_13HUBUKINOMITI_room_00,36237312,36255008,25606672,25618432
Z2_CASTLE,36257792,36317296,25618432,25653856
Z2_CASTLE_room_00,36319232,36418208,25653856,25710592
Z2_CASTLE_room_01,36421632,36453680,25710592,25729888
Z2_CASTLE_room_02,36454400,36483728,25729888,25750800
Z2_CASTLE_room_03,36487168,36515856,25750800,25769808
Z2_CASTLE_room_04,36519936,36561504,25769808,25794608
Z2_CASTLE_room_05,36564992,36585504,25794608,25806176
Z2_CASTLE_room_06,36589568,36603264,25806176,25815296
Z2_CASTLE_room_07,36605952,36621856,25815296,25825440
Z2_CASTLE_room_08,36622336,36626112,25825440,25827600
Z2_CASTLE_room_09,36626432,36630208,25827600,25829744
Z2_DEKUTES,36630528,36675216,25829744,25856928
Z2_DEKUTES_room_00,36675584,36692544,25856928,25863616
Z2_MITURIN_BS,36696064,36718928,25863616,25880656
Z2_MITURIN_BS_room_00,36720640,36727744,25880656,25883008
Z2_SYATEKI_MIZU,36728832,36767424,25883008,25908496
Z2_SYATEKI_MIZU_room_00,36769792,36794704,25908496,25917872
Z2_HAKUGIN,36798464,36907312,25917872,25988656
Z2_HAKUGIN_room_00,36909056,36948960,25988656,26017888
Z2_HAKUGIN_room_01,36950016,36981936,26017888,26043632
Z2_HAKUGIN_room_02,36982784,37036656,26043632,26080864
Z2_HAKUGIN_room_03,37040128,37072816,26080864,26106032
Z2_HAKUGIN_room_04,37072896,37222528,26106032,26197840
Z2_HAKUGIN_room_05,37224448,37262352,26197840,26224368
Z2_HAKUGIN_room_06,37265408,37288400,26224368,26242096
Z2_HAKUGIN_room_07,37289984,37317264,26242096,26264000
Z2_HAKUGIN_room_08,37318656,37341120,26264000,26279344
Z2_HAKUGIN_room_09,37343232,37381088,26279344,26304832
Z2_HAKUGIN_room_10,37384192,37397632,26304832,26314016
Z2_HAKUGIN_room_11,37400576,37414640,26314016,26324080
Z2_HAKUGIN_room_12,37416960,37446672,26324080,26345520
Z2_HAKUGIN_room_13,37449728,37472960,26345520,26361600
Z2_ROMANYMAE,37474304,37488304,26361600,26371856
Z2_ROMANYMAE_room_00,37490688,37503840,26371856,26379440
Z2_PIRATE,37507072,37590848,26379440,26429136
Z2_PIRATE_room_00,37593088,37605312,26429136,26434080
Z2_PIRATE_room_01,37605376,37625344,26434080,26441472
Z2_PIRATE_room_02,37625856,37647488,26441472,26448768
Z2_PIRATE_room_03,37650432,37747856,26448768,26487808
Z2_PIRATE_room_04,37748736,37761376,26487808,26493600
Z2_PIRATE_room_05,37765120,37829408,26493600,26511952
Z2_PIRATE_room_06,37830656,37846272,26511952,26519632
Z2_PIRATE_room_07,37847040,37919232,26519632,26548288
Z2_PIRATE_room_08,37920768,37935072,26548288,26554880
Z2_PIRATE_room_09,37937152,37977392,26554880,26572832
Z2_PIRATE_room_10,37978112,38022240,26572832,26592000
Z2_PIRATE_room_11,38023168,38063216,26592000,26609712
Z2_PIRATE_room_12,38064128,38118944,26609712,26631920
Z2_PIRATE_room_13,38121472,38138352,26631920,26639584
Z2_PIRATE_room_14,38141952,38147392,26639584,26643056
Z2_SYATEKI_MORI,38150144,38222944,26643056,26691216
Z2_SYATEKI_MORI_room_00,38223872,38248528,26691216,26702352
Z2_SINKAI,38252544,38293152,26702352,26736176
Z2_SINKAI_room_00,38293504,38325328,26736176,26754192
Z2_YOUSEI_IZUMI,38326272,38470592,26754192,26817680
Z2_YOUSEI_IZUMI_room_00,38473728,38494432,26817680,26826624
Z2_YOUSEI_IZUMI_room_01,38498304,38518880,26826624,26835472
Z2_YOUSEI_IZUMI_room_02,38522880,38543488,26835472,26844304
Z2_YOUSEI_IZUMI_room_03,38547456,38568032,26844304,26853168
Z2_YOUSEI_IZUMI_room_04,38572032,38592656,26853168,26862048
Z2_KINSTA1,38596608,38636416,26862048,26885536
Z2_KINSTA1_room_00,38637568,38653520,26885536,26893136
Z2_KINSTA1_room_01,38653952,38702096,26893136,26913008
Z2_KINSTA1_room_02,38703104,38728096,26913008,26926320
Z2_KINSTA1_room_03,38731776,38759232,26926320,26939168
Z2_KINSTA1_room_04,38760448,38805360,26939168,26956384
Z2_KINSTA1_room_05,38805504,38816032,26956384,26962944
Z2_KINDAN2,38817792,38878656,26962944,26999232
Z2_KINDAN2_room_00,38879232,38907984,26999232,27015616
Z2_KINDAN2_room_01,38912000,38964128,27015616,27036064
Z2_KINDAN2_room_02,38965248,39017248,27036064,27060736
Z2_KINDAN2_room_03,39018496,39065696,27060736,27082208
Z2_KINDAN2_room_04,39067648,39094080,27082208,27094416
Z2_KINDAN2_room_05,39096320,39131200,27094416,27110400
Z2_TENMON_DAI,39133184,39167232,27110400,27132400
Z2_TENMON_DAI_room_00,39170048,39246560,27132400,27164464
Z2_TENMON_DAI_room_01,39247872,39363680,27164464,27218576
Z2_LAST_DEKU,39366656,39384464,27218576,27231056
Z2_LAST_DEKU_room_00,39387136,39451840,27231056,27278000
Z2_LAST_DEKU_room_01,39452672,39474976,27278000,27294240
Z2_22DEKUCITY,39477248,39531040,27294240,27330848
Z2_22DEKUCITY_room_00,39534592,39606864,27330848,27363360
Z2_22DEKUCITY_room_01,39608320,39668144,27363360,27388672
Z2_22DEKUCITY_room_02,39669760,39744688,27388672,27422496
Z2_KAJIYA,39747584,39778768,27422496,27444960
Z2_KAJIYA_room_00,39780352,39835936,27444960,27466464
Z2_00KEIKOKU,39837696,40068416,27466464,27608656
Z2_00KEIKOKU_room_00,40071168,40237104,27608656,27683296
Z2_POSTHOUSE,40239104,40277936,27683296,27709568
Z2_POSTHOUSE_room_00,40280064,40315152,27709568,27722688
Z2_LABO,40316928,40373312,27722688,27759984
Z2_LABO_room_00,40374272,40408736,27759984,27774976
Z2_DANPEI2TEST,40411136,40434752,27774976,27793248
Z2_DANPEI2TEST_room_00,40435712,40528992,27793248,27833952
Z2_DANPEI2TEST_room_01,40529920,40553648,27833952,27842480
Z2_16GORON_HOUSE,40554496,40615872,27842480,27886256
Z2_16GORON_HOUSE_room_00,40615936,40673584,27886256,27911472
Z2_16GORON_HOUSE_room_01,40677376,40709168,27911472,27928128
Z2_33ZORACITY,40710144,40769328,27928128,27976896
Z2_33ZORACITY_room_00,40771584,40812656,27976896,27996576
Z2_8ITEMSHOP,40816640,40858224,27996576,28024256
Z2_8ITEMSHOP_room_00,40861696,40913456,28024256,28043600
Z2_F01,40914944,41040528,28043600,28127984
Z2_F01_room_00,41041920,41094624,28127984,28154992
Z2_INISIE_BS,41095168,41106448,28154992,28162240
Z2_INISIE_BS_room_00,41107456,41107888,28162240,28162496
Z2_30GYOSON,41111552,41238240,28162496,28250656
Z2_30GYOSON_room_00,41238528,41358064,28250656,28305744
Z2_31MISAKI,41361408,41458976,28305744,28378832
Z2_31MISAKI_room_00,41459712,41555008,28378832,28425088
Z2_TAKARAKUJI,41558016,41572816,28425088,28438336
Z2_TAKARAKUJI_room_00,41574400,41585488,28438336,28442832
Z2_TORIDE,41586688,41635920,28442832,28482656
Z2_TORIDE_room_00,41639936,41693696,28482656,28505184
Z2_FISHERMAN,41697280,41734480,28505184,28533744
Z2_FISHERMAN_room_00,41738240,41772352,28533744,28547952
Z2_GORONSHOP,41775104,41825072,28547952,28583536
Z2_GORONSHOP_room_00,41828352,41866656,28583536,28599296
Z2_DEKU_KING,41869312,41941952,28599296,28644480
Z2_DEKU_KING_room_00,41943040,41981152,28644480,28661328
Z2_LAST_GORON,41984000,42025888,28661328,28687232
Z2_LAST_GORON_room_00,42029056,42133968,28687232,28748720
Z2_LAST_GORON_room_01,42135552,42157104,28748720,28764928
Z2_24KEMONOMITI,42160128,42191696,28764928,28789024
Z2_24KEMONOMITI_room_00,42192896,42217952,28789024,28802528
Z2_F01_B,42221568,42275104,28802528,28843776
Z2_F01_B_room_00,42278912,42306624,28843776,28856416
Z2_F01C,42307584,42371248,28856416,28898880
Z2_F01C_room_00,42373120,42395888,28898880,28908288
Z2_BOTI,42397696,42465488,28908288,28956640
Z2_BOTI_room_00,42467328,42517808,28956640,28984016
Z2_BOTI_room_01,42520576,42560304,28984016,29008064
Z2_HAKUGIN_BS,42561536,42614320,29008064,29040800
Z2_HAKUGIN_BS_room_00,42614784,42639744,29040800,29051568
Z2_20SICHITAI,42643456,42714464,29051568,29107344
Z2_20SICHITAI_room_00,42717184,42838928,29107344,29177264
Z2_20SICHITAI_room_01,42840064,42923264,29177264,29227984
Z2_20SICHITAI_room_02,42926080,42984672,29227984,29265056
Z2_21MITURINMAE,42987520,43032560,29265056,29296912
Z2_21MITURINMAE_room_00,43032576,43097152,29296912,29321056
Z2_LAST_ZORA,43098112,43206176,29321056,29401472
Z2_LAST_ZORA_room_00,43208704,43267184,29401472,29422720
Z2_11GORONNOSATO2,43270144,43296512,29422720,29443648
Z2_11GORONNOSATO2_room_00,43298816,43390704,29443648,29502416
Z2_11GORONNOSATO2_room_01,43393024,43402912,29502416,29507984
Z2_SEA,43405312,43517760,29507984,29577584
Z2_SEA_room_00,43520000,43587456,29577584,29608672
Z2_SEA_room_01,43589632,43629408,29608672,29626192
Z2_SEA_room_02,43630592,43638736,29626192,29629872
Z2_SEA_room_03,43638784,43647712,29629872,29633648
Z2_SEA_room_04,43651072,43697152,29633648,29656992
Z2_SEA_room_05,43700224,43725632,29656992,29670704
Z2_SEA_room_06,43728896,43782688,29670704,29697776
Z2_SEA_room_07,43786240,43811056,29697776,29711232
Z2_SEA_room_08,43814912,43857344,29711232,29728304
Z2_SEA_room_09,43859968,43880256,29728304,29736656
Z2_SEA_room_10,43880448,43918096,29736656,29752208
Z2_SEA_room_11,43921408,43973808,29752208,29778144
Z2_SEA_room_12,43974656,44012720,29778144,29795632
Z2_SEA_room_13,44015616,44029472,29795632,29802560
Z2_SEA_room_14,44032000,44042032,29802560,29808400
Z2_SEA_room_15,44044288,44053504,29808400,29812432
Z2_35TAKI,44056576,44156928,29812432,29896080
Z2_35TAKI_room_00,44158976,44260624,29896080,29949552
Z2_REDEAD,44261376,44317264,29949552,29982992
Z2_REDEAD_room_00,44318720,44339856,29982992,29991632
Z2_REDEAD_room_01,44343296,44380896,29991632,30006576
Z2_REDEAD_room_02,44384256,44417024,30006576,30019360
Z2_REDEAD_room_03,44417024,44447968,30019360,30031232
Z2_REDEAD_room_04,44449792,44479472,30031232,30043664
Z2_REDEAD_room_05,44482560,44520256,30043664,30057824
Z2_REDEAD_room_06,44523520,44551760,30057824,30069520
Z2_REDEAD_room_07,44552192,44576864,30069520,30079008
Z2_REDEAD_room_08,44580864,44590608,30079008,30082960
Z2_REDEAD_room_09,44593152,44603344,30082960,30087120
Z2_REDEAD_room_10,44605440,44616096,30087120,30091456
Z2_REDEAD_room_11,44617728,44670400,30091456,30121216
Z2_REDEAD_room_12,44670976,44674864,30121216,30122704
Z2_REDEAD_room_13,44675072,44687168,30122704,30128368
Z2_BANDROOM,44687360,44734640,30128368,30160096
Z2_BANDROOM_room_00,44736512,44810192,30160096,30205120
Z2_BANDROOM_room_01,44810240,44857120,30205120,30232208
Z2_BANDROOM_room_02,44859392,44918192,30232208,30265232
Z2_BANDROOM_room_03,44920832,44963696,30265232,30292496
Z2_BANDROOM_room_04,44965888,45004368,30292496,30314160
Z2_11GORONNOSATO,45006848,45029104,30314160,30331296
Z2_11GORONNOSATO_room_00,45031424,45112416,30331296,30379536
Z2_11GORONNOSATO_room_01,45113344,45124192,30379536,30386160
Z2_GORON_HAKA,45125632,45160336,30386160,30410784
Z2_GORON_HAKA_room_00,45162496,45194672,30410784,30425344
Z2_SECOM,45195264,45222416,30425344,30441904
Z2_SECOM_room_00,45223936,45236976,30441904,30449600
Z2_SECOM_room_01,45240320,45304240,30449600,30477584
Z2_10YUKIYAMANOMURA,45305856,45364800,30477584,30518080
Z2_10YUKIYAMANOMURA_room_00,45367296,45414080,30518080,30541312
Z2_TOUGITES,45416448,45443008,30541312,30559984
Z2_TOUGITES_room_00,45445120,45462992,30559984,30568272
Z2_DANPEI,45465600,45533952,30568272,30614304
Z2_DANPEI_room_00,45535232,45579200,30614304,30636160
Z2_DANPEI_room_01,45580288,45613696,30636160,30651328
Z2_DANPEI_room_02,45617152,45668560,30651328,30674896
Z2_DANPEI_room_03,45670400,45711120,30674896,30696960
Z2_DANPEI_room_04,45711360,45733040,30696960,30707728
Z2_DANPEI_room_05,45735936,45776496,30707728,30727120
Z2_DANPEI_room_06,45776896,45822544,30727120,30746336
Z2_DANPEI_room_07,45826048,45882128,30746336,30771936
Z2_DANPEI_room_08,45883392,45909008,30771936,30786512
Z2_IKANAMAE,45912064,45944960,30786512,30813792
Z2_IKANAMAE_room_00,45948928,45968320,30813792,30824080
Z2_DOUJOU,45969408,45999408,30824080,30846496
Z2_DOUJOU_room_00,46002176,46028000,30846496,30856912
Z2_MUSICHOUSE,46030848,46144576,30856912,30932960
Z2_MUSICHOUSE_room_00,46145536,46196384,30932960,30953904
Z2_IKNINSIDE,46198784,46246928,30953904,30983808
Z2_IKNINSIDE_room_00,46247936,46258544,30983808,30987696
Z2_IKNINSIDE_room_01,46260224,46290944,30987696,31002208
Z2_MAP_SHOP,46292992,46321696,31002208,31023200
Z2_MAP_SHOP_room_00,46325760,46348384,31023200,31031216
Z2_F40,46350336,46433024,31031216,31093728
Z2_F40_room_00,46436352,46485056,31093728,31117248
Z2_F41,46485504,46566128,31117248,31178400
Z2_F41_room_00,46567424,46614880,31178400,31201056
Z2_10YUKIYAMANOMURA2,46616576,46645344,31201056,31219888
Z2_10YUKIYAMANOMURA2_room_00,46649344,46773392,31219888,31294816
Z2_10YUKIYAMANOMURA2_room_01,46776320,46784048,31294816,31299152
Z2_14YUKIDAMANOMITI,46784512,46808304,31299152,31316880
Z2_14YUKIDAMANOMITI_room_00,46809088,46826928,31316880,31328176
Z2_12HAKUGINMAE,46829568,46859600,31328176,31351936
Z2_12HAKUGINMAE_room_00,46862336,46891184,31351936,31369504
Z2_17SETUGEN,46895104,46934960,31369504,31395024
Z2_17SETUGEN_room_00,46936064,46966512,31395024,31409776
Z2_17SETUGEN2,46968832,47004368,31409776,31438416
Z2_17SETUGEN2_room_00,47005696,47034848,31438416,31453248
Z2_SEA_BS,47038464,47061840,31453248,31472480
Z2_SEA_BS_room_00,47063040,47085392,31472480,31480704
Z2_RANDOM,47087616,47133408,31480704,31508560
Z2_RANDOM_room_00,47136768,47148400,31508560,31513600
Z2_RANDOM_room_01,47149056,47193312,31513600,31532448
Z2_RANDOM_room_02,47194112,47230128,31532448,31550944
Z2_RANDOM_room_03,47230976,47267184,31550944,31569584
Z2_RANDOM_room_04,47267840,47287408,31569584,31580112
Z2_RANDOM_room_05,47288320,47309536,31580112,31592064
Z2_YADOYA,47312896,47375440,31592064,31626256
Z2_YADOYA_room_00,47378432,47477952,31626256,31667600
Z2_YADOYA_room_01,47480832,47514416,31667600,31681840
Z2_YADOYA_room_02,47517696,47541984,31681840,31690912
Z2_YADOYA_room_03,47542272,47562944,31690912,31698176
Z2_YADOYA_room_04,47566848,47596848,31698176,31708192
Z2_KONPEKI_ENT,47599616,47628832,31708192,31726896
Z2_KONPEKI_ENT_room_00,47632384,47657888,31726896,31738592
Z2_INSIDETOWER,47661056,47693632,31738592,31750288
Z2_INSIDETOWER_room_00,47693824,47757840,31750288,31789616
Z2_INSIDETOWER_room_01,47759360,47759792,31789616,31789872
Z2_26SARUNOMORI,47763456,47813856,31789872,31824016
Z2_26SARUNOMORI_room_00,47816704,47830512,31824016,31831392
Z2_26SARUNOMORI_room_01,47833088,47846880,31831392,31838656
Z2_26SARUNOMORI_room_02,47849472,47866464,31838656,31848880
Z2_26SARUNOMORI_room_03,47869952,47880048,31848880,31854032
Z2_26SARUNOMORI_room_04,47882240,47895632,31854032,31861152
Z2_26SARUNOMORI_room_05,47898624,47908720,31861152,31866304
Z2_26SARUNOMORI_room_06,47910912,47927344,31866304,31875072
Z2_26SARUNOMORI_room_07,47931392,47941488,31875072,31880256
Z2_26SARUNOMORI_room_08,47943680,47957296,31880256,31887648
Z2_LOST_WOODS,47960064,48024016,31887648,31918832
Z2_LOST_WOODS_room_00,48025600,48058608,31918832,31941408
Z2_LOST_WOODS_room_01,48062464,48102688,31941408,31969872
Z2_LOST_WOODS_room_02,48103424,48111040,31969872,31972464
Z2_LAST_LINK,48111616,48136464,31972464,31990304
Z2_LAST_LINK_room_00,48140288,48169136,31990304,32011584
Z2_LAST_LINK_room_01,48173056,48190832,32011584,32024064
Z2_LAST_LINK_room_02,48193536,48219664,32024064,32044784
Z2_LAST_LINK_room_03,48222208,48255360,32044784,32070032
Z2_LAST_LINK_room_04,48259072,48273568,32070032,32080640
Z2_LAST_LINK_room_05,48275456,48297648,32080640,32096928
Z2_LAST_LINK_room_06,48300032,48302768,32096928,32098016
Z2_LAST_LINK_room_07,48304128,48306864,32098016,32099088
Z2_SOUGEN,48308224,48353248,32099088,32129568
Z2_SOUGEN_room_00,48353280,48384736,32129568,32143712
Z2_BOMYA,48386048,48437712,32143712,32174528
Z2_BOMYA_room_00,48439296,48471776,32174528,32186896
Z2_KYOJINNOMA,48472064,48532912,32186896,32204160
Z2_KYOJINNOMA_room_00,48533504,48540208,32204160,32206544
Z2_KOEPONARACE,48541696,48583824,32206544,32241504
Z2_KOEPONARACE_room_00,48586752,48620608,32241504,32258864
Z2_GORONRACE,48623616,48686736,32258864,32308496
Z2_GORONRACE_room_00,48689152,48745328,32308496,32342624
Z2_TOWN,48746496,48871280,32342624,32429696
Z2_TOWN_room_00,48873472,48969376,32429696,32469584
Z2_ICHIBA,48971776,49061440,32469584,32532272
Z2_ICHIBA_room_00,49061888,49105664,32532272,32548880
Z2_BACKTOWN,49106944,49176288,32548880,32597424
Z2_BACKTOWN_room_00,49176576,49217920,32597424,32614368
Z2_CLOCKTOWER,49221632,49362464,32614368,32709952
Z2_CLOCKTOWER_room_00,49364992,49445040,32709952,32738592
Z2_ALLEY,49446912,49515856,32738592,32786000
Z2_ALLEY_room_00,49516544,49551600,32786000,32801664
SPOT00,49553408,49604416,32801664,32815712
SPOT00_room_00,49606656,49608976,32815712,32816816
KAKUSIANA,49610752,49675472,32816816,32865648
KAKUSIANA_room_00,49676288,49691280,32865648,32873968
KAKUSIANA_room_01,49692672,49719600,32873968,32894592
KAKUSIANA_room_02,49721344,49729952,32894592,32899648
KAKUSIANA_room_03,49733632,49742496,32899648,32905600
KAKUSIANA_room_04,49745920,49752480,32905600,32909072
KAKUSIANA_room_05,49754112,49759984,32909072,32912768
KAKUSIANA_room_06,49762304,49771312,32912768,32917600
KAKUSIANA_room_07,49774592,49785472,32917600,32925584
KAKUSIANA_room_08,49786880,49799520,32925584,32933456
KAKUSIANA_room_09,49803264,49811984,32933456,32938448
KAKUSIANA_room_10,49815552,49820576,32938448,32941328
KAKUSIANA_room_11,49823744,49833456,32941328,32948352
KAKUSIANA_room_12,49836032,49861856,32948352,32964000
KAKUSIANA_room_13,49864704,49878880,32964000,32971552
KAKUSIANA_room_14,49881088,49890000,32971552,32976432
TEST01,49893376,49913360,32976432,0
TEST01_room_00,49913856,49955120,32996416,0
bump_texture_static,49958912,49959936,33037680,33038352
anime_model_1_static,49963008,49963024,33038352,0
anime_model_2_static,49967104,49967120,33038368,0
anime_model_3_static,49971200,49971216,33038384,0
anime_model_4_static,49975296,49975312,33038400,0
anime_model_5_static,49979392,49979408,33038416,0
anime_model_6_static,49983488,49983504,33038432,0
anime_texture_1_static,49987584,49987600,33038448,0
anime_texture_2_static,49991680,49991696,33038464,0
anime_texture_3_static,49995776,49995792,33038480,0
anime_texture_4_static,49999872,49999888,33038496,0
anime_texture_5_static,50003968,50003984,33038512,0
anime_texture_6_static,50008064,50008080,33038528,0
softsprite_matrix_static,50012160,50012224,33038544,33038576
