makerom,0,4192,0,0
boot,4192,77680,4192,0
dmadata,77680,102448,77680,0
Audiobank,102448,282096,102448,0
Audioseq,282096,608368,282096,0
Audiotable,608368,5135360,608368,0
link_animetion,5135360,7649328,5135360,0
icon_item_static,7651328,8215712,7651328,0
icon_item_24_static,8216576,8262656,8216576,0
icon_item_field_static,8265728,8313136,8265728,0
icon_item_dungeon_static,8314880,8322432,8314880,0
icon_item_gameover_static,8323072,8338560,8323072,0
icon_item_nes_static,8339456,8395904,8339456,0
icon_item_ger_static,8396800,8457088,8396800,0
icon_item_fra_static,8458240,8520832,8458240,0
item_name_static,8523776,8901632,8523776,0
map_name_static,8904704,9110528,8904704,0
do_action_static,9113600,9147008,9113600,0
message_static,9150464,9167232,9150464,0
message_texture_static,9170944,9175552,9170944,0
nes_font_static,9179136,9197056,9179136,0
nes_message_data_static,9199616,9429280,9199616,0
ger_message_data_static,9433088,9677264,9433088,0
fra_message_data_static,9678848,9904576,9678848,0
staff_message_data_static,9908224,9912144,9908224,0
map_grand_static,9912320,9970512,9912320,0
map_i_static,10113024,11088144,10113024,0
map_48x85_static,9973760,10112480,9973760,0
code,11091968,12382000,11091968,0
ovl_title,12382000,12384960,12382000,0
ovl_select,12384960,12397344,12384960,0
ovl_opening,12397344,12397680,12397344,0
ovl_file_choose,12397680,12461872,12397680,0
ovl_kaleido_scope,12461872,12587184,12461872,0
ovl_player_actor,12587184,12745024,12587184,0
ovl_map_mark_data,12745024,12772384,12745024,0
ovl_En_Test,12772384,12795088,12772384,0
ovl_Arms_Hook,12795088,12798688,12795088,0
ovl_Arrow_Fire,12798688,12806816,12798688,0
ovl_Arrow_Ice,12806816,12814976,12806816,0
ovl_Arrow_Light,12814976,12823152,12814976,0
ovl_Bg_Bdan_Objects,12823152,12828128,12823152,0
ovl_Bg_Bdan_Switch,12828128,12833568,12828128,0
ovl_Bg_Bom_Guard,12833568,12834208,12833568,0
ovl_Bg_Bombwall,12834208,12836656,12834208,0
ovl_Bg_Bowl_Wall,12836656,12839344,12836656,0
ovl_Bg_Breakwall,12839344,12843136,12839344,0
ovl_Bg_Ddan_Jd,12843136,12844736,12843136,0
ovl_Bg_Ddan_Kd,12844736,12847056,12844736,0
ovl_Bg_Dodoago,12847056,12850576,12847056,0
ovl_Bg_Dy_Yoseizo,12850576,12863104,12850576,0
ovl_Bg_Ganon_Otyuka,12863104,12873408,12863104,0
ovl_Bg_Gate_Shutter,12873408,12874784,12873408,0
ovl_Bg_Gjyo_Bridge,12874784,12876176,12874784,0
ovl_Bg_Gnd_Darkmeiro,12876176,12878368,12876176,0
ovl_Bg_Gnd_Firemeiro,12878368,12879872,12878368,0
ovl_Bg_Gnd_Iceblock,12879872,12884384,12879872,0
ovl_Bg_Gnd_Nisekabe,12884384,12884752,12884384,0
ovl_Bg_Gnd_Soulmeiro,12884752,12887040,12884752,0
ovl_Bg_Haka,12887040,12888896,12887040,0
ovl_Bg_Haka_Gate,12888896,12893440,12888896,0
ovl_Bg_Haka_Huta,12893440,12896128,12893440,0
ovl_Bg_Haka_Megane,12896128,12897136,12896128,0
ovl_Bg_Haka_MeganeBG,12897136,12898848,12897136,0
ovl_Bg_Haka_Sgami,12898848,12901952,12898848,0
ovl_Bg_Haka_Ship,12901952,12904928,12901952,0
ovl_Bg_Haka_Trap,12904928,12910480,12904928,0
ovl_Bg_Haka_Tubo,12910480,12913216,12910480,0
ovl_Bg_Haka_Water,12913216,12915456,12913216,0
ovl_Bg_Haka_Zou,12915456,12920016,12915456,0
ovl_Bg_Heavy_Block,12920016,12926688,12920016,0
ovl_Bg_Hidan_Curtain,12926688,12929888,12926688,0
ovl_Bg_Hidan_Dalm,12929888,12932000,12929888,0
ovl_Bg_Hidan_Firewall,12932000,12934016,12932000,0
ovl_Bg_Hidan_Fslift,12934016,12935216,12934016,0
ovl_Bg_Hidan_Fwbig,12935216,12938624,12935216,0
ovl_Bg_Hidan_Hamstep,12938624,12942960,12938624,0
ovl_Bg_Hidan_Hrock,12942960,12945056,12942960,0
ovl_Bg_Hidan_Kousi,12945056,12946784,12945056,0
ovl_Bg_Hidan_Kowarerukabe,12946784,12950976,12946784,0
ovl_Bg_Hidan_Rock,12950976,12955456,12950976,0
ovl_Bg_Hidan_Rsekizou,12955456,12958720,12955456,0
ovl_Bg_Hidan_Sekizou,12958720,12964112,12958720,0
ovl_Bg_Hidan_Sima,12964112,12968192,12964112,0
ovl_Bg_Hidan_Syoku,12968192,12969296,12968192,0
ovl_Bg_Ice_Objects,12969296,12973184,12969296,0
ovl_Bg_Ice_Shelter,12973184,12978176,12973184,0
ovl_Bg_Ice_Shutter,12978176,12979296,12978176,0
ovl_Bg_Ice_Turara,12979296,12981376,12979296,0
ovl_Bg_Ingate,12981376,12982432,12981376,0
ovl_Bg_Jya_1flift,12982432,12984320,12982432,0
ovl_Bg_Jya_Amishutter,12984320,12985376,12984320,0
ovl_Bg_Jya_Bigmirror,12985376,12988128,12985376,0
ovl_Bg_Jya_Block,12988128,12988896,12988128,0
ovl_Bg_Jya_Bombchuiwa,12988896,12992224,12988896,0
ovl_Bg_Jya_Bombiwa,12992224,12994096,12992224,0
ovl_Bg_Jya_Cobra,12994096,13002416,12994096,0
ovl_Bg_Jya_Goroiwa,13002416,13004288,13002416,0
ovl_Bg_Jya_Haheniron,13004288,13006304,13004288,0
ovl_Bg_Jya_Ironobj,13006304,13010048,13006304,0
ovl_Bg_Jya_Kanaami,13010048,13011168,13010048,0
ovl_Bg_Jya_Lift,13011168,13012592,13011168,0
ovl_Bg_Jya_Megami,13012592,13017472,13012592,0
ovl_Bg_Jya_Zurerukabe,13017472,13019568,13017472,0
ovl_Bg_Menkuri_Eye,13019568,13020896,13019568,0
ovl_Bg_Menkuri_Kaiten,13020896,13021280,13020896,0
ovl_Bg_Menkuri_Nisekabe,13021280,13021616,13021280,0
ovl_Bg_Mizu_Bwall,13021616,13027680,13021616,0
ovl_Bg_Mizu_Movebg,13027680,13032304,13027680,0
ovl_Bg_Mizu_Shutter,13032304,13034496,13032304,0
ovl_Bg_Mizu_Uzu,13034496,13034960,13034496,0
ovl_Bg_Mizu_Water,13034960,13038752,13034960,0
ovl_Bg_Mjin,13038752,13039840,13038752,0
ovl_Bg_Mori_Bigst,13039840,13042976,13039840,0
ovl_Bg_Mori_Elevator,13042976,13046400,13042976,0
ovl_Bg_Mori_Hashigo,13046400,13049216,13046400,0
ovl_Bg_Mori_Hashira4,13049216,13051104,13049216,0
ovl_Bg_Mori_Hineri,13051104,13054800,13051104,0
ovl_Bg_Mori_Idomizu,13054800,13056720,13054800,0
ovl_Bg_Mori_Kaitenkabe,13056720,13058688,13056720,0
ovl_Bg_Mori_Rakkatenjo,13058688,13061920,13058688,0
ovl_Bg_Po_Event,13061920,13069744,13061920,0
ovl_Bg_Po_Syokudai,13069744,13072352,13069744,0
ovl_Bg_Pushbox,13072352,13073232,13072352,0
ovl_Bg_Relay_Objects,13073232,13075168,13073232,0
ovl_Bg_Spot00_Break,13075168,13075584,13075168,0
ovl_Bg_Spot00_Hanebasi,13075584,13080256,13075584,0
ovl_Bg_Spot01_Fusya,13080256,13081056,13080256,0
ovl_Bg_Spot01_Idohashira,13081056,13084640,13081056,0
ovl_Bg_Spot01_Idomizu,13084640,13085568,13084640,0
ovl_Bg_Spot01_Idosoko,13085568,13086272,13085568,0
ovl_Bg_Spot01_Objects2,13086272,13087584,13086272,0
ovl_Bg_Spot02_Objects,13087584,13092832,13087584,0
ovl_Bg_Spot03_Taki,13092832,13095280,13092832,0
ovl_Bg_Spot05_Soko,13095280,13096064,13095280,0
ovl_Bg_Spot06_Objects,13096064,13101360,13096064,0
ovl_Bg_Spot07_Taki,13101360,13103056,13101360,0
ovl_Bg_Spot08_Bakudankabe,13103056,13104736,13103056,0
ovl_Bg_Spot08_Iceblock,13104736,13109216,13104736,0
ovl_Bg_Spot09_Obj,13109216,13110912,13109216,0
ovl_Bg_Spot11_Bakudankabe,13110912,13112560,13110912,0
ovl_Bg_Spot11_Oasis,13112560,13114512,13112560,0
ovl_Bg_Spot12_Gate,13114512,13115680,13114512,0
ovl_Bg_Spot12_Saku,13115680,13117024,13115680,0
ovl_Bg_Spot15_Rrbox,13117024,13120848,13117024,0
ovl_Bg_Spot15_Saku,13120848,13121840,13120848,0
ovl_Bg_Spot16_Bombstone,13121840,13128000,13121840,0
ovl_Bg_Spot16_Doughnut,13128000,13129920,13128000,0
ovl_Bg_Spot17_Bakudankabe,13129920,13132032,13129920,0
ovl_Bg_Spot17_Funen,13132032,13132816,13132032,0
ovl_Bg_Spot18_Basket,13132816,13137024,13132816,0
ovl_Bg_Spot18_Futa,13137024,13137424,13137024,0
ovl_Bg_Spot18_Obj,13137424,13140176,13137424,0
ovl_Bg_Spot18_Shutter,13140176,13141520,13140176,0
ovl_Bg_Sst_Floor,13141520,13143040,13141520,0
ovl_Bg_Toki_Hikari,13143040,13146944,13143040,0
ovl_Bg_Toki_Swd,13146944,13152768,13146944,0
ovl_Bg_Treemouth,13152768,13158624,13152768,0
ovl_Bg_Umajump,13158624,13159008,13158624,0
ovl_Bg_Vb_Sima,13159008,13160960,13159008,0
ovl_Bg_Ydan_Hasi,13160960,13163072,13160960,0
ovl_Bg_Ydan_Maruta,13163072,13164816,13163072,0
ovl_Bg_Ydan_Sp,13164816,13170976,13164816,0
ovl_Bg_Zg,13170976,13172368,13170976,0
ovl_Boss_Dodongo,13172368,13212352,13172368,0
ovl_Boss_Fd,13212352,13243248,13212352,0
ovl_Boss_Fd2,13243248,13260144,13243248,0
ovl_Boss_Ganon,13260144,13402304,13260144,0
ovl_Boss_Ganon2,13402304,13474976,13402304,0
ovl_Boss_Ganondrof,13474976,13496432,13474976,0
ovl_Boss_Goma,13496432,13521248,13496432,0
ovl_Boss_Mo,13521248,13570336,13521248,0
ovl_Boss_Sst,13570336,13621216,13570336,0
ovl_Boss_Tw,13621216,13701968,13621216,0
ovl_Boss_Va,13701968,13762528,13701968,0
ovl_Demo_6K,13762528,13775200,13762528,0
ovl_Demo_Du,13775200,13790016,13775200,0
ovl_Demo_Ec,13790016,13805024,13790016,0
ovl_Demo_Effect,13805024,13830688,13805024,0
ovl_Demo_Ext,13830688,13833424,13830688,0
ovl_Demo_Geff,13833424,13836224,13833424,0
ovl_Demo_Gj,13836224,13852416,13836224,0
ovl_Demo_Go,13852416,13856000,13852416,0
ovl_Demo_Gt,13856000,13879696,13856000,0
ovl_Demo_Ik,13879696,13886064,13879696,0
ovl_Demo_Im,13886064,13903120,13886064,0
ovl_Demo_Kankyo,13903120,13919760,13903120,0
ovl_Demo_Kekkai,13919760,13925024,13919760,0
ovl_Demo_Sa,13925024,13936752,13925024,0
ovl_Demo_Shd,13936752,13946112,13936752,0
ovl_Demo_Tre_Lgt,13946112,13948208,13946112,0
ovl_Door_Ana,13948208,13949984,13948208,0
ovl_Door_Gerudo,13949984,13951632,13949984,0
ovl_Door_Killer,13951632,13957344,13951632,0
ovl_Door_Shutter,13957344,13966432,13957344,0
ovl_Door_Toki,13966432,13966784,13966432,0
ovl_Door_Warp1,13966784,13984480,13966784,0
ovl_Efc_Erupc,13984480,13987584,13984480,0
ovl_Eff_Dust,13987584,13992928,13987584,0
ovl_Effect_Ss_Blast,13992928,13993952,13992928,0
ovl_Effect_Ss_Bomb,13993952,13995136,13993952,0
ovl_Effect_Ss_Bomb2,13995136,13997680,13995136,0
ovl_Effect_Ss_Bubble,13997680,13998976,13997680,0
ovl_Effect_Ss_D_Fire,13998976,14000336,13998976,0
ovl_Effect_Ss_Dead_Db,14000336,14001680,14000336,0
ovl_Effect_Ss_Dead_Dd,14001680,14003264,14001680,0
ovl_Effect_Ss_Dead_Ds,14003264,14004576,14003264,0
ovl_Effect_Ss_Dead_Sound,14004576,14004960,14004576,0
ovl_Effect_Ss_Dt_Bubble,14004960,14006528,14004960,0
ovl_Effect_Ss_Dust,14006528,14008720,14006528,0
ovl_Effect_Ss_En_Fire,14008720,14010720,14008720,0
ovl_Effect_Ss_En_Ice,14010720,14013168,14010720,0
ovl_Effect_Ss_Extra,14013168,14014288,14013168,0
ovl_Effect_Ss_Fcircle,14014288,14015632,14014288,0
ovl_Effect_Ss_Fhg_Flash,14015632,14019952,14015632,0
ovl_Effect_Ss_Fire_Tail,14019952,14021888,14019952,0
ovl_Effect_Ss_G_Fire,14021888,14022528,14021888,0
ovl_Effect_Ss_G_Magma,14022528,14023120,14022528,0
ovl_Effect_Ss_G_Magma2,14023120,14024592,14023120,0
ovl_Effect_Ss_G_Ripple,14024592,14026080,14024592,0
ovl_Effect_Ss_G_Spk,14026080,14027632,14026080,0
ovl_Effect_Ss_G_Splash,14027632,14028832,14027632,0
ovl_Effect_Ss_Hahen,14028832,14030720,14028832,0
ovl_Effect_Ss_HitMark,14030720,14032176,14030720,0
ovl_Effect_Ss_Ice_Piece,14032176,14033440,14032176,0
ovl_Effect_Ss_Ice_Smoke,14033440,14034912,14033440,0
ovl_Effect_Ss_K_Fire,14034912,14036144,14034912,0
ovl_Effect_Ss_Kakera,14036144,14040640,14036144,0
ovl_Effect_Ss_KiraKira,14040640,14042400,14040640,0
ovl_Effect_Ss_Lightning,14042400,14044256,14042400,0
ovl_Effect_Ss_Sibuki,14044256,14046096,14044256,0
ovl_Effect_Ss_Sibuki2,14046096,14047072,14046096,0
ovl_Effect_Ss_Solder_Srch_Ball,14047072,14047488,14047072,0
ovl_Effect_Ss_Stick,14047488,14048560,14047488,0
ovl_Effect_Ss_Stone1,14048560,14049616,14048560,0
ovl_Elf_Msg,14049616,14052656,14049616,0
ovl_Elf_Msg2,14052656,14054736,14052656,0
ovl_En_Am,14054736,14064032,14054736,0
ovl_En_Ani,14064032,14067536,14064032,0
ovl_En_Anubice,14067536,14072784,14067536,0
ovl_En_Anubice_Fire,14072784,14076464,14072784,0
ovl_En_Anubice_Tag,14076464,14077440,14076464,0
ovl_En_Arow_Trap,14077440,14077776,14077440,0
ovl_En_Arrow,14077776,14083888,14077776,0
ovl_En_Attack_Niw,14083888,14088576,14083888,0
ovl_En_Ba,14088576,14096656,14088576,0
ovl_En_Bb,14096656,14112352,14096656,0
ovl_En_Bdfire,14112352,14115472,14112352,0
ovl_En_Bigokuta,14115472,14126800,14115472,0
ovl_En_Bili,14126800,14135776,14126800,0
ovl_En_Bird,14135776,14136976,14135776,0
ovl_En_Blkobj,14136976,14138624,14136976,0
ovl_En_Bom,14138624,14142560,14138624,0
ovl_En_Bom_Bowl_Man,14142560,14148720,14142560,0
ovl_En_Bom_Bowl_Pit,14148720,14151264,14148720,0
ovl_En_Bom_Chu,14151264,14157200,14151264,0
ovl_En_Bombf,14157200,14162608,14157200,0
ovl_En_Boom,14162608,14164976,14162608,0
ovl_En_Box,14164976,14172464,14164976,0
ovl_En_Brob,14172464,14176800,14172464,0
ovl_En_Bubble,14176800,14182032,14176800,0
ovl_En_Butte,14182032,14187776,14182032,0
ovl_En_Bw,14187776,14201088,14187776,0
ovl_En_Bx,14201088,14204080,14201088,0
ovl_En_Changer,14204080,14207952,14204080,0
ovl_En_Clear_Tag,14207952,14244336,14207952,0
ovl_En_Cow,14244336,14249520,14244336,0
ovl_En_Crow,14249520,14255264,14249520,0
ovl_En_Cs,14255264,14260000,14255264,0
ovl_En_Daiku,14260000,14266128,14260000,0
ovl_En_Daiku_Kakariko,14266128,14271424,14266128,0
ovl_En_Dekubaba,14271424,14287184,14271424,0
ovl_En_Dekunuts,14287184,14293296,14287184,0
ovl_En_Dh,14293296,14300272,14293296,0
ovl_En_Dha,14300272,14304352,14300272,0
ovl_En_Diving_Game,14304352,14311232,14304352,0
ovl_En_Dns,14311232,14316752,14311232,0
ovl_En_Dnt_Demo,14316752,14321360,14316752,0
ovl_En_Dnt_Jiji,14321360,14327472,14321360,0
ovl_En_Dnt_Nomal,14327472,14340016,14327472,0
ovl_En_Dodojr,14340016,14347840,14340016,0
ovl_En_Dodongo,14347840,14359488,14347840,0
ovl_En_Dog,14359488,14364096,14359488,0
ovl_En_Door,14364096,14367776,14364096,0
ovl_En_Ds,14367776,14370848,14367776,0
ovl_En_Du,14370848,14377696,14370848,0
ovl_En_Dy_Extra,14377696,14379392,14377696,0
ovl_En_Eg,14379392,14379920,14379392,0
ovl_En_Eiyer,14379920,14387232,14379920,0
ovl_En_Elf,14387232,14406416,14387232,0
ovl_En_Encount1,14406416,14411136,14406416,0
ovl_En_Encount2,14411136,14416528,14411136,0
ovl_En_Ex_Item,14416528,14422016,14416528,0
ovl_En_Ex_Ruppy,14422016,14426800,14422016,0
ovl_En_Fd,14426800,14438560,14426800,0
ovl_En_Fd_Fire,14438560,14442064,14438560,0
ovl_En_Fhg_Fire,14442064,14452752,14442064,0
ovl_En_Fire_Rock,14452752,14457952,14452752,0
ovl_En_Firefly,14457952,14466672,14457952,0
ovl_En_Fish,14466672,14475520,14466672,0
ovl_En_Floormas,14475520,14488976,14475520,0
ovl_En_Fr,14488976,14500864,14488976,0
ovl_En_Fu,14500864,14504320,14500864,0
ovl_En_Fw,14504320,14510496,14504320,0
ovl_En_Fz,14510496,14518944,14510496,0
ovl_En_G_Switch,14518944,14526784,14518944,0
ovl_En_Ganon_Mant,14526784,14543840,14526784,0
ovl_En_Ganon_Organ,14543840,14572896,14543840,0
ovl_En_Gb,14572896,14579024,14572896,0
ovl_En_Ge1,14579024,14587824,14579024,0
ovl_En_Ge2,14587824,14594560,14587824,0
ovl_En_Ge3,14594560,14597872,14594560,0
ovl_En_GeldB,14597872,14619440,14597872,0
ovl_En_GirlA,14619440,14631616,14619440,0
ovl_En_Gm,14631616,14635344,14631616,0
ovl_En_Go,14635344,14653712,14635344,0
ovl_En_Go2,14653712,14678688,14653712,0
ovl_En_Goma,14678688,14690432,14678688,0
ovl_En_Goroiwa,14690432,14700288,14690432,0
ovl_En_Gs,14700288,14708224,14700288,0
ovl_En_Guest,14708224,14711088,14708224,0
ovl_En_Hata,14711088,14712496,14711088,0
ovl_En_Heishi1,14712496,14719616,14712496,0
ovl_En_Heishi2,14719616,14729760,14719616,0
ovl_En_Heishi3,14729760,14732464,14729760,0
ovl_En_Heishi4,14732464,14736864,14732464,0
ovl_En_Hintnuts,14736864,14743536,14736864,0
ovl_En_Holl,14743536,14747664,14743536,0
ovl_En_Honotrap,14747664,14753488,14747664,0
ovl_En_Horse,14753488,14803248,14753488,0
ovl_En_Horse_Game_Check,14803248,14807616,14803248,0
ovl_En_Horse_Ganon,14807616,14811056,14807616,0
ovl_En_Horse_Link_Child,14811056,14818864,14811056,0
ovl_En_Horse_Normal,14818864,14828720,14818864,0
ovl_En_Horse_Zelda,14828720,14831488,14828720,0
ovl_En_Hs,14831488,14834560,14831488,0
ovl_En_Hs2,14834560,14836112,14834560,0
ovl_En_Hy,14836112,14851024,14836112,0
ovl_En_Ice_Hono,14851024,14855920,14851024,0
ovl_En_Ik,14855920,14875520,14855920,0
ovl_En_In,14875520,14887408,14875520,0
ovl_En_Insect,14887408,14897200,14887408,0
ovl_En_Ishi,14897200,14934608,14897200,0
ovl_En_It,14934608,14934992,14934608,0
ovl_En_Jj,14934992,14940640,14934992,0
ovl_En_Js,14940640,14943088,14940640,0
ovl_En_Jsjutan,14943088,14963168,14943088,0
ovl_En_Kakasi,14963168,14966912,14963168,0
ovl_En_Kakasi2,14966912,14970256,14966912,0
ovl_En_Kakasi3,14970256,14974992,14970256,0
ovl_En_Kanban,14974992,14988224,14974992,0
ovl_En_Karebaba,14988224,14994976,14988224,0
ovl_En_Ko,14994976,15011856,14994976,0
ovl_En_Kusa,15011856,15017408,15011856,0
ovl_En_Kz,15017408,15023024,15017408,0
ovl_En_Light,15023024,15026752,15023024,0
ovl_En_Lightbox,15026752,15027888,15026752,0
ovl_En_M_Fire1,15027888,15028304,15027888,0
ovl_En_M_Thunder,15028304,15034112,15028304,0
ovl_En_Ma1,15034112,15038992,15034112,0
ovl_En_Ma2,15038992,15043344,15038992,0
ovl_En_Ma3,15043344,15047536,15043344,0
ovl_En_Mag,15047536,15057088,15047536,0
ovl_En_Mb,15057088,15073984,15057088,0
ovl_En_Md,15073984,15083888,15073984,0
ovl_En_Mk,15083888,15087584,15083888,0
ovl_En_Mm,15087584,15093440,15087584,0
ovl_En_Mm2,15093440,15097232,15093440,0
ovl_En_Ms,15097232,15099024,15097232,0
ovl_En_Mu,15099024,15101440,15099024,0
ovl_En_Nb,15101440,15120368,15101440,0
ovl_En_Niw,15120368,15134704,15120368,0
ovl_En_Niw_Girl,15134704,15137968,15134704,0
ovl_En_Niw_Lady,15137968,15145664,15137968,0
ovl_En_Nutsball,15145664,15147344,15145664,0
ovl_En_Nwc,15147344,15150112,15147344,0
ovl_En_Ny,15150112,15157008,15150112,0
ovl_En_OE2,15157008,15157200,15157008,0
ovl_En_Okarina_Effect,15157200,15158672,15157200,0
ovl_En_Okarina_Tag,15158672,15165136,15158672,0
ovl_En_Okuta,15165136,15174928,15165136,0
ovl_En_Ossan,15174928,15204240,15174928,0
ovl_En_Owl,15204240,15220288,15204240,0
ovl_En_Part,15220288,15226128,15220288,0
ovl_En_Peehat,15226128,15240480,15226128,0
ovl_En_Po_Desert,15240480,15244144,15240480,0
ovl_En_Po_Field,15244144,15259424,15244144,0
ovl_En_Po_Relay,15259424,15265648,15259424,0
ovl_En_Po_Sisters,15265648,15285552,15265648,0
ovl_En_Poh,15285552,15302816,15285552,0
ovl_En_Pu_box,15302816,15303648,15302816,0
ovl_En_Rd,15303648,15314096,15303648,0
ovl_En_Reeba,15314096,15321360,15314096,0
ovl_En_River_Sound,15321360,15323792,15321360,0
ovl_En_Rl,15323792,15328288,15323792,0
ovl_En_Rr,15328288,15338480,15328288,0
ovl_En_Ru1,15338480,15369520,15338480,0
ovl_En_Ru2,15369520,15381824,15369520,0
ovl_En_Sa,15381824,15390672,15381824,0
ovl_En_Sb,15390672,15395920,15390672,0
ovl_En_Scene_Change,15395920,15396352,15395920,0
ovl_En_Sda,15396352,15402560,15396352,0
ovl_En_Shopnuts,15402560,15406512,15402560,0
ovl_En_Si,15406512,15407776,15406512,0
ovl_En_Siofuki,15407776,15411392,15407776,0
ovl_En_Skb,15411392,15417808,15411392,0
ovl_En_Skj,15417808,15433152,15417808,0
ovl_En_Skjneedle,15433152,15434112,15433152,0
ovl_En_Ssh,15434112,15443872,15434112,0
ovl_En_St,15443872,15455312,15443872,0
ovl_En_Sth,15455312,15472304,15455312,0
ovl_En_Stream,15472304,15473856,15472304,0
ovl_En_Sw,15473856,15488320,15473856,0
ovl_En_Syateki_Itm,15488320,15492864,15488320,0
ovl_En_Syateki_Man,15492864,15497088,15492864,0
ovl_En_Syateki_Niw,15497088,15505712,15497088,0
ovl_En_Ta,15505712,15520752,15505712,0
ovl_En_Takara_Man,15520752,15523264,15520752,0
ovl_En_Tana,15523264,15524336,15523264,0
ovl_En_Tg,15524336,15526160,15524336,0
ovl_En_Tite,15526160,15538064,15526160,0
ovl_En_Tk,15538064,15546144,15538064,0
ovl_En_Torch,15546144,15546384,15546144,0
ovl_En_Torch2,15546384,15556544,15546384,0
ovl_En_Toryo,15556544,15559728,15556544,0
ovl_En_Tp,15559728,15567680,15559728,0
ovl_En_Tr,15567680,15574192,15567680,0
ovl_En_Trap,15574192,15578944,15574192,0
ovl_En_Tubo_Trap,15578944,15582464,15578944,0
ovl_En_Vali,15582464,15592704,15582464,0
ovl_En_Vase,15592704,15592944,15592704,0
ovl_En_Vb_Ball,15592944,15597648,15592944,0
ovl_En_Viewer,15597648,15610512,15597648,0
ovl_En_Vm,15610512,15617056,15610512,0
ovl_En_Wall_Tubo,15617056,15618896,15617056,0
ovl_En_Wallmas,15618896,15625808,15618896,0
ovl_En_Weather_Tag,15625808,15630528,15625808,0
ovl_En_Weiyer,15630528,15637216,15630528,0
ovl_En_Wf,15637216,15654544,15637216,0
ovl_En_Wonder_Item,15654544,15658560,15654544,0
ovl_En_Wonder_Talk,15658560,15662112,15658560,0
ovl_En_Wonder_Talk2,15662112,15666368,15662112,0
ovl_En_Wood02,15666368,15671072,15666368,0
ovl_En_Xc,15671072,15698640,15671072,0
ovl_En_Yabusame_Mark,15698640,15701712,15698640,0
ovl_En_Yukabyun,15701712,15703392,15701712,0
ovl_En_Zf,15703392,15730752,15703392,0
ovl_En_Zl1,15730752,15746704,15730752,0
ovl_En_Zl2,15746704,15765680,15746704,0
ovl_En_Zl3,15765680,15799472,15765680,0
ovl_En_Zl4,15799472,15818528,15799472,0
ovl_En_Zo,15818528,15828672,15818528,0
ovl_En_fHG,15828672,15840288,15828672,0
ovl_End_Title,15840288,15857312,15840288,0
ovl_Fishing,15857312,15940976,15857312,0
ovl_Item_B_Heart,15940976,15942160,15940976,0
ovl_Item_Etcetera,15942160,15944704,15942160,0
ovl_Item_Inbox,15944704,15945040,15944704,0
ovl_Item_Ocarina,15945040,15947072,15945040,0
ovl_Item_Shield,15947072,15949808,15947072,0
ovl_Magic_Dark,15949808,15956368,15949808,0
ovl_Magic_Fire,15956368,15965472,15956368,0
ovl_Magic_Wind,15965472,15973488,15965472,0
ovl_Mir_Ray,15973488,15980192,15973488,0
ovl_Obj_Bean,15980192,15990912,15980192,0
ovl_Obj_Blockstop,15990912,15991312,15990912,0
ovl_Obj_Bombiwa,15991312,15992704,15991312,0
ovl_Obj_Comb,15992704,15994944,15992704,0
ovl_Obj_Dekujr,15994944,15996704,15994944,0
ovl_Obj_Elevator,15996704,15997872,15996704,0
ovl_Obj_Hamishi,15997872,16000128,15997872,0
ovl_Obj_Hana,16000128,16000896,16000128,0
ovl_Obj_Hsblock,16000896,16002688,16000896,0
ovl_Obj_Ice_Poly,16002688,16005312,16002688,0
ovl_Obj_Kibako,16005312,16008688,16005312,0
ovl_Obj_Kibako2,16008688,16010480,16008688,0
ovl_Obj_Lift,16010480,16013248,16010480,0
ovl_Obj_Lightswitch,16013248,16019088,16013248,0
ovl_Obj_Makekinsuta,16019088,16019760,16019088,0
ovl_Obj_Makeoshihiki,16019760,16021184,16019760,0
ovl_Obj_Mure,16021184,16026464,16021184,0
ovl_Obj_Mure2,16026464,16029168,16026464,0
ovl_Obj_Mure3,16029168,16031136,16029168,0
ovl_Obj_Oshihiki,16031136,16038896,16031136,0
ovl_Obj_Roomtimer,16038896,16039472,16038896,0
ovl_Obj_Switch,16039472,16047824,16039472,0
ovl_Obj_Syokudai,16047824,16051120,16047824,0
ovl_Obj_Timeblock,16051120,16054640,16051120,0
ovl_Obj_Tsubo,16054640,16058880,16054640,0
ovl_Obj_Warp2block,16058880,16062128,16058880,0
ovl_Object_Kankyo,16062128,16075904,16062128,0
ovl_Oceff_Spot,16075904,16080112,16075904,0
ovl_Oceff_Storm,16080112,16087456,16080112,0
ovl_Oceff_Wipe,16087456,16091072,16087456,0
ovl_Oceff_Wipe2,16091072,16097280,16091072,0
ovl_Oceff_Wipe3,16097280,16103456,16097280,0
ovl_Oceff_Wipe4,16103456,16107728,16103456,0
ovl_Shot_Sun,16107728,16109584,16107728,0
gameplay_keep,16113664,16467888,16113664,0
gameplay_field_keep,16470016,16524080,16470016,0
gameplay_dangeon_keep,16527360,16624368,16527360,0
gameplay_object_exchange_static,16625664,16625680,16625664,0
object_link_boy,16629760,16857088,16629760,0
object_link_child,16859136,17043328,16859136,0
object_box,17043456,17068032,17043456,0
object_human,17068032,17146240,17068032,0
object_okuta,17149952,17165440,17149952,0
object_poh,17166336,17187040,17166336,0
object_wallmaster,17190912,17231984,17190912,0
object_dy_obj,17235968,17356080,17235968,0
object_firefly,17358848,17365184,17358848,0
object_dodongo,17367040,17406272,17367040,0
object_fire,17408000,17424544,17408000,0
object_niw,17428480,17438016,17428480,0
object_tite,17440768,17455664,17440768,0
object_reeba,17457152,17465072,17457152,0
object_peehat,17465344,17472656,17465344,0
object_kingdodongo,17473536,17673440,17473536,0
object_horse,17674240,17731344,17674240,0
object_zf,17731584,17822624,17731584,0
object_goma,17825792,17954304,17825792,0
object_zl1,17956864,18039744,17956864,0
object_gol,18042880,18059808,18042880,0
object_bubble,18063360,18067648,18063360,0
object_dodojr,18071552,18079984,18071552,0
object_torch2,18083840,18102128,18083840,0
object_bl,18104320,18126928,18104320,0
object_tp,18128896,18136304,18128896,0
object_oA1,18137088,18155280,18137088,0
object_st,18157568,18181040,18157568,0
object_bw,18182144,18190944,18182144,0
object_ei,18194432,18207776,18194432,0
object_horse_normal,18210816,18251712,18210816,0
object_oB1,18251776,18278064,18251776,0
object_o_anime,18280448,18288976,18280448,0
object_spot04_objects,18292736,18298560,18292736,0
object_ddan_objects,18300928,18335584,18300928,0
object_hidan_objects,18337792,18435360,18337792,0
object_horse_ganon,18436096,18485392,18436096,0
object_oA2,18489344,18511568,18489344,0
object_spot00_objects,18513920,18521104,18513920,0
object_mb,18522112,18604448,18522112,0
object_bombf,18608128,18614784,18608128,0
object_sk2,18616320,18675712,18616320,0
object_oE1,18677760,18704400,18677760,0
object_oE_anime,18706432,18727008,18706432,0
object_oE2,18731008,18754160,18731008,0
object_ydan_objects,18755584,18792576,18755584,0
object_gnd,18796544,18874368,18796544,0
object_am,18874368,18897744,18874368,0
object_dekubaba,18898944,18913728,18898944,0
object_oA3,18915328,18923824,18915328,0
object_oA4,18927616,18933552,18927616,0
object_oA5,18935808,18941616,18935808,0
object_oA6,18944000,18950656,18944000,0
object_oA7,18952192,18957648,18952192,0
object_jj,18960384,19008192,18960384,0
object_oA8,19009536,19015600,19009536,0
object_oA9,19017728,19019040,19017728,0
object_oB2,19021824,19038432,19021824,0
object_oB3,19042304,19059856,19042304,0
object_oB4,19062784,19069040,19062784,0
object_horse_zelda,19070976,19100000,19070976,0
object_opening_demo1,19103744,19124320,19103744,0
object_warp1,19128320,19139760,19128320,0
object_b_heart,19140608,19142208,19140608,0
object_dekunuts,19144704,19158624,19144704,0
object_oE3,19161088,19190048,19161088,0
object_oE4,19193856,19214288,19193856,0
object_menkuri_objects,19214336,19249936,19214336,0
object_oE5,19251200,19273152,19251200,0
object_oE6,19275776,19287632,19275776,0
object_oE7,19288064,19298912,19288064,0
object_oE8,19300352,19313616,19300352,0
object_oE9,19316736,19328784,19316736,0
object_oE10,19329024,19339728,19329024,0
object_oE11,19341312,19354096,19341312,0
object_oE12,19357696,19371968,19357696,0
object_vali,19374080,19392592,19374080,0
object_oA10,19394560,19406512,19394560,0
object_oA11,19406848,19412416,19406848,0
object_mizu_objects,19415040,19460896,19415040,0
object_fhg,19464192,19538400,19464192,0
object_ossan,19542016,19581776,19542016,0
object_mori_hineri1,19582976,19604720,19582976,0
object_Bb,19607552,19614272,19607552,0
object_toki_objects,19615744,19649616,19615744,0
object_yukabyun,19652608,19657968,19652608,0
object_zl2,19660800,19729792,19660800,0
object_mjin,19730432,19735184,19730432,0
object_mjin_flash,19738624,19742720,19738624,0
object_mjin_dark,19742720,19746816,19742720,0
object_mjin_flame,19746816,19750912,19746816,0
object_mjin_ice,19750912,19755008,19750912,0
object_mjin_soul,19755008,19759104,19755008,0
object_mjin_wind,19759104,19763200,19759104,0
object_mjin_oka,19763200,19770208,19763200,0
object_haka_objects,19771392,19891888,19771392,0
object_spot06_objects,19894272,19905952,19894272,0
object_ice_objects,19906560,19942736,19906560,0
object_relay_objects,19943424,19957296,19943424,0
object_mori_hineri1a,19959808,19973312,19959808,0
object_mori_hineri2,19976192,19993600,19976192,0
object_mori_hineri2a,19996672,20021424,19996672,0
object_mori_objects,20025344,20060688,20025344,0
object_mori_tex,20062208,20102656,20062208,0
object_spot08_obj,20103168,20125184,20103168,0
object_warp2,20127744,20127760,20127744,0
object_hata,20131840,20144096,20131840,0
object_bird,20144128,20152736,20144128,0
object_wood02,20156416,20191184,20156416,0
object_lightbox,20193280,20201280,20193280,0
object_pu_box,20201472,20207104,20201472,0
object_trap,20209664,20218848,20209664,0
object_vase,20221952,20227472,20221952,0
object_im,20230144,20304432,20230144,0
object_ta,20307968,20366320,20307968,0
object_tk,20369408,20418128,20369408,0
object_xc,20418560,20533504,20418560,0
object_vm,20537344,20553584,20537344,0
object_bv,20553728,20681136,20553728,0
object_hakach_objects,20684800,20712176,20684800,0
object_efc_crystal_light,20713472,20716192,20713472,0
object_efc_fire_ball,20717568,20720896,20717568,0
object_efc_flash,20721664,20721680,20721664,0
object_efc_lgt_shower,20725760,20730576,20725760,0
object_efc_star_field,20733952,20740048,20733952,0
object_god_lgt,20742144,20759376,20742144,0
object_light_ring,20762624,20767360,20762624,0
object_triforce_spot,20770816,20781328,20770816,0
object_medal,20783104,20803904,20783104,0
object_bdan_objects,20807680,20860176,20807680,0
object_sd,20860928,20911840,20860928,0
object_rd,20914176,20975600,20914176,0
object_po_sisters,20975616,21033920,20975616,0
object_heavy_object,21037056,21043936,21037056,0
object_gndd,21045248,21117440,21045248,0
object_fd,21118976,21190256,21118976,0
object_du,21192704,21266480,21192704,0
object_fw,21270528,21302752,21270528,0
object_horse_link_child,21303296,21338912,21303296,0
object_spot02_objects,21340160,21431840,21340160,0
object_haka,21434368,21439584,21434368,0
object_ru1,21442560,21523072,21442560,0
object_syokudai,21524480,21539984,21524480,0
object_fd2,21540864,21613200,21540864,0
object_dh,21614592,21651648,21614592,0
object_rl,21655552,21687120,21655552,0
object_efc_tw,21688320,21693168,21688320,0
object_demo_tre_lgt,21696512,21696528,21696512,0
object_gi_key,21700608,21703200,21700608,0
object_mir_ray,21704704,21712128,21704704,0
object_brob,21712896,21719712,21712896,0
object_gi_jewel,21721088,21735040,21721088,0
object_spot09_obj,21737472,21837968,21737472,0
object_spot18_obj,21839872,21891600,21839872,0
object_bdoor,21893120,21923264,21893120,0
object_spot17_obj,21925888,21932080,21925888,0
object_shop_dungen,21934080,21948960,21934080,0
object_nb,21950464,22049248,21950464,0
object_mo,22052864,22089840,22052864,0
object_sb,22093824,22105248,22093824,0
object_gi_melody,22106112,22109472,22106112,0
object_gi_heart,22110208,22110704,22110208,0
object_gi_compass,22114304,22117648,22114304,0
object_gi_bosskey,22118400,22122512,22118400,0
object_gi_medal,22126592,22147952,22126592,0
object_gi_nuts,22151168,22155712,22151168,0
object_sa,22159360,22245936,22159360,0
object_gi_hearts,22249472,22255536,22249472,0
object_gi_arrowcase,22257664,22260912,22257664,0
object_gi_bombpouch,22261760,22265440,22261760,0
object_in,22265856,22367312,22265856,0
object_tr,22368256,22445616,22368256,0
object_spot16_obj,22446080,22451456,22446080,0
object_oE1s,22454272,22480224,22454272,0
object_oE4s,22482944,22502912,22482944,0
object_os_anime,22503424,22545984,22503424,0
object_gi_bottle,22548480,22550768,22548480,0
object_gi_stick,22552576,22554304,22552576,0
object_gi_map,22556672,22561120,22556672,0
object_oF1d_map,22564864,22631840,22564864,0
object_ru2,22634496,22698192,22634496,0
object_gi_shield_1,22700032,22703440,22700032,0
object_dekujr,22704128,22717712,22704128,0
object_gi_magicpot,22720512,22725072,22720512,0
object_gi_bomb_1,22728704,22731952,22728704,0
object_oF1s,22732800,22767776,22732800,0
object_ma2,22769664,22810352,22769664,0
object_gi_purse,22810624,22817648,22810624,0
object_hni,22818816,22863728,22818816,0
object_tw,22863872,23105456,22863872,0
object_rr,23105536,23109120,23105536,0
object_bxa,23109632,23120880,23109632,0
object_anubice,23121920,23136672,23121920,0
object_gi_gerudo,23138304,23143232,23138304,0
object_gi_arrow,23146496,23153424,23146496,0
object_gi_bomb_2,23154688,23156384,23154688,0
object_gi_egg,23158784,23163680,23158784,0
object_gi_scale,23166976,23170544,23166976,0
object_gi_shield_2,23171072,23175280,23171072,0
object_gi_hookshot,23179264,23184736,23179264,0
object_gi_ocarina,23187456,23190448,23187456,0
object_gi_milk,23191552,23196784,23191552,0
object_ma1,23199744,23235968,23199744,0
object_ganon,23236608,23307520,23236608,0
object_sst,23310336,23419824,23310336,0
object_ny,23420928,23429488,23420928,0
object_fr,23433216,23479472,23433216,0
object_gi_pachinko,23482368,23485536,23482368,0
object_gi_boomerang,23486464,23489952,23486464,0
object_gi_bow,23490560,23493936,23490560,0
object_gi_glasses,23494656,23499136,23494656,0
object_gi_liquid,23502848,23509200,23502848,0
object_ani,23511040,23541504,23511040,0
object_demo_6k,23543808,23559072,23543808,0
object_gi_shield_3,23560192,23564992,23560192,0
object_gi_letter,23568384,23571968,23568384,0
object_spot15_obj,23572480,23579904,23572480,0
object_jya_obj,23580672,23695680,23580672,0
object_gi_clothes,23699456,23705696,23699456,0
object_gi_bean,23707648,23709888,23707648,0
object_gi_fish,23711744,23714128,23711744,0
object_gi_saw,23715840,23718784,23715840,0
object_gi_hammer,23719936,23723200,23719936,0
object_gi_grass,23724032,23727120,23724032,0
object_gi_longsword,23728128,23730368,23728128,0
object_spot01_objects,23732224,23741584,23732224,0
object_md,23744512,23785808,23744512,0
object_km1,23789568,23812544,23789568,0
object_kw1,23814144,23840992,23814144,0
object_zo,23842816,23892032,23842816,0
object_kz,23896064,23930592,23896064,0
object_umajump,23932928,23938160,23932928,0
object_masterkokiri,23941120,23942336,23941120,0
object_masterkokirihead,23945216,23956640,23945216,0
object_mastergolon,23957504,23957776,23957504,0
object_masterzoora,23961600,23963552,23961600,0
object_aob,23965696,23987888,23965696,0
object_ik,23990272,24122832,23990272,0
object_ahg,24125440,24148400,24125440,0
object_cne,24150016,24160720,24150016,0
object_gi_niwatori,24162304,24168944,24162304,0
object_skj,24170496,24206896,24170496,0
object_gi_bottle_letter,24207360,24210560,24207360,0
object_bji,24211456,24228240,24211456,0
object_bba,24231936,24248976,24231936,0
object_gi_ocarina_0,24252416,24255504,24252416,0
object_ds,24256512,24274816,24256512,0
object_ane,24276992,24305584,24276992,0
object_boj,24305664,24329408,24305664,0
object_spot03_object,24330240,24335968,24330240,0
object_spot07_object,24338432,24366384,24338432,0
object_fz,24367104,24380624,24367104,0
object_bob,24383488,24403744,24383488,0
object_ge1,24403968,24446128,24403968,0
object_yabusame_point,24449024,24452688,24449024,0
object_gi_boots_2,24453120,24460224,24453120,0
object_gi_seed,24461312,24464064,24461312,0
object_gnd_magic,24465408,24470144,24465408,0
object_d_elevator,24473600,24478608,24473600,0
object_d_hsblock,24481792,24487776,24481792,0
object_d_lift,24489984,24496128,24489984,0
object_mamenoki,24498176,24508128,24498176,0
object_goroiwa,24510464,24516768,24510464,0
object_toryo,24518656,24547680,24518656,0
object_daiku,24551424,24586352,24551424,0
object_nwc,24588288,24591776,24588288,0
object_blkobj,24592384,24672400,24592384,0
object_gm,24674304,24675024,24674304,0
object_ms,24678400,24694224,24678400,0
object_hs,24694784,24719984,24694784,0
object_ingate,24723456,24728048,24723456,0
object_lightswitch,24731648,24740896,24731648,0
object_kusa,24743936,24744832,24743936,0
object_tsubo,24748032,24754672,24748032,0
object_gi_gloves,24756224,24762720,24756224,0
object_gi_coin,24764416,24766544,24764416,0
object_kanban,24768512,24774576,24768512,0
object_gjyo_objects,24776704,24782320,24776704,0
object_owl,24784896,24850624,24784896,0
object_mk,24854528,24878592,24854528,0
object_fu,24879104,24906912,24879104,0
object_gi_ki_tan_mask,24907776,24911344,24907776,0
object_gi_redead_mask,24911872,24914576,24911872,0
object_gi_skj_mask,24915968,24919264,24915968,0
object_gi_rabit_mask,24920064,24923904,24920064,0
object_gi_truth_mask,24924160,24930400,24924160,0
object_ganon_objects,24932352,24936816,24932352,0
object_siofuki,24940544,24944048,24940544,0
object_stream,24944640,24947328,24944640,0
object_mm,24948736,24981616,24948736,0
object_fa,24985600,25000848,24985600,0
object_os,25001984,25020016,25001984,0
object_gi_eye_lotion,25022464,25024880,25022464,0
object_gi_powder,25026560,25029504,25026560,0
object_gi_mushroom,25030656,25033936,25030656,0
object_gi_ticketstone,25034752,25039520,25034752,0
object_gi_brokensword,25042944,25045392,25042944,0
object_js,25047040,25071408,25047040,0
object_cs,25071616,25105744,25071616,0
object_gi_prescription,25108480,25111584,25108480,0
object_gi_bracelet,25112576,25115632,25112576,0
object_gi_soldout,25116672,25117904,25116672,0
object_gi_frog,25120768,25125136,25120768,0
object_mag,25128960,25282880,25128960,0
object_door_gerudo,25284608,25287072,25284608,0
object_gt,25288704,25368048,25288704,0
object_efc_erupc,25370624,25381104,25370624,0
object_zl2_anime1,25382912,25429520,25382912,0
object_zl2_anime2,25432064,25475808,25432064,0
object_gi_golonmask,25477120,25483184,25477120,0
object_gi_zoramask,25485312,25490992,25485312,0
object_gi_gerudomask,25493504,25498624,25493504,0
object_ganon2,25501696,25721840,25501696,0
object_ka,25722880,25749440,25722880,0
object_ts,25751552,25772016,25751552,0
object_zg,25772032,25776640,25772032,0
object_gi_hoverboots,25780224,25788016,25780224,0
object_gi_m_arrow,25788416,25792128,25788416,0
object_ds2,25792512,25809520,25792512,0
object_ec,25812992,25864496,25812992,0
object_fish,25866240,25953776,25866240,0
object_gi_sutaru,25956352,25957968,25956352,0
object_gi_goddess,25960448,25963600,25960448,0
object_ssh,25964544,25988096,25964544,0
object_bigokuta,25989120,26016720,25989120,0
object_bg,26017792,26047168,26017792,0
object_spot05_objects,26050560,26055408,26050560,0
object_spot12_obj,26058752,26067904,26058752,0
object_bombiwa,26071040,26073856,26071040,0
object_hintnuts,26075136,26087744,26075136,0
object_rs,26091520,26110080,26091520,0
object_spot00_break,26112000,26119712,26112000,0
object_gla,26120192,26160880,26120192,0
object_shopnuts,26161152,26178960,26161152,0
object_geldb,26181632,26228464,26181632,0
object_gr,26230784,26270864,26230784,0
object_dog,26271744,26301088,26271744,0
object_jya_iron,26304512,26314336,26304512,0
object_jya_door,26316800,26325632,26316800,0
object_spot01_objects2,26329088,26329104,26329088,0
object_spot11_obj,26333184,26339984,26333184,0
object_kibako2,26341376,26345664,26341376,0
object_dns,26349568,26363856,26349568,0
object_dnk,26365952,26377776,26365952,0
object_gi_fire,26378240,26382304,26378240,0
object_gi_insect,26382336,26385392,26382336,0
object_gi_butterfly,26386432,26389456,26386432,0
object_gi_ghost,26390528,26394032,26390528,0
object_gi_soul,26394624,26398640,26394624,0
object_bowl,26398720,26412272,26398720,0
object_po_field,26415104,26442304,26415104,0
object_demo_kekkai,26443776,26504464,26443776,0
object_efc_doughnut,26505216,26509392,26505216,0
object_gi_dekupouch,26513408,26517584,26513408,0
object_ganon_anime1,26521600,26569792,26521600,0
object_ganon_anime2,26570752,26637616,26570752,0
object_ganon_anime3,26640384,26724336,26640384,0
object_gi_rupy,26726400,26728448,26726400,0
object_spot01_matoya,26730496,26746000,26730496,0
object_spot01_matoyab,26746880,26755552,26746880,0
object_po_composer,26759168,26787744,26759168,0
object_mu,26787840,26832464,26787840,0
object_wf,26832896,26875136,26832896,0
object_skb,26877952,26896400,26877952,0
object_gj,26898432,26941216,26898432,0
object_geff,26943488,26947504,26943488,0
object_haka_door,26947584,26962288,26947584,0
object_gs,26963968,26966656,26963968,0
object_ps,26968064,27019520,26968064,0
object_bwall,27021312,27025744,27021312,0
object_crow,27029504,27033808,27029504,0
object_cow,27037696,27057840,27037696,0
object_cob,27058176,27066896,27058176,0
object_gi_sword_1,27070464,27073824,27070464,0
object_door_killer,27074560,27081696,27074560,0
object_ouke_haka,27082752,27085168,27082752,0
object_timeblock,27086848,27089760,27086848,0
object_zl4,27090944,27209248,27090944,0
g_pn_01,27209728,27220096,27209728,0
g_pn_02,27222016,27232384,27222016,0
g_pn_03,27234304,27244672,27234304,0
g_pn_04,27246592,27256960,27246592,0
g_pn_05,27258880,27269248,27258880,0
g_pn_06,27271168,27281536,27271168,0
g_pn_07,27283456,27293824,27283456,0
g_pn_08,27295744,27306112,27295744,0
g_pn_09,27308032,27318400,27308032,0
g_pn_10,27320320,27330688,27320320,0
g_pn_11,27332608,27342976,27332608,0
g_pn_12,27344896,27355264,27344896,0
g_pn_13,27357184,27367552,27357184,0
g_pn_14,27369472,27379840,27369472,0
g_pn_15,27381760,27392128,27381760,0
g_pn_16,27394048,27404416,27394048,0
g_pn_17,27406336,27416704,27406336,0
g_pn_18,27418624,27428992,27418624,0
g_pn_19,27430912,27441280,27430912,0
g_pn_20,27443200,27453568,27443200,0
g_pn_21,27455488,27465856,27455488,0
g_pn_22,27467776,27478144,27467776,0
g_pn_23,27480064,27490432,27480064,0
g_pn_24,27492352,27502720,27492352,0
g_pn_25,27504640,27515008,27504640,0
g_pn_26,27516928,27527296,27516928,0
g_pn_27,27529216,27539584,27529216,0
g_pn_28,27541504,27551872,27541504,0
g_pn_29,27553792,27564160,27553792,0
g_pn_30,27566080,27576448,27566080,0
g_pn_31,27578368,27588736,27578368,0
g_pn_32,27590656,27601024,27590656,0
g_pn_33,27602944,27613312,27602944,0
g_pn_34,27615232,27625600,27615232,0
g_pn_35,27627520,27637888,27627520,0
g_pn_36,27639808,27650176,27639808,0
g_pn_37,27652096,27662464,27652096,0
g_pn_38,27664384,27674752,27664384,0
g_pn_39,27676672,27687040,27676672,0
g_pn_40,27688960,27699328,27688960,0
g_pn_41,27701248,27711616,27701248,0
g_pn_42,27713536,27723904,27713536,0
g_pn_43,27725824,27736192,27725824,0
g_pn_44,27738112,27748480,27738112,0
g_pn_45,27750400,27760768,27750400,0
g_pn_46,27762688,27773056,27762688,0
g_pn_47,27774976,27785344,27774976,0
g_pn_48,27787264,27797632,27787264,0
g_pn_49,27799552,27809920,27799552,0
g_pn_50,27811840,27822208,27811840,0
g_pn_51,27824128,27834496,27824128,0
g_pn_52,27836416,27846784,27836416,0
g_pn_53,27848704,27859072,27848704,0
g_pn_54,27860992,27871360,27860992,0
g_pn_55,27873280,27883648,27873280,0
g_pn_56,27885568,27895936,27885568,0
g_pn_57,27897856,27908224,27897856,0
z_select_static,27910144,27918848,27910144,0
nintendo_rogo_static,27922432,27934144,27922432,0
title_static,27934720,28226624,27934720,0
parameter_static,28229632,28244736,28229632,0
vr_fine0_static,28246016,28295168,28246016,0
vr_fine0_pal_static,28295168,28295424,28295168,0
vr_fine1_static,28299264,28348416,28299264,0
vr_fine1_pal_static,28348416,28348672,28348416,0
vr_fine2_static,28352512,28401664,28352512,0
vr_fine2_pal_static,28401664,28401920,28401664,0
vr_fine3_static,28405760,28454912,28405760,0
vr_fine3_pal_static,28454912,28455168,28454912,0
vr_cloud0_static,28459008,28508160,28459008,0
vr_cloud0_pal_static,28508160,28508416,28508160,0
vr_cloud1_static,28512256,28561408,28512256,0
vr_cloud1_pal_static,28561408,28561664,28561408,0
vr_cloud2_static,28565504,28614656,28565504,0
vr_cloud2_pal_static,28614656,28614912,28614656,0
vr_cloud3_static,28618752,28667904,28618752,0
vr_cloud3_pal_static,28667904,28668160,28667904,0
vr_holy0_static,28672000,28737536,28672000,0
vr_holy0_pal_static,28737536,28737792,28737536,0
vr_holy1_static,28741632,28807168,28741632,0
vr_holy1_pal_static,28807168,28807424,28807168,0
vr_MDVR_static,28811264,29073408,28811264,0
vr_MDVR_pal_static,29073408,29075456,29073408,0
vr_MNVR_static,29077504,29339648,29077504,0
vr_MNVR_pal_static,29339648,29341696,29339648,0
vr_RUVR_static,29343744,29605888,29343744,0
vr_RUVR_pal_static,29605888,29607936,29605888,0
vr_LHVR_static,29609984,29872128,29609984,0
vr_LHVR_pal_static,29872128,29874176,29872128,0
vr_KHVR_static,29876224,30138368,29876224,0
vr_KHVR_pal_static,30138368,30140416,30138368,0
vr_K3VR_static,30142464,30339072,30142464,0
vr_K3VR_pal_static,30339072,30340608,30339072,0
vr_K4VR_static,30343168,30539776,30343168,0
vr_K4VR_pal_static,30539776,30541312,30539776,0
vr_K5VR_static,30543872,30740480,30543872,0
vr_K5VR_pal_static,30740480,30742016,30740480,0
vr_SP1a_static,30744576,30875648,30744576,0
vr_SP1a_pal_static,30875648,30876672,30875648,0
vr_MLVR_static,30879744,31141888,30879744,0
vr_MLVR_pal_static,31141888,31143936,31141888,0
vr_KKRVR_static,31145984,31408128,31145984,0
vr_KKRVR_pal_static,31408128,31410176,31408128,0
vr_KR3VR_static,31412224,31608832,31412224,0
vr_KR3VR_pal_static,31608832,31610368,31608832,0
vr_IPVR_static,31612928,31875072,31612928,0
vr_IPVR_pal_static,31875072,31877120,31875072,0
vr_KSVR_static,31879168,32010240,31879168,0
vr_KSVR_pal_static,32010240,32011264,32010240,0
vr_GLVR_static,32014336,32145408,32014336,0
vr_GLVR_pal_static,32145408,32146432,32145408,0
vr_ZRVR_static,32149504,32280576,32149504,0
vr_ZRVR_pal_static,32280576,32281600,32280576,0
vr_DGVR_static,32284672,32415744,32284672,0
vr_DGVR_pal_static,32415744,32416768,32415744,0
vr_ALVR_static,32419840,32550912,32419840,0
vr_ALVR_pal_static,32550912,32551936,32550912,0
vr_NSVR_static,32555008,32686080,32555008,0
vr_NSVR_pal_static,32686080,32687104,32686080,0
vr_LBVR_static,32690176,32952320,32690176,0
vr_LBVR_pal_static,32952320,32954368,32952320,0
vr_TTVR_static,32956416,33153024,32956416,0
vr_TTVR_pal_static,33153024,33154560,33153024,0
vr_FCVR_static,33157120,33288192,33157120,0
vr_FCVR_pal_static,33288192,33289216,33288192,0
elf_message_field,33292288,33292400,33292288,0
elf_message_ydan,33296384,33296400,33296384,0
syotes_scene,41496576,41503744,41496576,0
syotes_room_0,41504768,41557888,41504768,0
syotes2_scene,41558016,41567408,41558016,0
syotes2_room_0,41570304,41611008,41570304,0
depth_test_scene,41611264,41612032,41611264,0
depth_test_room_0,41615360,41770736,41615360,0
spot00_scene,41771008,41943584,41771008,0
spot00_room_0,41947136,42033712,41947136,0
spot01_scene,42037248,42152272,42037248,0
spot01_room_0,42156032,42196704,42156032,0
spot02_scene,42196992,42245248,42196992,0
spot02_room_0,42246144,42256096,42246144,0
spot02_room_1,42258432,42381200,42258432,0
spot03_scene,42381312,42427744,42381312,0
spot03_room_0,42430464,42486144,42430464,0
spot03_room_1,42487808,42517760,42487808,0
spot04_scene,42520576,42590784,42520576,0
spot04_room_0,42594304,42706064,42594304,0
spot04_room_1,42708992,42743168,42708992,0
spot04_room_2,42745856,42766448,42745856,0
spot05_scene,42770432,42855776,42770432,0
spot05_room_0,42856448,42897152,42856448,0
spot06_scene,42897408,43009072,42897408,0
spot06_room_0,43012096,43054624,43012096,0
spot07_scene,43057152,43096096,43057152,0
spot07_room_0,43098112,43123440,43098112,0
spot07_room_1,43126784,43178400,43126784,0
spot08_scene,43180032,43251360,43180032,0
spot08_room_0,43253760,43286880,43253760,0
spot09_scene,43290624,43360608,43290624,0
spot09_room_0,43364352,43399104,43364352,0
spot10_scene,43401216,43467824,43401216,0
spot10_room_0,43470848,43480560,43470848,0
spot10_room_1,43483136,43516976,43483136,0
spot10_room_2,43520000,43539440,43520000,0
spot10_room_3,43540480,43563696,43540480,0
spot10_room_4,43565056,43574480,43565056,0
spot10_room_5,43577344,43606000,43577344,0
spot10_room_6,43606016,43621104,43606016,0
spot10_room_7,43622400,43632064,43622400,0
spot10_room_8,43634688,43644528,43634688,0
spot10_room_9,43646976,43662304,43646976,0
spot11_scene,43663360,43767008,43663360,0
spot11_room_0,43769856,43820992,43769856,0
spot12_scene,43823104,43888256,43823104,0
spot12_room_0,43888640,43959744,43888640,0
spot12_room_1,43962368,44011680,43962368,0
spot13_scene,44015616,44039728,44015616,0
spot13_room_0,44040192,44042512,44040192,0
spot13_room_1,44044288,44120640,44044288,0
spot15_scene,44122112,44221696,44122112,0
spot15_room_0,44224512,44278208,44224512,0
spot16_scene,44281856,44407440,44281856,0
spot16_room_0,44408832,44453136,44408832,0
spot17_scene,44453888,44519136,44453888,0
spot17_room_0,44519424,44546176,44519424,0
spot17_room_1,44548096,44622688,44548096,0
spot18_scene,44625920,44667984,44625920,0
spot18_room_0,44670976,44746704,44670976,0
spot18_room_1,44748800,44773888,44748800,0
spot18_room_2,44777472,44849584,44777472,0
spot18_room_3,44851200,44973296,44851200,0
ydan_scene,33300480,33356320,33300480,0
ydan_room_0,33357824,33444688,33357824,0
ydan_room_1,33447936,33464832,33447936,0
ydan_room_2,33468416,33492784,33468416,0
ydan_room_3,33492992,33575344,33492992,0
ydan_room_4,33579008,33598512,33579008,0
ydan_room_5,33599488,33633168,33599488,0
ydan_room_6,33636352,33656576,33636352,0
ydan_room_7,33656832,33692320,33656832,0
ydan_room_8,33693696,33697168,33693696,0
ydan_room_9,33697792,33736864,33697792,0
ydan_room_10,33738752,33758720,33738752,0
ydan_room_11,33759232,33788272,33759232,0
ddan_scene,33792000,33878336,33792000,0
ddan_room_0,33882112,33994912,33882112,0
ddan_room_1,33996800,34036592,33996800,0
ddan_room_2,34037760,34070208,34037760,0
ddan_room_3,34070528,34127472,34070528,0
ddan_room_4,34127872,34167136,34127872,0
ddan_room_5,34168832,34193088,34168832,0
ddan_room_6,34193408,34202800,34193408,0
ddan_room_7,34205696,34236160,34205696,0
ddan_room_8,34238464,34276768,34238464,0
ddan_room_9,34279424,34325808,34279424,0
ddan_room_10,34328576,34361104,34328576,0
ddan_room_11,34361344,34369584,34361344,0
ddan_room_12,34373632,34408320,34373632,0
ddan_room_13,34410496,34419920,34410496,0
ddan_room_14,34422784,34432208,34422784,0
ddan_room_15,34435072,34445616,34435072,0
ddan_room_16,34447360,34469216,34447360,0
bdan_scene,34471936,34559968,34471936,0
bdan_room_0,34562048,34578752,34562048,0
bdan_room_1,34582528,34607040,34582528,0
bdan_room_2,34607104,34644544,34607104,0
bdan_room_3,34648064,34677344,34648064,0
bdan_room_4,34680832,34697472,34680832,0
bdan_room_5,34701312,34726032,34701312,0
bdan_room_6,34729984,34746944,34729984,0
bdan_room_7,34750464,34763984,34750464,0
bdan_room_8,34766848,34781248,34766848,0
bdan_room_9,34783232,34798640,34783232,0
bdan_room_10,34799616,34813984,34799616,0
bdan_room_11,34816000,34830832,34816000,0
bdan_room_12,34832384,34847968,34832384,0
bdan_room_13,34848768,34859904,34848768,0
bdan_room_14,34861056,34886096,34861056,0
bdan_room_15,34889728,34899680,34889728,0
Bmori1_scene,34902016,34992016,34902016,0
Bmori1_room_0,34992128,35048336,34992128,0
Bmori1_room_1,35049472,35072880,35049472,0
Bmori1_room_2,35074048,35137920,35074048,0
Bmori1_room_3,35139584,35154400,35139584,0
Bmori1_room_4,35155968,35168960,35155968,0
Bmori1_room_5,35172352,35186128,35172352,0
Bmori1_room_6,35188736,35226672,35188736,0
Bmori1_room_7,35229696,35307488,35229696,0
Bmori1_room_8,35307520,35404464,35307520,0
Bmori1_room_9,35405824,35447136,35405824,0
Bmori1_room_10,35450880,35472352,35450880,0
Bmori1_room_11,35475456,35519456,35475456,0
Bmori1_room_12,35520512,35554272,35520512,0
Bmori1_room_13,35557376,35592880,35557376,0
Bmori1_room_14,35594240,35617648,35594240,0
Bmori1_room_15,35618816,35628768,35618816,0
Bmori1_room_16,35631104,35651488,35631104,0
Bmori1_room_17,35651584,35688688,35651584,0
Bmori1_room_18,35692544,35697456,35692544,0
Bmori1_room_19,35700736,35702016,35700736,0
Bmori1_room_20,35704832,35709696,35704832,0
Bmori1_room_21,35713024,35719024,35713024,0
Bmori1_room_22,35721216,35728864,35721216,0
HIDAN_scene,35729408,35837904,35729408,0
HIDAN_room_0,35840000,35869424,35840000,0
HIDAN_room_1,35872768,35924272,35872768,0
HIDAN_room_2,35926016,35991600,35926016,0
HIDAN_room_3,35995648,36005072,35995648,0
HIDAN_room_4,36007936,36038896,36007936,0
HIDAN_room_5,36040704,36082400,36040704,0
HIDAN_room_6,36085760,36114320,36085760,0
HIDAN_room_7,36114432,36129360,36114432,0
HIDAN_room_8,36130816,36170464,36130816,0
HIDAN_room_9,36171776,36206448,36171776,0
HIDAN_room_10,36208640,36308000,36208640,0
HIDAN_room_11,36311040,36325344,36311040,0
HIDAN_room_12,36327424,36338544,36327424,0
HIDAN_room_13,36339712,36391824,36339712,0
HIDAN_room_14,36392960,36401664,36392960,0
HIDAN_room_15,36405248,36409744,36405248,0
HIDAN_room_16,36413440,36461024,36413440,0
HIDAN_room_17,36462592,36499824,36462592,0
HIDAN_room_18,36503552,36518912,36503552,0
HIDAN_room_19,36519936,36536880,36519936,0
HIDAN_room_20,36540416,36568336,36540416,0
HIDAN_room_21,36569088,36603008,36569088,0
HIDAN_room_22,36605952,36633328,36605952,0
HIDAN_room_23,36634624,36662560,36634624,0
HIDAN_room_24,36663296,36685120,36663296,0
HIDAN_room_25,36687872,36715232,36687872,0
HIDAN_room_26,36716544,36743328,36716544,0
MIZUsin_scene,36745216,36834352,36745216,0
MIZUsin_room_0,36835328,36924464,36835328,0
MIZUsin_room_1,36925440,36966864,36925440,0
MIZUsin_room_2,36970496,36994192,36970496,0
MIZUsin_room_3,36995072,37021632,36995072,0
MIZUsin_room_4,37023744,37048352,37023744,0
MIZUsin_room_5,37052416,37094976,37052416,0
MIZUsin_room_6,37097472,37143296,37097472,0
MIZUsin_room_7,37146624,37168480,37146624,0
MIZUsin_room_8,37171200,37227904,37171200,0
MIZUsin_room_9,37228544,37261488,37228544,0
MIZUsin_room_10,37265408,37290096,37265408,0
MIZUsin_room_11,37294080,37313056,37294080,0
MIZUsin_room_12,37314560,37342768,37314560,0
MIZUsin_room_13,37343232,37345792,37343232,0
MIZUsin_room_14,37347328,37375616,37347328,0
MIZUsin_room_15,37376000,37405808,37376000,0
MIZUsin_room_16,37408768,37423920,37408768,0
MIZUsin_room_17,37425152,37460656,37425152,0
MIZUsin_room_18,37462016,37478656,37462016,0
MIZUsin_room_19,37482496,37497136,37482496,0
MIZUsin_room_20,37498880,37525568,37498880,0
MIZUsin_room_21,37527552,37557408,37527552,0
MIZUsin_room_22,37560320,37597424,37560320,0
jyasinzou_scene,37601280,37706528,37601280,0
jyasinzou_room_0,37707776,37777392,37707776,0
jyasinzou_room_1,37777408,37815120,37777408,0
jyasinzou_room_2,37818368,37841840,37818368,0
jyasinzou_room_3,37842944,37858256,37842944,0
jyasinzou_room_4,37859328,37888640,37859328,0
jyasinzou_room_5,37892096,37990416,37892096,0
jyasinzou_room_6,37994496,38012912,37994496,0
jyasinzou_room_7,38014976,38036752,38014976,0
jyasinzou_room_8,38039552,38072496,38039552,0
jyasinzou_room_9,38076416,38100432,38076416,0
jyasinzou_room_10,38100992,38134176,38100992,0
jyasinzou_room_11,38137856,38141968,38137856,0
jyasinzou_room_12,38146048,38154464,38146048,0
jyasinzou_room_13,38158336,38181040,38158336,0
jyasinzou_room_14,38182912,38202528,38182912,0
jyasinzou_room_15,38203392,38237344,38203392,0
jyasinzou_room_16,38240256,38265280,38240256,0
jyasinzou_room_17,38268928,38307408,38268928,0
jyasinzou_room_18,38309888,38333664,38309888,0
jyasinzou_room_19,38334464,38358480,38334464,0
jyasinzou_room_20,38359040,38392256,38359040,0
jyasinzou_room_21,38395904,38413920,38395904,0
jyasinzou_room_22,38416384,38428784,38416384,0
jyasinzou_room_23,38432768,38470160,38432768,0
jyasinzou_room_24,38473728,38499536,38473728,0
jyasinzou_room_25,38502400,38591392,38502400,0
jyasinzou_room_26,38592512,38644480,38592512,0
jyasinzou_room_27,38645760,38668048,38645760,0
jyasinzou_room_28,38670336,38705712,38670336,0
HAKAdan_scene,38707200,38806464,38707200,0
HAKAdan_room_0,38809600,38854992,38809600,0
HAKAdan_room_1,38858752,38865648,38858752,0
HAKAdan_room_2,38866944,38910432,38866944,0
HAKAdan_room_3,38912000,38922624,38912000,0
HAKAdan_room_4,38924288,38931552,38924288,0
HAKAdan_room_5,38932480,38955712,38932480,0
HAKAdan_room_6,38957056,38987248,38957056,0
HAKAdan_room_7,38989824,38996704,38989824,0
HAKAdan_room_8,38998016,39018656,38998016,0
HAKAdan_room_9,39022592,39074960,39022592,0
HAKAdan_room_10,39075840,39106544,39075840,0
HAKAdan_room_11,39108608,39124576,39108608,0
HAKAdan_room_12,39124992,39147344,39124992,0
HAKAdan_room_13,39149568,39153696,39149568,0
HAKAdan_room_14,39157760,39180544,39157760,0
HAKAdan_room_15,39182336,39211712,39182336,0
HAKAdan_room_16,39215104,39225648,39215104,0
HAKAdan_room_17,39227392,39239136,39227392,0
HAKAdan_room_18,39239680,39293712,39239680,0
HAKAdan_room_19,39297024,39308672,39297024,0
HAKAdan_room_20,39309312,39317056,39309312,0
HAKAdan_room_21,39317504,39364016,39317504,0
HAKAdan_room_22,39366656,39377328,39366656,0
HAKAdanCH_scene,39378944,39429520,39378944,0
HAKAdanCH_room_0,39432192,39520032,39432192,0
HAKAdanCH_room_1,39522304,39567664,39522304,0
HAKAdanCH_room_2,39571456,39584096,39571456,0
HAKAdanCH_room_3,39587840,39595200,39587840,0
HAKAdanCH_room_4,39596032,39605408,39596032,0
HAKAdanCH_room_5,39608320,39618960,39608320,0
HAKAdanCH_room_6,39620608,39632544,39620608,0
ice_doukutu_scene,39632896,39704256,39632896,0
ice_doukutu_room_0,39706624,39741056,39706624,0
ice_doukutu_room_1,39743488,39793968,39743488,0
ice_doukutu_room_2,39796736,39820032,39796736,0
ice_doukutu_room_3,39821312,39854224,39821312,0
ice_doukutu_room_4,39858176,39888464,39858176,0
ice_doukutu_room_5,39890944,39925888,39890944,0
ice_doukutu_room_6,39927808,39944624,39927808,0
ice_doukutu_room_7,39948288,39971056,39948288,0
ice_doukutu_room_8,39972864,39979296,39972864,0
ice_doukutu_room_9,39981056,40015504,39981056,0
ice_doukutu_room_10,40017920,40035296,40017920,0
ice_doukutu_room_11,40038400,40061008,40038400,0
men_scene,40062976,40133824,40062976,0
men_room_0,40136704,40202128,40136704,0
men_room_1,40202240,40239728,40202240,0
men_room_2,40243200,40263760,40243200,0
men_room_3,40267776,40299600,40267776,0
men_room_4,40300544,40341984,40300544,0
men_room_5,40345600,40366112,40345600,0
men_room_6,40370176,40402816,40370176,0
men_room_7,40402944,40436416,40402944,0
men_room_8,40439808,40473136,40439808,0
men_room_9,40476672,40491120,40476672,0
men_room_10,40493056,40516688,40493056,0
ganontika_scene,40517632,40654800,40517632,0
ganontika_room_0,40656896,40694288,40656896,0
ganontika_room_1,40697856,40815056,40697856,0
ganontika_room_2,40816640,40847328,40816640,0
ganontika_room_3,40849408,40888896,40849408,0
ganontika_room_4,40890368,40922256,40890368,0
ganontika_room_5,40923136,40953120,40923136,0
ganontika_room_6,40955904,41020512,40955904,0
ganontika_room_7,41021440,41053328,41021440,0
ganontika_room_8,41054208,41091104,41054208,0
ganontika_room_9,41095168,41142304,41095168,0
ganontika_room_10,41144320,41171904,41144320,0
ganontika_room_11,41172992,41199952,41172992,0
ganontika_room_12,41201664,41247344,41201664,0
ganontika_room_13,41250816,41282880,41250816,0
ganontika_room_14,41283584,41325008,41283584,0
ganontika_room_15,41328640,41360704,41328640,0
ganontika_room_16,41361408,41373232,41361408,0
ganontika_room_17,41373696,41408032,41373696,0
ganontika_room_18,41410560,41461472,41410560,0
ganontika_room_19,41463808,41495872,41463808,0
market_day_scene,44974080,44983920,44974080,0
market_day_room_0,44986368,45009008,44986368,0
market_night_scene,45010944,45020720,45010944,0
market_night_room_0,45023232,45045664,45023232,0
testroom_scene,45047808,45064704,45047808,0
testroom_room_0,45068288,45086208,45068288,0
testroom_room_1,45088768,45097968,45088768,0
testroom_room_2,45101056,45113984,45101056,0
testroom_room_3,45117440,45132320,45117440,0
testroom_room_4,45133824,45134592,45133824,0
kenjyanoma_scene,45137920,45152496,45137920,0
kenjyanoma_room_0,45154304,45232400,45154304,0
tokinoma_scene,45236224,45311904,45236224,0
tokinoma_room_0,45314048,45408736,45314048,0
tokinoma_room_1,45412352,45441232,45412352,0
sutaru_scene,45445120,45448112,45445120,0
sutaru_room_0,45449216,45478640,45449216,0
link_home_scene,45481984,45488992,45481984,0
link_home_room_0,45490176,45653120,45490176,0
kokiri_shop_scene,45654016,45656448,45654016,0
kokiri_shop_room_0,45658112,45857936,45658112,0
kokiri_home_scene,45858816,45862080,45858816,0
kokiri_home_room_0,45862912,46042160,45862912,0
kakusiana_scene,46043136,46098464,46043136,0
kakusiana_room_0,46100480,46129824,46100480,0
kakusiana_room_1,46133248,46154128,46133248,0
kakusiana_room_2,46157824,46168256,46157824,0
kakusiana_room_3,46170112,46190896,46170112,0
kakusiana_room_4,46194688,46225760,46194688,0
kakusiana_room_5,46227456,46245600,46227456,0
kakusiana_room_6,46247936,46271088,46247936,0
kakusiana_room_7,46272512,46288848,46272512,0
kakusiana_room_8,46288896,46302768,46288896,0
kakusiana_room_9,46305280,46328528,46305280,0
kakusiana_room_10,46329856,46352944,46329856,0
kakusiana_room_11,46354432,46388912,46354432,0
kakusiana_room_12,46391296,46423632,46391296,0
kakusiana_room_13,46424064,46452432,46424064,0
entra_scene,46452736,46453728,46452736,0
entra_room_0,46456832,46611312,46456832,0
moribossroom_scene,46612480,46618880,46612480,0
moribossroom_room_0,46620672,46644928,46620672,0
moribossroom_room_1,46645248,46701232,46645248,0
syatekijyou_scene,46702592,46752448,46702592,0
syatekijyou_room_0,46755840,46786288,46755840,0
shop1_scene,46788608,46789360,46788608,0
shop1_room_0,46792704,46962608,46792704,0
hairal_niwa_scene,46964736,47035280,46964736,0
hairal_niwa_room_0,47038464,47081696,47038464,0
ganon_tou_scene,47083520,47102832,47083520,0
ganon_tou_room_0,47104000,47184624,47104000,0
sasatest_scene,47185920,47196960,47185920,0
sasatest_room_0,47198208,47212112,47198208,0
market_alley_scene,47214592,47219280,47214592,0
market_alley_room_0,47222784,47703808,47222784,0
spot20_scene,47706112,47779360,47706112,0
spot20_room_0,47779840,47806160,47779840,0
market_ruins_scene,47808512,47814192,47808512,0
market_ruins_room_0,47816704,47826976,47816704,0
entra_n_scene,47828992,47830064,47828992,0
entra_n_room_0,47833088,47987568,47833088,0
enrui_scene,47988736,47989728,47988736,0
enrui_room_0,47992832,48147296,47992832,0
market_alley_n_scene,48148480,48153328,48148480,0
market_alley_n_room_0,48156672,48637680,48156672,0
hiral_demo_scene,48640000,48655696,48640000,0
hiral_demo_room_0,48656384,48657984,48656384,0
kokiri_home3_scene,48660480,48666528,48660480,0
kokiri_home3_room_0,48668672,48891408,48668672,0
malon_stable_scene,48893952,48895600,48893952,0
malon_stable_room_0,48898048,49087056,48898048,0
kakariko_scene,49090560,49094304,49090560,0
kakariko_room_0,49094656,49270720,49094656,0
bdan_boss_scene,49270784,49274432,49270784,0
bdan_boss_room_0,49274880,49287200,49274880,0
bdan_boss_room_1,49291264,49311936,49291264,0
FIRE_bs_scene,49315840,49335296,49315840,0
FIRE_bs_room_0,49336320,49353328,49336320,0
FIRE_bs_room_1,49356800,49385440,49356800,0
hut_scene,49385472,49386768,49385472,0
hut_room_0,49389568,49558944,49389568,0
daiyousei_izumi_scene,49561600,49618944,49561600,0
daiyousei_izumi_room_0,49618944,49633552,49618944,0
hakaana_scene,49635328,49638032,49635328,0
hakaana_room_0,49639424,49670352,49639424,0
yousei_izumi_tate_scene,49672192,49707024,49672192,0
yousei_izumi_tate_room_0,49709056,49726160,49709056,0
yousei_izumi_yoko_scene,49729536,49782176,49729536,0
yousei_izumi_yoko_room_0,49782784,49799184,49782784,0
golon_scene,49803264,49804192,49803264,0
golon_room_0,49807360,49963472,49807360,0
zoora_scene,49967104,49968016,49967104,0
zoora_room_0,49971200,50127328,49971200,0
drag_scene,50130944,50131952,50130944,0
drag_room_0,50135040,50314848,50135040,0
alley_shop_scene,50315264,50316720,50315264,0
alley_shop_room_0,50319360,50478128,50319360,0
night_shop_scene,50479104,50480752,50479104,0
night_shop_room_0,50483200,50649440,50483200,0
impa_scene,50651136,50654480,50651136,0
impa_room_0,50655232,50814880,50655232,0
labo_scene,50814976,50818800,50814976,0
labo_room_0,50819072,51001072,50819072,0
tent_scene,51003392,51005056,51003392,0
tent_room_0,51007488,51218080,51007488,0
nakaniwa_scene,51220480,51235360,51220480,0
nakaniwa_room_0,51236864,51334848,51236864,0
ddan_boss_scene,51335168,51345504,51335168,0
ddan_boss_room_0,51347456,51367472,51347456,0
ddan_boss_room_1,51367936,51383776,51367936,0
ydan_boss_scene,51384320,51390272,51384320,0
ydan_boss_room_0,51392512,51421168,51392512,0
ydan_boss_room_1,51421184,51447792,51421184,0
HAKAdan_bs_scene,51449856,51459968,51449856,0
HAKAdan_bs_room_0,51462144,51472864,51462144,0
HAKAdan_bs_room_1,51474432,51498832,51474432,0
MIZUsin_bs_scene,51499008,51505760,51499008,0
MIZUsin_bs_room_0,51507200,51524720,51507200,0
MIZUsin_bs_room_1,51527680,51573488,51527680,0
ganon_scene,51576832,51644336,51576832,0
ganon_room_0,51646464,51678928,51646464,0
ganon_room_1,51679232,51709808,51679232,0
ganon_room_2,51712000,51742800,51712000,0
ganon_room_3,51744768,51775280,51744768,0
ganon_room_4,51777536,51814608,51777536,0
ganon_room_5,51818496,51854096,51818496,0
ganon_room_6,51855360,51895200,51855360,0
ganon_room_7,51896320,51939232,51896320,0
ganon_room_8,51941376,51968992,51941376,0
ganon_room_9,51970048,51992864,51970048,0
ganon_boss_scene,51994624,52026400,51994624,0
ganon_boss_room_0,52027392,52051584,52027392,0
jyasinboss_scene,52051968,52088048,52051968,0
jyasinboss_room_0,52088832,52092880,52088832,0
jyasinboss_room_1,52092928,52125248,52092928,0
jyasinboss_room_2,52125696,52141504,52125696,0
jyasinboss_room_3,52142080,52188928,52142080,0
kokiri_home4_scene,52191232,52198064,52191232,0
kokiri_home4_room_0,52199424,52431184,52199424,0
kokiri_home5_scene,52432896,52438032,52432896,0
kokiri_home5_room_0,52441088,52641632,52441088,0
ganon_final_scene,52641792,52715904,52641792,0
ganon_final_room_0,52719616,52772528,52719616,0
kakariko3_scene,52772864,52774976,52772864,0
kakariko3_room_0,52776960,52950400,52776960,0
hairal_niwa2_scene,52953088,52964624,52953088,0
hairal_niwa2_room_0,52965376,53062656,52965376,0
hakasitarelay_scene,53063680,53121648,53063680,0
hakasitarelay_room_0,53125120,53154496,53125120,0
hakasitarelay_room_1,53157888,53184288,53157888,0
hakasitarelay_room_2,53186560,53220528,53186560,0
hakasitarelay_room_3,53223424,53259488,53223424,0
hakasitarelay_room_4,53260288,53277824,53260288,0
hakasitarelay_room_5,53280768,53298256,53280768,0
hakasitarelay_room_6,53301248,53332656,53301248,0
shrine_scene,53334016,53339360,53334016,0
shrine_room_0,53342208,53680880,53342208,0
turibori_scene,53682176,53757664,53682176,0
turibori_room_0,53760000,53786464,53760000,0
shrine_n_scene,53788672,53794048,53788672,0
shrine_n_room_0,53796864,54135568,53796864,0
shrine_r_scene,54136832,54142096,54136832,0
shrine_r_room_0,54145024,54483696,54145024,0
hakaana2_scene,54484992,54538384,54484992,0
hakaana2_room_0,54542336,54568976,54542336,0
gerudoway_scene,54571008,54626592,54571008,0
gerudoway_room_0,54628352,54648128,54628352,0
gerudoway_room_1,54648832,54678192,54648832,0
gerudoway_room_2,54681600,54697552,54681600,0
gerudoway_room_3,54697984,54743824,54697984,0
gerudoway_room_4,54747136,54761760,54747136,0
gerudoway_room_5,54763520,54783552,54763520,0
hairal_niwa_n_scene,54784000,54821104,54784000,0
hairal_niwa_n_room_0,54824960,54838816,54824960,0
bowling_scene,54841344,54901536,54841344,0
bowling_room_0,54902784,54927840,54902784,0
hakaana_ouke_scene,54931456,54950624,54931456,0
hakaana_ouke_room_0,54951936,54994944,54951936,0
hakaana_ouke_room_1,54996992,55015424,54996992,0
hakaana_ouke_room_2,55017472,55042320,55017472,0
hylia_labo_scene,55046144,55115920,55046144,0
hylia_labo_room_0,55119872,55150032,55119872,0
souko_scene,55152640,55180304,55152640,0
souko_room_0,55181312,55219520,55181312,0
souko_room_1,55222272,55264304,55222272,0
souko_room_2,55267328,55300480,55267328,0
miharigoya_scene,55304192,55354704,55304192,0
miharigoya_room_0,55357440,55373232,55357440,0
mahouya_scene,55373824,55417376,55373824,0
mahouya_room_0,55418880,55446160,55418880,0
takaraya_scene,55447552,55476656,55447552,0
takaraya_room_0,55480320,55520704,55480320,0
takaraya_room_1,55521280,55529472,55521280,0
takaraya_room_2,55529472,55537712,55529472,0
takaraya_room_3,55541760,55552032,55541760,0
takaraya_room_4,55554048,55566368,55554048,0
takaraya_room_5,55570432,55582720,55570432,0
takaraya_room_6,55582720,55593728,55582720,0
ganon_sonogo_scene,55595008,55627536,55595008,0
ganon_sonogo_room_0,55627776,55660160,55627776,0
ganon_sonogo_room_1,55660544,55692208,55660544,0
ganon_sonogo_room_2,55693312,55729312,55693312,0
ganon_sonogo_room_3,55730176,55752256,55730176,0
ganon_sonogo_room_4,55754752,55790832,55754752,0
ganon_demo_scene,55791616,55828592,55791616,0
ganon_demo_room_0,55832576,55849296,55832576,0
besitu_scene,55853056,55854256,55853056,0
besitu_room_0,55857152,55878880,55857152,0
face_shop_scene,55881728,55882608,55881728,0
face_shop_room_0,55885824,56075840,55885824,0
kinsuta_scene,56078336,56083984,56078336,0
kinsuta_room_0,56086528,56144032,56086528,0
ganontikasonogo_scene,56147968,56167168,56147968,0
ganontikasonogo_room_0,56168448,56265600,56168448,0
ganontikasonogo_room_1,56266752,56307488,56266752,0
test01_scene,56307712,56323616,56307712,0
test01_room_0,56324096,56363248,56324096,0
bump_texture_static,56365056,56366080,56365056,0
anime_model_1_static,56369152,56369168,56369152,0
anime_model_2_static,56373248,56373264,56373248,0
anime_model_3_static,56377344,56377360,56377344,0
anime_model_4_static,56381440,56381456,56381440,0
anime_model_5_static,56385536,56385552,56385536,0
anime_model_6_static,56389632,56389648,56389632,0
anime_texture_1_static,56393728,56393744,56393728,0
anime_texture_2_static,56397824,56397840,56397824,0
anime_texture_3_static,56401920,56401936,56401920,0
anime_texture_4_static,56406016,56406032,56406016,0
anime_texture_5_static,56410112,56410128,56410112,0
anime_texture_6_static,56414208,56414224,56414208,0
softsprite_matrix_static,56418304,56418368,56418304,0
